1756998162.604,latency_s,0.033503
1756998162.691,latency_s,0.019200
1756998162.738,latency_s,0.033269
1756998162.791,latency_s,0.018933
1756998162.827,latency_s,0.021577
1756998162.891,latency_s,0.018181
1756998162.910,latency_s,0.032760
1756998162.926,latency_s,0.019950
1756998162.994,latency_s,0.020226
1756998163.025,latency_s,0.018846
1756998163.073,latency_s,0.034799
1756998163.126,latency_s,0.019653
1756998163.144,latency_s,0.165678
1756998163.144,latency_s,0.065607
1756998163.157,latency_s,0.018825
1756998163.198,latency_s,0.019364
1756998163.215,latency_s,0.140138
1756998163.215,latency_s,0.040022
1756998163.226,latency_s,0.034069
1756998163.227,latency_s,0.019831
1756998163.258,latency_s,0.018716
1756998163.295,latency_s,0.019645
1756998163.300,latency_s,0.018342
1756998163.312,latency_s,0.019030
1756998163.326,latency_s,0.018347
1756998163.358,latency_s,0.018668
1756998163.396,latency_s,0.020346
1756998163.396,latency_s,0.032478
1756998163.400,latency_s,0.018430
1756998163.412,latency_s,0.018422
1756998163.430,latency_s,0.020077
1756998163.459,latency_s,0.019341
1756998163.483,latency_s,0.018629
1756998163.498,latency_s,0.019464
1756998163.500,latency_s,0.017905
1756998163.513,latency_s,0.018569
1756998163.529,latency_s,0.019093
1756998163.555,latency_s,0.032146
1756998163.559,latency_s,0.018895
1756998163.583,latency_s,0.018534
1756998163.598,latency_s,0.018575
1756998163.601,latency_s,0.018539
1756998163.614,latency_s,0.018590
1756998163.629,latency_s,0.018621
1756998163.645,latency_s,0.020790
1756998163.658,latency_s,0.017339
1756998163.683,latency_s,0.017976
1756998163.699,latency_s,0.018524
1756998163.701,latency_s,0.018088
1756998163.715,latency_s,0.019407
1756998163.715,latency_s,0.031476
1756998163.732,latency_s,0.018384
1756998163.744,latency_s,0.019360
1756998163.759,latency_s,0.018507
1756998163.785,latency_s,0.019263
1756998163.803,latency_s,0.019885
1756998163.803,latency_s,0.019495
1756998163.816,latency_s,0.019785
1756998163.834,latency_s,0.020442
1756998163.845,latency_s,0.019079
1756998163.860,latency_s,0.018773
1756998163.885,latency_s,0.018607
1756998163.885,latency_s,0.030701
1756998163.902,latency_s,0.018629
1756998163.902,latency_s,0.018321
1756998163.915,latency_s,0.018502
1756998163.933,latency_s,0.018504
1756998163.936,latency_s,0.155554
1756998163.937,latency_s,0.055604
1756998163.945,latency_s,0.018229
1756998163.962,latency_s,0.019089
1756998163.974,latency_s,0.019592
1756998163.986,latency_s,0.018609
1756998164.000,latency_s,0.018990
1756998164.004,latency_s,0.019215
1756998164.004,latency_s,0.019335
1756998164.018,latency_s,0.020794
1756998164.033,latency_s,0.018705
1756998164.045,latency_s,0.017882
1756998164.049,latency_s,0.032504
1756998164.064,latency_s,0.020841
1756998164.074,latency_s,0.018808
1756998164.087,latency_s,0.018580
1756998164.102,latency_s,0.019608
1756998164.104,latency_s,0.018328
1756998164.104,latency_s,0.017978
1756998164.117,latency_s,0.018937
1756998164.136,latency_s,0.020983
1756998164.136,latency_s,0.018696
1756998164.149,latency_s,0.021315
1756998164.165,latency_s,0.020455
1756998164.173,latency_s,0.017632
1756998164.188,latency_s,0.018558
1756998164.201,latency_s,0.032670
1756998164.212,latency_s,0.020895
1756998164.212,latency_s,0.020822
1756998164.217,latency_s,0.019092
1756998164.234,latency_s,0.019160
1756998164.236,latency_s,0.017902
1756998164.247,latency_s,0.018900
1756998164.265,latency_s,0.020496
1756998164.274,latency_s,0.018465
1756998164.289,latency_s,0.019112
1756998164.289,latency_s,0.019209
1756998164.312,latency_s,0.020440
1756998164.312,latency_s,0.020484
1756998164.320,latency_s,0.020317
1756998164.335,latency_s,0.019478
1756998164.336,latency_s,0.018224
1756998164.344,latency_s,0.160974
1756998164.345,latency_s,0.061010
1756998164.347,latency_s,0.017371
1756998164.364,latency_s,0.018286
1756998164.376,latency_s,0.018921
1756998164.390,latency_s,0.019819
1756998164.390,latency_s,0.019301
1756998164.405,latency_s,0.019832
1756998164.410,latency_s,0.018632
1756998164.410,latency_s,0.018745
1756998164.418,latency_s,0.018186
1756998164.434,latency_s,0.017990
1756998164.438,latency_s,0.018929
1756998164.450,latency_s,0.020324
1756998164.477,latency_s,0.018763
1756998164.490,latency_s,0.018836
1756998164.490,latency_s,0.019237
1756998164.503,latency_s,0.018199
1756998164.513,latency_s,0.020620
1756998164.513,latency_s,0.020753
1756998164.517,latency_s,0.032784
1756998164.519,latency_s,0.018367
1756998164.538,latency_s,0.019366
1756998164.538,latency_s,0.018438
1756998164.549,latency_s,0.019177
1756998164.582,latency_s,0.022866
1756998164.582,latency_s,0.134126
1756998164.582,latency_s,0.033252
1756998164.590,latency_s,0.018475
1756998164.590,latency_s,0.018558
1756998164.605,latency_s,0.020099
1756998164.605,latency_s,0.019564
1756998164.612,latency_s,0.019628
1756998164.612,latency_s,0.019863
1756998164.619,latency_s,0.018807
1756998164.638,latency_s,0.018746
1756998164.638,latency_s,0.017903
1756998164.649,latency_s,0.018319
1756998164.681,latency_s,0.019053
1756998164.683,latency_s,0.018367
1756998164.691,latency_s,0.018416
1756998164.691,latency_s,0.018287
1756998164.705,latency_s,0.019314
1756998164.705,latency_s,0.018846
1756998164.712,latency_s,0.019098
1756998164.712,latency_s,0.019447
1756998164.712,latency_s,0.031591
1756998164.719,latency_s,0.017878
1756998164.739,latency_s,0.019642
1756998164.739,latency_s,0.018988
1756998164.750,latency_s,0.019191
1756998164.782,latency_s,0.018931
1756998164.783,latency_s,0.017736
1756998164.792,latency_s,0.019189
1756998164.793,latency_s,0.019517
1756998164.801,latency_s,0.018988
1756998164.803,latency_s,0.017351
1756998164.806,latency_s,0.018950
1756998164.812,latency_s,0.018745
1756998164.812,latency_s,0.018934
1756998164.821,latency_s,0.019539
1756998164.839,latency_s,0.018625
1756998164.839,latency_s,0.018679
1756998164.851,latency_s,0.019753
1756998164.883,latency_s,0.019882
1756998164.884,latency_s,0.018334
1756998164.893,latency_s,0.019759
1756998164.893,latency_s,0.019590
1756998164.901,latency_s,0.019748
1756998164.902,latency_s,0.031602
1756998164.905,latency_s,0.019121
1756998164.906,latency_s,0.018252
1756998164.912,latency_s,0.018563
1756998164.912,latency_s,0.019117
1756998164.920,latency_s,0.018320
1756998164.939,latency_s,0.018740
1756998164.939,latency_s,0.018899
1756998164.951,latency_s,0.018703
1756998164.982,latency_s,0.018356
1756998164.983,latency_s,0.017602
1756998164.989,latency_s,0.018504
1756998164.992,latency_s,0.017845
1756998164.994,latency_s,0.019083
1756998165.001,latency_s,0.018938
1756998165.006,latency_s,0.020310
1756998165.007,latency_s,0.018909
1756998165.014,latency_s,0.019224
1756998165.017,latency_s,0.021110
1756998165.021,latency_s,0.018570
1756998165.040,latency_s,0.019170
1756998165.040,latency_s,0.019189
1756998165.052,latency_s,0.019324
1756998165.055,latency_s,0.032561
1756998165.083,latency_s,0.019105
1756998165.084,latency_s,0.017755
1756998165.090,latency_s,0.018852
1756998165.092,latency_s,0.017618
1756998165.093,latency_s,0.017544
1756998165.101,latency_s,0.017652
1756998165.104,latency_s,0.018124
1756998165.106,latency_s,0.018413
1756998165.113,latency_s,0.017919
1756998165.114,latency_s,0.017271
1756998165.123,latency_s,0.020722
1756998165.140,latency_s,0.018804
1756998165.140,latency_s,0.018553
1756998165.143,latency_s,0.019849
1756998165.152,latency_s,0.019226
1756998165.185,latency_s,0.020671
1756998165.185,latency_s,0.018616
1756998165.189,latency_s,0.017984
1756998165.193,latency_s,0.018239
1756998165.194,latency_s,0.017998
1756998165.202,latency_s,0.018335
1756998165.227,latency_s,0.040679
1756998165.228,latency_s,0.038748
1756998165.228,latency_s,0.031951
1756998165.228,latency_s,0.031018
1756998165.228,latency_s,0.024843
1756998165.228,latency_s,0.038196
1756998165.241,latency_s,0.019026
1756998165.241,latency_s,0.017971
1756998165.243,latency_s,0.019255
1756998165.251,latency_s,0.018000
1756998165.285,latency_s,0.019923
1756998165.285,latency_s,0.017930
1756998165.290,latency_s,0.018355
1756998165.293,latency_s,0.018389
1756998165.295,latency_s,0.018457
1756998165.306,latency_s,0.019031
1756998165.308,latency_s,0.018330
1756998165.309,latency_s,0.019137
1756998165.317,latency_s,0.020082
1756998165.317,latency_s,0.019670
1756998165.322,latency_s,0.018398
1756998165.342,latency_s,0.019289
1756998165.342,latency_s,0.019074
1756998165.342,latency_s,0.018420
1756998165.351,latency_s,0.017943
1756998165.407,latency_s,0.041806
1756998165.407,latency_s,0.039355
1756998165.407,latency_s,0.034749
1756998165.407,latency_s,0.046555
1756998165.407,latency_s,0.032053
1756998165.407,latency_s,0.030900
1756998165.408,latency_s,0.020451
1756998165.408,latency_s,0.018211
1756998165.412,latency_s,0.021746
1756998165.422,latency_s,0.024831
1756998165.422,latency_s,0.024706
1756998165.422,latency_s,0.138066
1756998165.422,latency_s,0.037496
1756998165.422,latency_s,0.018966
1756998165.430,latency_s,0.032088
1756998165.442,latency_s,0.018700
1756998165.442,latency_s,0.018253
1756998165.444,latency_s,0.020031
1756998165.452,latency_s,0.018711
1756998165.480,latency_s,0.019076
1756998165.485,latency_s,0.018876
1756998165.487,latency_s,0.019313
1756998165.490,latency_s,0.017241
1756998165.494,latency_s,0.018411
1756998165.496,latency_s,0.018457
1756998165.503,latency_s,0.018358
1756998165.508,latency_s,0.020326
1756998165.508,latency_s,0.018303
1756998165.509,latency_s,0.018588
1756998165.515,latency_s,0.018478
1756998165.516,latency_s,0.017818
1756998165.518,latency_s,0.018666
1756998165.526,latency_s,0.022245
1756998165.543,latency_s,0.019127
1756998165.543,latency_s,0.018890
1756998165.543,latency_s,0.019493
1756998165.552,latency_s,0.018513
1756998165.560,latency_s,0.033464
1756998165.581,latency_s,0.018646
1756998165.584,latency_s,0.018172
1756998165.587,latency_s,0.018930
1756998165.591,latency_s,0.017812
1756998165.594,latency_s,0.018243
1756998165.596,latency_s,0.017598
1756998165.603,latency_s,0.018194
1756998165.607,latency_s,0.019093
1756998165.608,latency_s,0.018053
1756998165.609,latency_s,0.018474
1756998165.615,latency_s,0.017995
1756998165.616,latency_s,0.017544
1756998165.619,latency_s,0.018552
1756998165.622,latency_s,0.017939
1756998165.646,latency_s,0.021446
1756998165.646,latency_s,0.021178
1756998165.646,latency_s,0.021658
1756998165.646,latency_s,0.017759
1756998165.653,latency_s,0.018127
1756998165.681,latency_s,0.018005
1756998165.684,latency_s,0.017580
1756998165.687,latency_s,0.017784
1756998165.692,latency_s,0.018869
1756998165.694,latency_s,0.018147
1756998165.696,latency_s,0.017757
1756998165.704,latency_s,0.017929
1756998165.707,latency_s,0.018063
1756998165.707,latency_s,0.031967
1756998165.709,latency_s,0.018979
1756998165.709,latency_s,0.018075
1756998165.715,latency_s,0.017118
1756998165.717,latency_s,0.017642
1756998165.719,latency_s,0.017677
1756998165.723,latency_s,0.018719
1756998165.746,latency_s,0.021556
1756998165.746,latency_s,0.021444
1756998165.747,latency_s,0.021016
1756998165.747,latency_s,0.018018
1756998165.753,latency_s,0.018090
1756998165.781,latency_s,0.017901
1756998165.788,latency_s,0.019958
1756998165.789,latency_s,0.019370
1756998165.791,latency_s,0.017429
1756998165.794,latency_s,0.017779
1756998165.794,latency_s,0.017068
1756998165.796,latency_s,0.017802
1756998165.806,latency_s,0.019573
1756998165.808,latency_s,0.019205
1756998165.808,latency_s,0.017842
1756998165.810,latency_s,0.018348
1756998165.820,latency_s,0.021538
1756998165.820,latency_s,0.020669
1756998165.820,latency_s,0.019140
1756998165.825,latency_s,0.020589
1756998165.845,latency_s,0.019692
1756998165.845,latency_s,0.019599
1756998165.846,latency_s,0.020007
1756998165.848,latency_s,0.018177
1756998165.856,latency_s,0.019645
1756998165.883,latency_s,0.019660
1756998165.890,latency_s,0.021031
1756998165.890,latency_s,0.020458
1756998165.892,latency_s,0.018521
1756998165.894,latency_s,0.018441
1756998165.895,latency_s,0.017903
1756998165.897,latency_s,0.018245
1756998165.906,latency_s,0.019403
1756998165.906,latency_s,0.033563
1756998165.911,latency_s,0.020757
1756998165.911,latency_s,0.019733
1756998165.911,latency_s,0.019058
1756998165.918,latency_s,0.019242
1756998165.918,latency_s,0.018651
1756998165.921,latency_s,0.019648
1756998165.923,latency_s,0.018532
1756998165.944,latency_s,0.017681
1756998165.946,latency_s,0.019867
1756998165.946,latency_s,0.020191
1756998165.948,latency_s,0.018115
1756998165.954,latency_s,0.017621
1756998165.982,latency_s,0.018504
1756998165.990,latency_s,0.019861
1756998165.990,latency_s,0.019602
1756998165.990,latency_s,0.017543
1756998165.992,latency_s,0.017636
1756998165.995,latency_s,0.018479
1756998165.995,latency_s,0.018070
1756998165.997,latency_s,0.017524
1756998166.006,latency_s,0.019579
1756998166.011,latency_s,0.020506
1756998166.011,latency_s,0.019909
1756998166.011,latency_s,0.019160
1756998166.017,latency_s,0.018060
1756998166.018,latency_s,0.017941
1756998166.020,latency_s,0.017953
1756998166.023,latency_s,0.017997
1756998166.047,latency_s,0.021226
1756998166.048,latency_s,0.021101
1756998166.048,latency_s,0.019987
1756998166.048,latency_s,0.017861
1756998166.056,latency_s,0.019875
1756998166.082,latency_s,0.017987
1756998166.089,latency_s,0.019050
1756998166.089,latency_s,0.018645
1756998166.091,latency_s,0.017944
1756998166.094,latency_s,0.031013
1756998166.094,latency_s,0.018722
1756998166.095,latency_s,0.017552
1756998166.096,latency_s,0.017528
1756998166.098,latency_s,0.017878
1756998166.105,latency_s,0.017798
1756998166.109,latency_s,0.017946
1756998166.109,latency_s,0.017439
1756998166.111,latency_s,0.018828
1756998166.121,latency_s,0.022177
1756998166.121,latency_s,0.020871
1756998166.122,latency_s,0.019375
1756998166.123,latency_s,0.018271
1756998166.145,latency_s,0.018008
1756998166.145,latency_s,0.018180
1756998166.145,latency_s,0.017430
1756998166.148,latency_s,0.018233
1756998166.155,latency_s,0.018198
1756998166.183,latency_s,0.019776
1756998166.183,latency_s,0.018494
1756998166.189,latency_s,0.018212
1756998166.189,latency_s,0.018151
1756998166.192,latency_s,0.018162
1756998166.195,latency_s,0.018289
1756998166.196,latency_s,0.017666
1756998166.196,latency_s,0.017625
1756998166.199,latency_s,0.018348
1756998166.207,latency_s,0.019164
1756998166.209,latency_s,0.017179
1756998166.211,latency_s,0.019253
1756998166.212,latency_s,0.018818
1756998166.218,latency_s,0.017846
1756998166.219,latency_s,0.017564
1756998166.221,latency_s,0.018241
1756998166.223,latency_s,0.017827
1756998166.247,latency_s,0.018291
1756998166.247,latency_s,0.018329
1756998166.247,latency_s,0.018481
1756998166.250,latency_s,0.032486
1756998166.250,latency_s,0.018981
1756998166.256,latency_s,0.017592
1756998166.283,latency_s,0.018954
1756998166.283,latency_s,0.018072
1756998166.290,latency_s,0.018543
1756998166.290,latency_s,0.018426
1756998166.292,latency_s,0.017998
1756998166.297,latency_s,0.019202
1756998166.298,latency_s,0.017883
1756998166.298,latency_s,0.017687
1756998166.300,latency_s,0.018082
1756998166.307,latency_s,0.018311
1756998166.310,latency_s,0.018510
1756998166.313,latency_s,0.020614
1756998166.313,latency_s,0.020420
1756998166.318,latency_s,0.017437
1756998166.320,latency_s,0.017863
1756998166.323,latency_s,0.019277
1756998166.324,latency_s,0.017756
1756998166.348,latency_s,0.018791
1756998166.348,latency_s,0.018940
1756998166.351,latency_s,0.019098
1756998166.351,latency_s,0.019356
1756998166.357,latency_s,0.018194
1756998166.384,latency_s,0.019439
1756998166.384,latency_s,0.018528
1756998166.391,latency_s,0.017932
1756998166.391,latency_s,0.018007
1756998166.393,latency_s,0.018575
1756998166.396,latency_s,0.017858
1756998166.401,latency_s,0.021391
1756998166.401,latency_s,0.020996
1756998166.402,latency_s,0.019866
1756998166.411,latency_s,0.019611
1756998166.411,latency_s,0.018738
1756998166.411,latency_s,0.017340
1756998166.411,latency_s,0.017675
1756998166.421,latency_s,0.019678
1756998166.421,latency_s,0.018637
1756998166.422,latency_s,0.017611
1756998166.427,latency_s,0.020199
1756998166.450,latency_s,0.019987
1756998166.450,latency_s,0.019216
1756998166.450,latency_s,0.018397
1756998166.450,latency_s,0.018382
1756998166.457,latency_s,0.017627
1756998166.484,latency_s,0.018117
1756998166.484,latency_s,0.018194
1756998166.486,latency_s,0.168505
1756998166.486,latency_s,0.068542
1756998166.493,latency_s,0.019415
1756998166.493,latency_s,0.019328
1756998166.494,latency_s,0.019016
1756998166.496,latency_s,0.017356
1756998166.499,latency_s,0.018960
1756998166.499,latency_s,0.017814
1756998166.501,latency_s,0.018351
1756998166.512,latency_s,0.019444
1756998166.512,latency_s,0.018747
1756998166.513,latency_s,0.018703
1756998166.521,latency_s,0.018546
1756998166.522,latency_s,0.017678
1756998166.522,latency_s,0.017897
1756998166.526,latency_s,0.017802
1756998166.540,latency_s,0.019319
1756998166.548,latency_s,0.017856
1756998166.551,latency_s,0.019614
1756998166.551,latency_s,0.018932
1756998166.551,latency_s,0.019351
1756998166.560,latency_s,0.018986
1756998166.586,latency_s,0.018375
1756998166.586,latency_s,0.018507
1756998166.594,latency_s,0.019175
1756998166.594,latency_s,0.019313
1756998166.594,latency_s,0.019025
1756998166.596,latency_s,0.017258
1756998166.599,latency_s,0.018310
1756998166.600,latency_s,0.017780
1756998166.600,latency_s,0.017523
1756998166.612,latency_s,0.018532
1756998166.612,latency_s,0.017620
1756998166.612,latency_s,0.017439
1756998166.621,latency_s,0.018063
1756998166.623,latency_s,0.018085
1756998166.623,latency_s,0.018057
1756998166.627,latency_s,0.018536
1756998166.638,latency_s,0.146139
1756998166.638,latency_s,0.046145
1756998166.638,latency_s,0.017577
1756998166.649,latency_s,0.018149
1756998166.650,latency_s,0.018758
1756998166.650,latency_s,0.017506
1756998166.651,latency_s,0.017771
1756998166.660,latency_s,0.017801
1756998166.686,latency_s,0.018368
1756998166.694,latency_s,0.018718
1756998166.694,latency_s,0.019076
1756998166.695,latency_s,0.019221
1756998166.697,latency_s,0.017831
1756998166.699,latency_s,0.017885
1756998166.701,latency_s,0.018250
1756998166.702,latency_s,0.018093
1756998166.711,latency_s,0.018406
1756998166.713,latency_s,0.018817
1756998166.714,latency_s,0.019082
1756998166.737,latency_s,0.041717
1756998166.737,latency_s,0.032552
1756998166.737,latency_s,0.031552
1756998166.737,latency_s,0.031590
1756998166.737,latency_s,0.027832
1756998166.739,latency_s,0.018213
1756998166.750,latency_s,0.019345
1756998166.751,latency_s,0.018993
1756998166.752,latency_s,0.018289
1756998166.752,latency_s,0.018339
1756998166.760,latency_s,0.017974
1756998166.787,latency_s,0.018436
1756998166.795,latency_s,0.018351
1756998166.795,latency_s,0.018472
1756998166.796,latency_s,0.018662
1756998166.799,latency_s,0.019165
1756998166.799,latency_s,0.017438
1756998166.801,latency_s,0.017599
1756998166.803,latency_s,0.018245
1756998166.806,latency_s,0.138067
1756998166.811,latency_s,0.042562
1756998166.811,latency_s,0.017524
1756998166.813,latency_s,0.018203
1756998166.815,latency_s,0.019683
1756998166.815,latency_s,0.019323
1756998166.823,latency_s,0.018362
1756998166.825,latency_s,0.019093
1756998166.851,latency_s,0.044823
1756998166.851,latency_s,0.040879
1756998166.851,latency_s,0.029097
1756998166.854,latency_s,0.022481
1756998166.854,latency_s,0.022287
1756998166.854,latency_s,0.019681
1756998166.854,latency_s,0.019674
1756998166.866,latency_s,0.023171
1756998166.887,latency_s,0.018639
1756998166.887,latency_s,0.018499
1756998166.896,latency_s,0.019384
1756998166.897,latency_s,0.019524
1756998166.903,latency_s,0.026127
1756998166.903,latency_s,0.021830
1756998166.903,latency_s,0.019867
1756998166.903,latency_s,0.019900
1756998166.903,latency_s,0.017979
1756998166.914,latency_s,0.019928
1756998166.914,latency_s,0.018827
1756998166.914,latency_s,0.018448
1756998166.914,latency_s,0.018146
1756998166.927,latency_s,0.020443
1756998166.928,latency_s,0.021047
1756998166.928,latency_s,0.021125
1756998166.930,latency_s,0.017928
1756998166.943,latency_s,0.019178
1756998166.952,latency_s,0.019271
1756998166.952,latency_s,0.019618
1756998166.954,latency_s,0.019186
1756998166.955,latency_s,0.019460
1756998166.962,latency_s,0.017979
1756998166.988,latency_s,0.018970
1756998166.988,latency_s,0.018827
1756998166.997,latency_s,0.019756
1756998166.998,latency_s,0.019932
1756998166.998,latency_s,0.020155
1756998166.999,latency_s,0.017085
1756998167.003,latency_s,0.018593
1756998167.003,latency_s,0.018431
1756998167.015,latency_s,0.029131
1756998167.015,latency_s,0.020915
1756998167.015,latency_s,0.019928
1756998167.016,latency_s,0.019742
1756998167.016,latency_s,0.018872
1756998167.025,latency_s,0.018038
1756998167.026,latency_s,0.019273
1756998167.029,latency_s,0.022154
1756998167.030,latency_s,0.017944
1756998167.044,latency_s,0.018003
1756998167.053,latency_s,0.019495
1756998167.053,latency_s,0.019733
1756998167.055,latency_s,0.019199
1756998167.055,latency_s,0.019344
1756998167.062,latency_s,0.018255
1756998167.089,latency_s,0.018883
1756998167.089,latency_s,0.018532
1756998167.096,latency_s,0.018053
1756998167.096,latency_s,0.018073
1756998167.097,latency_s,0.018334
1756998167.100,latency_s,0.017662
1756998167.103,latency_s,0.018948
1756998167.104,latency_s,0.018640
1756998167.111,latency_s,0.023512
1756998167.116,latency_s,0.020140
1756998167.116,latency_s,0.019794
1756998167.116,latency_s,0.019876
1756998167.118,latency_s,0.020967
1756998167.125,latency_s,0.018017
1756998167.125,latency_s,0.017679
1756998167.131,latency_s,0.023699
1756998167.132,latency_s,0.019638
1756998167.146,latency_s,0.018697
1756998167.156,latency_s,0.020256
1756998167.156,latency_s,0.020355
1756998167.156,latency_s,0.019922
1756998167.156,latency_s,0.019691
1756998167.162,latency_s,0.017836
1756998167.190,latency_s,0.018242
1756998167.191,latency_s,0.018278
1756998167.198,latency_s,0.018919
1756998167.198,latency_s,0.019010
1756998167.198,latency_s,0.018861
1756998167.201,latency_s,0.017701
1756998167.205,latency_s,0.019423
1756998167.205,latency_s,0.019220
1756998167.208,latency_s,0.019181
1756998167.217,latency_s,0.020861
1756998167.217,latency_s,0.021029
1756998167.217,latency_s,0.020784
1756998167.217,latency_s,0.020101
1756998167.226,latency_s,0.018338
1756998167.226,latency_s,0.018416
1756998167.251,latency_s,0.042891
1756998167.252,latency_s,0.038651
1756998167.252,latency_s,0.024070
1756998167.261,latency_s,0.025079
1756998167.261,latency_s,0.025180
1756998167.261,latency_s,0.024560
1756998167.261,latency_s,0.024873
1756998167.267,latency_s,0.022333
1756998167.293,latency_s,0.018843
1756998167.293,latency_s,0.018775
1756998167.300,latency_s,0.021218
1756998167.300,latency_s,0.021318
1756998167.301,latency_s,0.021545
1756998167.308,latency_s,0.024606
1756998167.308,latency_s,0.022087
1756998167.308,latency_s,0.020225
1756998167.308,latency_s,0.019110
1756998167.316,latency_s,0.018708
1756998167.318,latency_s,0.019504
1756998167.318,latency_s,0.020907
1756998167.318,latency_s,0.020715
1756998167.328,latency_s,0.019159
1756998167.328,latency_s,0.019260
1756998167.328,latency_s,0.018319
1756998167.333,latency_s,0.019146
1756998167.347,latency_s,0.018897
1756998167.354,latency_s,0.017956
1756998167.355,latency_s,0.017587
1756998167.355,latency_s,0.017695
1756998167.355,latency_s,0.017692
1756998167.364,latency_s,0.018599
1756998167.393,latency_s,0.018793
1756998167.395,latency_s,0.019557
1756998167.398,latency_s,0.018460
1756998167.398,latency_s,0.018573
1756998167.398,latency_s,0.018613
1756998167.402,latency_s,0.019175
1756998167.405,latency_s,0.019049
1756998167.408,latency_s,0.019739
1756998167.408,latency_s,0.018884
1756998167.422,latency_s,0.020612
1756998167.422,latency_s,0.020981
1756998167.422,latency_s,0.021060
1756998167.422,latency_s,0.021119
1756998167.427,latency_s,0.018281
1756998167.427,latency_s,0.018423
1756998167.427,latency_s,0.017589
1756998167.437,latency_s,0.021025
1756998167.446,latency_s,0.017579
1756998167.458,latency_s,0.020255
1756998167.458,latency_s,0.020102
1756998167.458,latency_s,0.020134
1756998167.458,latency_s,0.020160
1756998167.463,latency_s,0.017921
1756998167.493,latency_s,0.017787
1756998167.493,latency_s,0.017814
1756998167.498,latency_s,0.018131
1756998167.498,latency_s,0.018210
1756998167.498,latency_s,0.018361
1756998167.502,latency_s,0.017871
1756998167.505,latency_s,0.018791
1756998167.507,latency_s,0.017289
1756998167.508,latency_s,0.017854
1756998167.520,latency_s,0.018794
1756998167.520,latency_s,0.018661
1756998167.520,latency_s,0.018920
1756998167.520,latency_s,0.018441
1756998167.529,latency_s,0.019370
1756998167.529,latency_s,0.019791
1756998167.529,latency_s,0.019118
1756998167.534,latency_s,0.017483
1756998167.549,latency_s,0.018618
1756998167.572,latency_s,0.033504
1756998167.572,latency_s,0.033476
1756998167.572,latency_s,0.033386
1756998167.572,latency_s,0.033605
1756998167.572,latency_s,0.026321
1756998167.595,latency_s,0.018860
1756998167.595,latency_s,0.018951
1756998167.599,latency_s,0.018093
1756998167.599,latency_s,0.018148
1756998167.601,latency_s,0.019608
1756998167.603,latency_s,0.017572
1756998167.609,latency_s,0.021797
1756998167.609,latency_s,0.018585
1756998167.613,latency_s,0.021874
1756998167.624,latency_s,0.022096
1756998167.624,latency_s,0.022141
1756998167.624,latency_s,0.022435
1756998167.624,latency_s,0.022225
1756998167.628,latency_s,0.018155
1756998167.628,latency_s,0.018621
1756998167.638,latency_s,0.026971
1756998167.638,latency_s,0.020710
1756998167.649,latency_s,0.017692
1756998167.657,latency_s,0.018471
1756998167.658,latency_s,0.018441
1756998167.658,latency_s,0.018563
1756998167.658,latency_s,0.018358
1756998167.665,latency_s,0.018306
1756998167.695,latency_s,0.018111
1756998167.699,latency_s,0.018126
1756998167.699,latency_s,0.017808
1756998167.699,latency_s,0.017797
1756998167.699,latency_s,0.017349
1756998167.704,latency_s,0.019038
1756998167.711,latency_s,0.023804
1756998167.711,latency_s,0.020472
1756998167.711,latency_s,0.019403
1756998167.735,latency_s,0.033030
1756998167.735,latency_s,0.033196
1756998167.735,latency_s,0.032773
1756998167.735,latency_s,0.032939
1756998167.736,latency_s,0.025691
1756998167.736,latency_s,0.025365
1756998167.737,latency_s,0.025021
1756998167.743,latency_s,0.025497
1756998167.751,latency_s,0.018225
1756998167.758,latency_s,0.018681
1756998167.758,latency_s,0.018756
1756998167.758,latency_s,0.018424
1756998167.758,latency_s,0.018651
1756998167.773,latency_s,0.024951
1756998167.797,latency_s,0.019072
1756998167.799,latency_s,0.017958
1756998167.800,latency_s,0.018229
1756998167.800,latency_s,0.018277
1756998167.800,latency_s,0.017792
1756998167.813,latency_s,0.025479
1756998167.813,latency_s,0.024575
1756998167.813,latency_s,0.020414
1756998167.813,latency_s,0.020024
1756998167.823,latency_s,0.020046
1756998167.823,latency_s,0.020493
1756998167.824,latency_s,0.020734
1756998167.824,latency_s,0.020698
1756998167.832,latency_s,0.020372
1756998167.838,latency_s,0.026203
1756998167.838,latency_s,0.026639
1756998167.838,latency_s,0.018358
1756998167.850,latency_s,0.017800
1756998167.858,latency_s,0.018493
1756998167.858,latency_s,0.018598
1756998167.858,latency_s,0.018456
1756998167.865,latency_s,0.024006
1756998167.867,latency_s,0.018528
1756998167.896,latency_s,0.018002
1756998167.900,latency_s,0.018657
1756998167.902,latency_s,0.018447
1756998167.902,latency_s,0.018498
1756998167.902,latency_s,0.018602
1756998167.912,latency_s,0.024410
1756998167.912,latency_s,0.023483
1756998167.912,latency_s,0.019427
1756998167.912,latency_s,0.018933
1756998167.924,latency_s,0.021051
1756998167.924,latency_s,0.020504
1756998167.924,latency_s,0.020554
1756998167.925,latency_s,0.021013
1756998167.932,latency_s,0.020061
1756998167.933,latency_s,0.020141
1756998167.940,latency_s,0.027628
1756998167.940,latency_s,0.019012
1756998167.953,latency_s,0.018794
1756998167.959,latency_s,0.018548
1756998167.959,latency_s,0.018585
1756998167.959,latency_s,0.018680
1756998167.959,latency_s,0.018180
1756998167.968,latency_s,0.018428
1756998167.998,latency_s,0.018511
1756998168.002,latency_s,0.019118
1756998168.002,latency_s,0.018680
1756998168.002,latency_s,0.018529
1756998168.002,latency_s,0.018118
1756998168.007,latency_s,0.017846
1756998168.007,latency_s,0.017039
1756998168.013,latency_s,0.019939
1756998168.013,latency_s,0.019015
1756998168.025,latency_s,0.021046
1756998168.025,latency_s,0.020843
1756998168.025,latency_s,0.020603
1756998168.025,latency_s,0.020940
1756998168.031,latency_s,0.018144
1756998168.034,latency_s,0.019353
1756998168.035,latency_s,0.019008
1756998168.040,latency_s,0.018609
1756998168.052,latency_s,0.017566
1756998168.060,latency_s,0.018852
1756998168.060,latency_s,0.018472
1756998168.060,latency_s,0.018572
1756998168.060,latency_s,0.018807
1756998168.070,latency_s,0.018121
1756998168.098,latency_s,0.018009
1756998168.104,latency_s,0.019515
1756998168.104,latency_s,0.019618
1756998168.104,latency_s,0.019536
1756998168.104,latency_s,0.018861
1756998168.107,latency_s,0.017246
1756998168.109,latency_s,0.017546
1756998168.113,latency_s,0.018020
1756998168.113,latency_s,0.018321
1756998168.124,latency_s,0.020069
1756998168.124,latency_s,0.019823
1756998168.124,latency_s,0.019518
1756998168.124,latency_s,0.019814
1756998168.132,latency_s,0.018672
1756998168.134,latency_s,0.018260
1756998168.134,latency_s,0.018273
1756998168.139,latency_s,0.017709
1756998168.154,latency_s,0.018181
1756998168.162,latency_s,0.019719
1756998168.162,latency_s,0.019763
1756998168.162,latency_s,0.019380
1756998168.162,latency_s,0.020079
1756998168.171,latency_s,0.017873
1756998168.199,latency_s,0.018553
1756998168.205,latency_s,0.019735
1756998168.205,latency_s,0.019852
1756998168.205,latency_s,0.019848
1756998168.205,latency_s,0.018707
1756998168.210,latency_s,0.018689
1756998168.210,latency_s,0.018667
1756998168.215,latency_s,0.018339
1756998168.215,latency_s,0.018230
1756998168.223,latency_s,0.018855
1756998168.223,latency_s,0.018911
1756998168.223,latency_s,0.018764
1756998168.223,latency_s,0.018757
1756998168.233,latency_s,0.018701
1756998168.235,latency_s,0.017891
1756998168.235,latency_s,0.018136
1756998168.240,latency_s,0.018190
1756998168.256,latency_s,0.019252
1756998168.262,latency_s,0.019276
1756998168.262,latency_s,0.018899
1756998168.262,latency_s,0.018834
1756998168.263,latency_s,0.019246
1756998168.271,latency_s,0.018067
1756998168.300,latency_s,0.018923
1756998168.305,latency_s,0.019780
1756998168.305,latency_s,0.020013
1756998168.305,latency_s,0.019825
1756998168.306,latency_s,0.019140
1756998168.310,latency_s,0.018414
1756998168.310,latency_s,0.018647
1756998168.316,latency_s,0.019143
1756998168.316,latency_s,0.018668
1756998168.323,latency_s,0.017964
1756998168.323,latency_s,0.017556
1756998168.323,latency_s,0.017582
1756998168.323,latency_s,0.017580
1756998168.332,latency_s,0.017954
1756998168.337,latency_s,0.018126
1756998168.337,latency_s,0.018209
1756998168.341,latency_s,0.017930
1756998168.357,latency_s,0.018041
1756998168.365,latency_s,0.019995
1756998168.365,latency_s,0.020081
1756998168.365,latency_s,0.020081
1756998168.365,latency_s,0.019538
1756998168.372,latency_s,0.017706
1756998168.402,latency_s,0.018980
1756998168.404,latency_s,0.017976
1756998168.404,latency_s,0.018126
1756998168.404,latency_s,0.018044
1756998168.404,latency_s,0.017345
1756998168.411,latency_s,0.018020
1756998168.411,latency_s,0.018106
1756998168.418,latency_s,0.020623
1756998168.418,latency_s,0.020405
1756998168.424,latency_s,0.018770
1756998168.425,latency_s,0.018539
1756998168.425,latency_s,0.018605
1756998168.425,latency_s,0.018644
1756998168.433,latency_s,0.018213
1756998168.439,latency_s,0.019323
1756998168.440,latency_s,0.020387
1756998168.440,latency_s,0.017481
1756998168.457,latency_s,0.017750
1756998168.465,latency_s,0.019951
1756998168.465,latency_s,0.020041
1756998168.465,latency_s,0.019604
1756998168.466,latency_s,0.020120
1756998168.473,latency_s,0.018589
1756998168.503,latency_s,0.017894
1756998168.504,latency_s,0.017810
1756998168.505,latency_s,0.018094
1756998168.505,latency_s,0.018397
1756998168.508,latency_s,0.018924
1756998168.512,latency_s,0.017742
1756998168.512,latency_s,0.017849
1756998168.516,latency_s,0.017903
1756998168.516,latency_s,0.017878
1756998168.525,latency_s,0.019277
1756998168.525,latency_s,0.019098
1756998168.526,latency_s,0.019113
1756998168.526,latency_s,0.019160
1756998168.533,latency_s,0.017903
1756998168.539,latency_s,0.018382
1756998168.539,latency_s,0.018492
1756998168.542,latency_s,0.018168
1756998168.560,latency_s,0.019482
1756998168.567,latency_s,0.021540
1756998168.567,latency_s,0.021382
1756998168.568,latency_s,0.021576
1756998168.568,latency_s,0.022021
1756998168.573,latency_s,0.018506
1756998168.606,latency_s,0.020124
1756998168.606,latency_s,0.019247
1756998168.606,latency_s,0.019276
1756998168.606,latency_s,0.019408
1756998168.608,latency_s,0.017578
1756998168.613,latency_s,0.018367
1756998168.614,latency_s,0.018526
1756998168.615,latency_s,0.017017
1756998168.615,latency_s,0.017054
1756998168.626,latency_s,0.020048
1756998168.627,latency_s,0.019891
1756998168.627,latency_s,0.020156
1756998168.627,latency_s,0.019493
1756998168.634,latency_s,0.018401
1756998168.640,latency_s,0.018592
1756998168.640,latency_s,0.018573
1756998168.642,latency_s,0.018115
1756998168.660,latency_s,0.018078
1756998168.665,latency_s,0.019416
1756998168.666,latency_s,0.019711
1756998168.666,latency_s,0.019621
1756998168.666,latency_s,0.019450
1756998168.673,latency_s,0.017719
1756998168.706,latency_s,0.019578
1756998168.706,latency_s,0.018775
1756998168.706,latency_s,0.019001
1756998168.707,latency_s,0.019215
1756998168.709,latency_s,0.018430
1756998168.717,latency_s,0.020825
1756998168.717,latency_s,0.020898
1756998168.717,latency_s,0.018004
1756998168.717,latency_s,0.018036
1756998168.725,latency_s,0.017714
1756998168.727,latency_s,0.019265
1756998168.727,latency_s,0.019456
1756998168.727,latency_s,0.019623
1756998168.736,latency_s,0.019144
1756998168.742,latency_s,0.019381
1756998168.742,latency_s,0.019412
1756998168.763,latency_s,0.018910
1756998168.764,latency_s,0.017912
1756998168.765,latency_s,0.017880
1756998168.765,latency_s,0.017710
1756998168.773,latency_s,0.017547
1756998168.806,latency_s,0.018370
1756998168.807,latency_s,0.018296
1756998168.807,latency_s,0.018328
1756998168.807,latency_s,0.018671
1756998168.809,latency_s,0.017869
1756998168.813,latency_s,0.017551
1756998168.815,latency_s,0.017676
1756998168.817,latency_s,0.018114
1756998168.817,latency_s,0.018137
1756998168.828,latency_s,0.020524
1756998168.828,latency_s,0.020356
1756998168.828,latency_s,0.020078
1756998168.829,latency_s,0.020220
1756998168.835,latency_s,0.017978
1756998168.843,latency_s,0.019078
1756998168.844,latency_s,0.019418
1756998168.863,latency_s,0.138487
1756998168.863,latency_s,0.038240
1756998168.864,latency_s,0.019377
1756998168.865,latency_s,0.017735
1756998168.865,latency_s,0.017676
1756998168.865,latency_s,0.017499
1756998168.874,latency_s,0.018184
1756998168.887,latency_s,0.140957
1756998168.888,latency_s,0.040029
1756998168.908,latency_s,0.019795
1756998168.908,latency_s,0.019938
1756998168.908,latency_s,0.019689
1756998168.909,latency_s,0.020087
1756998168.909,latency_s,0.017797
1756998168.914,latency_s,0.017504
1756998168.916,latency_s,0.017935
1756998168.917,latency_s,0.017402
1756998168.917,latency_s,0.017730
1756998168.928,latency_s,0.019656
1756998168.928,latency_s,0.019429
1756998168.928,latency_s,0.019001
1756998168.928,latency_s,0.019055
1756998168.936,latency_s,0.019090
1756998168.943,latency_s,0.017992
1756998168.943,latency_s,0.018044
1756998168.944,latency_s,0.018909
1756998168.964,latency_s,0.018547
1756998168.968,latency_s,0.019461
1756998168.968,latency_s,0.019751
1756998168.968,latency_s,0.019761
1756998168.968,latency_s,0.019699
1756998168.974,latency_s,0.017467
1756998169.008,latency_s,0.019430
1756998169.008,latency_s,0.019172
1756998169.008,latency_s,0.019548
1756998169.009,latency_s,0.019465
1756998169.011,latency_s,0.018374
1756998169.022,latency_s,0.022408
1756998169.023,latency_s,0.022498
1756998169.023,latency_s,0.022578
1756998169.023,latency_s,0.022450
1756998169.031,latency_s,0.021030
1756998169.031,latency_s,0.021158
1756998169.031,latency_s,0.021152
1756998169.031,latency_s,0.020961
1756998169.037,latency_s,0.019460
1756998169.044,latency_s,0.018366
1756998169.044,latency_s,0.018632
1756998169.044,latency_s,0.017239
1756998169.065,latency_s,0.019192
1756998169.069,latency_s,0.019552
1756998169.069,latency_s,0.019577
1756998169.069,latency_s,0.019875
1756998169.069,latency_s,0.019753
1756998169.076,latency_s,0.018504
1756998169.109,latency_s,0.019252
1756998169.109,latency_s,0.019524
1756998169.109,latency_s,0.019351
1756998169.109,latency_s,0.019153
1756998169.111,latency_s,0.017862
1756998169.123,latency_s,0.022225
1756998169.123,latency_s,0.022292
1756998169.123,latency_s,0.022149
1756998169.123,latency_s,0.022001
1756998169.128,latency_s,0.017848
1756998169.128,latency_s,0.017917
1756998169.128,latency_s,0.018000
1756998169.128,latency_s,0.017902
1756998169.138,latency_s,0.019783
1756998169.144,latency_s,0.018242
1756998169.144,latency_s,0.018099
1756998169.146,latency_s,0.018414
1756998169.164,latency_s,0.017671
1756998169.169,latency_s,0.019662
1756998169.169,latency_s,0.019655
1756998169.169,latency_s,0.019780
1756998169.169,latency_s,0.019985
1756998169.175,latency_s,0.017451
1756998169.209,latency_s,0.019679
1756998169.209,latency_s,0.019566
1756998169.209,latency_s,0.019230
1756998169.209,latency_s,0.019348
1756998169.213,latency_s,0.018530
1756998169.221,latency_s,0.019224
1756998169.221,latency_s,0.019419
1756998169.221,latency_s,0.019184
1756998169.221,latency_s,0.019578
1756998169.229,latency_s,0.019148
1756998169.229,latency_s,0.018731
1756998169.229,latency_s,0.018899
1756998169.230,latency_s,0.018880
1756998169.236,latency_s,0.017529
1756998169.246,latency_s,0.019611
1756998169.246,latency_s,0.018843
1756998169.248,latency_s,0.019647
1756998169.266,latency_s,0.018479
1756998169.269,latency_s,0.019284
1756998169.269,latency_s,0.019126
1756998169.269,latency_s,0.018871
1756998169.269,latency_s,0.019132
1756998169.277,latency_s,0.018642
1756998169.309,latency_s,0.019160
1756998169.309,latency_s,0.019508
1756998169.309,latency_s,0.018818
1756998169.310,latency_s,0.019259
1756998169.314,latency_s,0.018505
1756998169.320,latency_s,0.018244
1756998169.320,latency_s,0.018209
1756998169.320,latency_s,0.018190
1756998169.320,latency_s,0.018163
1756998169.331,latency_s,0.019879
1756998169.331,latency_s,0.019944
1756998169.331,latency_s,0.019656
1756998169.331,latency_s,0.019101
1756998169.337,latency_s,0.018062
1756998169.345,latency_s,0.018032
1756998169.347,latency_s,0.018302
1756998169.347,latency_s,0.017315
1756998169.366,latency_s,0.018087
1756998169.370,latency_s,0.019062
1756998169.370,latency_s,0.019455
1756998169.370,latency_s,0.019139
1756998169.370,latency_s,0.019133
1756998169.376,latency_s,0.017837
1756998169.411,latency_s,0.020016
1756998169.411,latency_s,0.020096
1756998169.411,latency_s,0.019936
1756998169.411,latency_s,0.020356
1756998169.414,latency_s,0.017155
1756998169.420,latency_s,0.018036
1756998169.420,latency_s,0.017739
1756998169.442,latency_s,0.039960
1756998169.442,latency_s,0.039860
1756998169.442,latency_s,0.030904
1756998169.442,latency_s,0.030896
1756998169.442,latency_s,0.030726
1756998169.442,latency_s,0.029968
1756998169.442,latency_s,0.022718
1756998169.445,latency_s,0.017958
1756998169.449,latency_s,0.019394
1756998169.449,latency_s,0.018579
1756998169.467,latency_s,0.018440
1756998169.470,latency_s,0.018780
1756998169.470,latency_s,0.018535
1756998169.470,latency_s,0.018440
1756998169.470,latency_s,0.018818
1756998169.479,latency_s,0.018917
1756998169.511,latency_s,0.019884
1756998169.511,latency_s,0.019728
1756998169.512,latency_s,0.019690
1756998169.512,latency_s,0.020015
1756998169.519,latency_s,0.017868
1756998169.521,latency_s,0.018622
1756998169.525,latency_s,0.022563
1756998169.525,latency_s,0.022681
1756998169.525,latency_s,0.022874
1756998169.531,latency_s,0.019316
1756998169.531,latency_s,0.019389
1756998169.531,latency_s,0.019017
1756998169.532,latency_s,0.018949
1756998169.538,latency_s,0.018053
1756998169.546,latency_s,0.018816
1756998169.549,latency_s,0.019726
1756998169.550,latency_s,0.019077
1756998169.571,latency_s,0.020988
1756998169.571,latency_s,0.020091
1756998169.571,latency_s,0.019885
1756998169.571,latency_s,0.019986
1756998169.572,latency_s,0.020379
1756998169.579,latency_s,0.018282
1756998169.610,latency_s,0.017972
1756998169.610,latency_s,0.017971
1756998169.613,latency_s,0.020483
1756998169.613,latency_s,0.020773
1756998169.622,latency_s,0.018948
1756998169.622,latency_s,0.019012
1756998169.622,latency_s,0.019042
1756998169.625,latency_s,0.022020
1756998169.625,latency_s,0.021935
1756998169.632,latency_s,0.019618
1756998169.632,latency_s,0.019755
1756998169.632,latency_s,0.018836
1756998169.632,latency_s,0.018796
1756998169.640,latency_s,0.019126
1756998169.646,latency_s,0.018487
1756998169.647,latency_s,0.017479
1756998169.649,latency_s,0.018058
1756998169.670,latency_s,0.019265
1756998169.670,latency_s,0.018368
1756998169.670,latency_s,0.018190
1756998169.670,latency_s,0.018250
1756998169.671,latency_s,0.017821
1756998169.683,latency_s,0.019015
1756998169.715,latency_s,0.021514
1756998169.715,latency_s,0.021682
1756998169.715,latency_s,0.021260
1756998169.715,latency_s,0.021319
1756998169.724,latency_s,0.020268
1756998169.724,latency_s,0.020330
1756998169.724,latency_s,0.020426
1756998169.724,latency_s,0.020360
1756998169.724,latency_s,0.020352
1756998169.733,latency_s,0.020429
1756998169.733,latency_s,0.020080
1756998169.733,latency_s,0.019619
1756998169.734,latency_s,0.020316
1756998169.738,latency_s,0.017229
1756998169.746,latency_s,0.018326
1756998169.749,latency_s,0.018414
1756998169.749,latency_s,0.017771
1756998169.771,latency_s,0.019069
1756998169.771,latency_s,0.019323
1756998169.771,latency_s,0.019672
1756998169.771,latency_s,0.019167
1756998169.772,latency_s,0.017758
1756998169.783,latency_s,0.018727
1756998169.814,latency_s,0.019992
1756998169.814,latency_s,0.019958
1756998169.814,latency_s,0.019559
1756998169.814,latency_s,0.019943
1756998169.824,latency_s,0.020039
1756998169.824,latency_s,0.020009
1756998169.824,latency_s,0.019319
1756998169.827,latency_s,0.021915
1756998169.827,latency_s,0.021853
1756998169.832,latency_s,0.018787
1756998169.853,latency_s,0.039421
1756998169.853,latency_s,0.039605
1756998169.853,latency_s,0.038909
1756998169.853,latency_s,0.032487
1756998169.853,latency_s,0.024679
1756998169.853,latency_s,0.021726
1756998169.853,latency_s,0.020284
1756998169.873,latency_s,0.019164
1756998169.873,latency_s,0.019088
1756998169.873,latency_s,0.019262
1756998169.873,latency_s,0.018529
1756998169.873,latency_s,0.019376
1756998169.883,latency_s,0.018173
1756998169.915,latency_s,0.019831
1756998169.915,latency_s,0.019824
1756998169.915,latency_s,0.019937
1756998169.915,latency_s,0.019828
1756998169.925,latency_s,0.020468
1756998169.925,latency_s,0.020676
1756998169.929,latency_s,0.023044
1756998169.929,latency_s,0.023333
1756998169.929,latency_s,0.023297
1756998169.933,latency_s,0.019752
1756998169.933,latency_s,0.019563
1756998169.933,latency_s,0.019580
1756998169.933,latency_s,0.018866
1756998169.940,latency_s,0.018937
1756998169.947,latency_s,0.017896
1756998169.975,latency_s,0.042675
1756998169.975,latency_s,0.041652
1756998169.975,latency_s,0.021075
1756998169.975,latency_s,0.020914
1756998169.975,latency_s,0.020966
1756998169.975,latency_s,0.020662
1756998169.975,latency_s,0.020402
1756998169.987,latency_s,0.021015
1756998170.015,latency_s,0.018691
1756998170.015,latency_s,0.018424
1756998170.015,latency_s,0.018221
1756998170.015,latency_s,0.018304
1756998170.025,latency_s,0.020792
1756998170.029,latency_s,0.024443
1756998170.029,latency_s,0.022592
1756998170.030,latency_s,0.022972
1756998170.030,latency_s,0.022835
1756998170.034,latency_s,0.020282
1756998170.034,latency_s,0.020421
1756998170.035,latency_s,0.020476
1756998170.044,latency_s,0.028450
1756998170.044,latency_s,0.022286
1756998170.050,latency_s,0.020780
1756998170.052,latency_s,0.018674
1756998170.053,latency_s,0.017938
1756998170.075,latency_s,0.020965
1756998170.076,latency_s,0.020815
1756998170.076,latency_s,0.021064
1756998170.076,latency_s,0.020456
1756998170.077,latency_s,0.021717
1756998170.087,latency_s,0.020164
1756998170.118,latency_s,0.020946
1756998170.118,latency_s,0.020869
1756998170.118,latency_s,0.020919
1756998170.118,latency_s,0.020499
1756998170.124,latency_s,0.018901
1756998170.124,latency_s,0.019166
1756998170.132,latency_s,0.025361
1756998170.132,latency_s,0.025383
1756998170.132,latency_s,0.025111
1756998170.134,latency_s,0.019661
1756998170.134,latency_s,0.019050
1756998170.134,latency_s,0.019208
1756998170.139,latency_s,0.024232
1756998170.140,latency_s,0.018138
1756998170.148,latency_s,0.018809
1756998170.154,latency_s,0.018521
1756998170.154,latency_s,0.018235
1756998170.177,latency_s,0.021765
1756998170.177,latency_s,0.021511
1756998170.177,latency_s,0.020897
1756998170.177,latency_s,0.020690
1756998170.177,latency_s,0.020981
1756998170.185,latency_s,0.017764
1756998170.216,latency_s,0.018543
1756998170.216,latency_s,0.018453
1756998170.216,latency_s,0.018116
1756998170.216,latency_s,0.017874
1756998170.224,latency_s,0.018745
1756998170.225,latency_s,0.018898
1756998170.231,latency_s,0.023485
1756998170.231,latency_s,0.023534
1756998170.231,latency_s,0.023167
1756998170.234,latency_s,0.017867
1756998170.234,latency_s,0.017966
1756998170.234,latency_s,0.017799
1756998170.234,latency_s,0.017767
1756998170.240,latency_s,0.018210
1756998170.248,latency_s,0.018234
1756998170.256,latency_s,0.019306
1756998170.257,latency_s,0.020523
1756998170.275,latency_s,0.019844
1756998170.275,latency_s,0.019016
1756998170.275,latency_s,0.018642
1756998170.275,latency_s,0.018969
1756998170.275,latency_s,0.018727
1756998170.285,latency_s,0.017771
1756998170.317,latency_s,0.019484
1756998170.317,latency_s,0.019183
1756998170.317,latency_s,0.019123
1756998170.317,latency_s,0.019002
1756998170.323,latency_s,0.017347
1756998170.325,latency_s,0.018453
1756998170.327,latency_s,0.017569
1756998170.332,latency_s,0.023048
1756998170.332,latency_s,0.023105
1756998170.334,latency_s,0.017583
1756998170.335,latency_s,0.018633
1756998170.335,latency_s,0.018304
1756998170.335,latency_s,0.018750
1756998170.340,latency_s,0.017925
1756998170.350,latency_s,0.019385
1756998170.357,latency_s,0.019350
1756998170.357,latency_s,0.019248
1756998170.374,latency_s,0.018775
1756998170.374,latency_s,0.017812
1756998170.374,latency_s,0.017601
1756998170.374,latency_s,0.017997
1756998170.375,latency_s,0.017734
1756998170.387,latency_s,0.018954
1756998170.418,latency_s,0.019779
1756998170.418,latency_s,0.019458
1756998170.418,latency_s,0.019828
1756998170.426,latency_s,0.019831
1756998170.426,latency_s,0.019745
1756998170.427,latency_s,0.017289
1756998170.429,latency_s,0.018333
1756998170.435,latency_s,0.018357
1756998170.435,latency_s,0.018208
1756998170.438,latency_s,0.020272
1756998170.438,latency_s,0.019955
1756998170.441,latency_s,0.018380
1756998170.449,latency_s,0.018412
1756998170.458,latency_s,0.020026
1756998170.458,latency_s,0.020092
1756998170.477,latency_s,0.021785
1756998170.478,latency_s,0.020815
1756998170.478,latency_s,0.020939
1756998170.478,latency_s,0.020436
1756998170.478,latency_s,0.020939
1756998170.488,latency_s,0.018659
1756998170.518,latency_s,0.019177
1756998170.518,latency_s,0.017585
1756998170.518,latency_s,0.017599
1756998170.527,latency_s,0.019582
1756998170.527,latency_s,0.019077
1756998170.527,latency_s,0.017218
1756998170.529,latency_s,0.018633
1756998170.534,latency_s,0.135782
1756998170.534,latency_s,0.035310
1756998170.537,latency_s,0.019221
1756998170.537,latency_s,0.019289
1756998170.537,latency_s,0.018355
1756998170.537,latency_s,0.018146
1756998170.540,latency_s,0.017427
1756998170.552,latency_s,0.142367
1756998170.552,latency_s,0.020113
1756998170.552,latency_s,0.041686
1756998170.558,latency_s,0.018462
1756998170.558,latency_s,0.018543
1756998170.577,latency_s,0.020770
1756998170.577,latency_s,0.020305
1756998170.577,latency_s,0.019693
1756998170.577,latency_s,0.020241
1756998170.577,latency_s,0.019488
1756998170.588,latency_s,0.018143
1756998170.622,latency_s,0.022658
1756998170.622,latency_s,0.022847
1756998170.622,latency_s,0.021071
1756998170.623,latency_s,0.021118
1756998170.626,latency_s,0.018417
1756998170.626,latency_s,0.017601
1756998170.629,latency_s,0.018010
1756998170.630,latency_s,0.019002
1756998170.630,latency_s,0.018652
1756998170.636,latency_s,0.018228
1756998170.638,latency_s,0.019023
1756998170.638,latency_s,0.018627
1756998170.638,latency_s,0.018990
1756998170.641,latency_s,0.018242
1756998170.651,latency_s,0.018300
1756998170.680,latency_s,0.039301
1756998170.680,latency_s,0.039348
1756998170.680,latency_s,0.023214
1756998170.680,latency_s,0.022923
1756998170.680,latency_s,0.022290
1756998170.680,latency_s,0.023061
1756998170.680,latency_s,0.022292
1756998170.693,latency_s,0.021138
1756998170.719,latency_s,0.018865
1756998170.719,latency_s,0.018912
1756998170.722,latency_s,0.018975
1756998170.722,latency_s,0.019051
1756998170.730,latency_s,0.020489
1756998170.730,latency_s,0.019608
1756998170.733,latency_s,0.021202
1756998170.733,latency_s,0.020860
1756998170.738,latency_s,0.019060
1756998170.738,latency_s,0.019008
1756998170.738,latency_s,0.019581
1756998170.738,latency_s,0.018883
1756998170.741,latency_s,0.017719
1756998170.753,latency_s,0.018667
1756998170.759,latency_s,0.018439
1756998170.760,latency_s,0.018837
1756998170.777,latency_s,0.019456
1756998170.777,latency_s,0.019314
1756998170.777,latency_s,0.019573
1756998170.777,latency_s,0.019023
1756998170.778,latency_s,0.018843
1756998170.792,latency_s,0.019459
1756998170.818,latency_s,0.017997
1756998170.818,latency_s,0.017855
1756998170.822,latency_s,0.018081
1756998170.822,latency_s,0.018235
1756998170.829,latency_s,0.019132
1756998170.830,latency_s,0.018835
1756998170.830,latency_s,0.017420
1756998170.831,latency_s,0.017536
1756998170.838,latency_s,0.018932
1756998170.838,latency_s,0.018706
1756998170.840,latency_s,0.020468
1756998170.840,latency_s,0.020461
1756998170.844,latency_s,0.020574
1756998170.846,latency_s,0.138557
1756998170.846,latency_s,0.038141
1756998170.853,latency_s,0.018892
1756998170.860,latency_s,0.018109
1756998170.860,latency_s,0.018243
1756998170.880,latency_s,0.021394
1756998170.880,latency_s,0.021250
1756998170.880,latency_s,0.021099
1756998170.880,latency_s,0.021352
1756998170.880,latency_s,0.020913
1756998170.892,latency_s,0.020060
1756998170.919,latency_s,0.018481
1756998170.923,latency_s,0.019079
1756998170.923,latency_s,0.018236
1756998170.923,latency_s,0.018254
1756998170.927,latency_s,0.018657
1756998170.930,latency_s,0.019346
1756998170.930,latency_s,0.019362
1756998170.930,latency_s,0.017902
1756998170.934,latency_s,0.020334
1756998170.938,latency_s,0.018754
1756998170.939,latency_s,0.018914
1756998170.939,latency_s,0.018997
1756998170.939,latency_s,0.018672
1756998170.944,latency_s,0.019658
1756998170.953,latency_s,0.018248
1756998170.960,latency_s,0.017821
1756998170.960,latency_s,0.018094
1756998170.979,latency_s,0.020998
1756998170.979,latency_s,0.020698
1756998170.979,latency_s,0.020845
1756998170.980,latency_s,0.020160
1756998170.980,latency_s,0.020300
1756998170.991,latency_s,0.018126
1756998171.019,latency_s,0.018199
1756998171.022,latency_s,0.017556
1756998171.024,latency_s,0.019031
1756998171.024,latency_s,0.019160
1756998171.027,latency_s,0.018801
1756998171.029,latency_s,0.017865
1756998171.029,latency_s,0.018087
1756998171.035,latency_s,0.021160
1756998171.035,latency_s,0.018202
1756998171.040,latency_s,0.020148
1756998171.040,latency_s,0.019956
1756998171.040,latency_s,0.019763
1756998171.040,latency_s,0.018498
1756998171.044,latency_s,0.018939
1756998171.053,latency_s,0.018202
1756998171.063,latency_s,0.019484
1756998171.063,latency_s,0.019482
1756998171.093,latency_s,0.034418
1756998171.094,latency_s,0.034499
1756998171.094,latency_s,0.033754
1756998171.094,latency_s,0.032750
1756998171.094,latency_s,0.032846
1756998171.094,latency_s,0.020481
1756998171.121,latency_s,0.019636
1756998171.124,latency_s,0.017995
1756998171.124,latency_s,0.018463
1756998171.127,latency_s,0.017864
1756998171.131,latency_s,0.019002
1756998171.131,latency_s,0.019309
1756998171.136,latency_s,0.022060
1756998171.138,latency_s,0.020663
1756998171.138,latency_s,0.018225
1756998171.139,latency_s,0.018038
1756998171.140,latency_s,0.019064
1756998171.140,latency_s,0.017446
1756998171.146,latency_s,0.020017
1756998171.153,latency_s,0.017648
1756998171.165,latency_s,0.020859
1756998171.165,latency_s,0.021212
1756998171.178,latency_s,0.018521
1756998171.178,latency_s,0.018414
1756998171.181,latency_s,0.019655
1756998171.181,latency_s,0.019566
1756998171.181,latency_s,0.019557
1756998171.193,latency_s,0.019274
1756998171.220,latency_s,0.018456
1756998171.223,latency_s,0.017206
1756998171.225,latency_s,0.018365
1756998171.227,latency_s,0.017739
1756998171.231,latency_s,0.018506
1756998171.231,latency_s,0.018408
1756998171.232,latency_s,0.017796
1756998171.236,latency_s,0.017703
1756998171.240,latency_s,0.019583
1756998171.240,latency_s,0.019413
1756998171.240,latency_s,0.017775
1756998171.246,latency_s,0.022343
1756998171.246,latency_s,0.019453
1756998171.246,latency_s,0.140553
1756998171.246,latency_s,0.039025
1756998171.256,latency_s,0.020236
1756998171.263,latency_s,0.018701
1756998171.263,latency_s,0.018837
1756998171.279,latency_s,0.018690
1756998171.279,latency_s,0.018612
1756998171.282,latency_s,0.019800
1756998171.282,latency_s,0.019872
1756998171.283,latency_s,0.020044
1756998171.292,latency_s,0.017965
1756998171.321,latency_s,0.019228
1756998171.326,latency_s,0.019074
1756998171.326,latency_s,0.018390
1756998171.326,latency_s,0.018351
1756998171.327,latency_s,0.017964
1756998171.330,latency_s,0.017738
1756998171.335,latency_s,0.022182
1756998171.335,latency_s,0.020024
1756998171.337,latency_s,0.018032
1756998171.339,latency_s,0.017915
1756998171.341,latency_s,0.019968
1756998171.341,latency_s,0.018104
1756998171.343,latency_s,0.018260
1756998171.345,latency_s,0.017832
1756998171.354,latency_s,0.017997
1756998171.365,latency_s,0.020177
1756998171.365,latency_s,0.019679
1756998171.380,latency_s,0.018780
1756998171.380,latency_s,0.018954
1756998171.380,latency_s,0.017683
1756998171.383,latency_s,0.020117
1756998171.383,latency_s,0.020254
1756998171.394,latency_s,0.019425
1756998171.421,latency_s,0.017931
1756998171.426,latency_s,0.018763
1756998171.426,latency_s,0.018364
1756998171.426,latency_s,0.018270
1756998171.429,latency_s,0.018615
1756998171.434,latency_s,0.021179
1756998171.434,latency_s,0.021308
1756998171.436,latency_s,0.020595
1756998171.437,latency_s,0.017446
1756998171.440,latency_s,0.018557
1756998171.441,latency_s,0.019547
1756998171.443,latency_s,0.019422
1756998171.446,latency_s,0.020659
1756998171.449,latency_s,0.021148
1756998171.457,latency_s,0.020488
1756998171.467,latency_s,0.019881
1756998171.467,latency_s,0.020280
1756998171.484,latency_s,0.022234
1756998171.484,latency_s,0.021416
1756998171.484,latency_s,0.020874
1756998171.484,latency_s,0.020837
1756998171.485,latency_s,0.020983
1756998171.494,latency_s,0.018934
1756998171.523,latency_s,0.019415
1756998171.527,latency_s,0.019505
1756998171.527,latency_s,0.018954
1756998171.527,latency_s,0.018405
1756998171.529,latency_s,0.018180
1756998171.532,latency_s,0.018350
1756998171.532,latency_s,0.017479
1756998171.555,latency_s,0.038939
1756998171.555,latency_s,0.033638
1756998171.555,latency_s,0.032755
1756998171.555,latency_s,0.032620
1756998171.555,latency_s,0.030706
1756998171.555,latency_s,0.028963
1756998171.555,latency_s,0.026798
1756998171.555,latency_s,0.018305
1756998171.566,latency_s,0.019493
1756998171.567,latency_s,0.018796
1756998171.581,latency_s,0.018802
1756998171.583,latency_s,0.018232
1756998171.583,latency_s,0.018043
1756998171.585,latency_s,0.020145
1756998171.585,latency_s,0.019861
1756998171.595,latency_s,0.019447
1756998171.623,latency_s,0.018869
1756998171.629,latency_s,0.021417
1756998171.630,latency_s,0.021076
1756998171.630,latency_s,0.019809
1756998171.630,latency_s,0.019147
1756998171.632,latency_s,0.017617
1756998171.637,latency_s,0.022143
1756998171.638,latency_s,0.021259
1756998171.640,latency_s,0.019204
1756998171.645,latency_s,0.022818
1756998171.645,latency_s,0.022727
1756998171.645,latency_s,0.020657
1756998171.645,latency_s,0.017759
1756998171.646,latency_s,0.017378
1756998171.655,latency_s,0.018420
1756998171.666,latency_s,0.018213
1756998171.666,latency_s,0.017259
1756998171.683,latency_s,0.019431
1756998171.683,latency_s,0.017970
1756998171.685,latency_s,0.018631
1756998171.685,latency_s,0.018744
1756998171.685,latency_s,0.018688
1756998171.694,latency_s,0.017747
1756998171.723,latency_s,0.018456
1756998171.726,latency_s,0.017482
1756998171.730,latency_s,0.020123
1756998171.730,latency_s,0.019089
1756998171.730,latency_s,0.018783
1756998171.732,latency_s,0.017388
1756998171.733,latency_s,0.017512
1756998171.737,latency_s,0.020834
1756998171.741,latency_s,0.019309
1756998171.745,latency_s,0.022423
1756998171.745,latency_s,0.022270
1756998171.745,latency_s,0.020204
1756998171.746,latency_s,0.017830
1756998171.747,latency_s,0.018279
1756998171.755,latency_s,0.017543
1756998171.768,latency_s,0.018819
1756998171.768,latency_s,0.018420
1756998171.784,latency_s,0.019389
1756998171.784,latency_s,0.018504
1756998171.787,latency_s,0.019578
1756998171.787,latency_s,0.019626
1756998171.787,latency_s,0.019441
1756998171.795,latency_s,0.017877
1756998171.823,latency_s,0.018091
1756998171.827,latency_s,0.017916
1756998171.828,latency_s,0.018751
1756998171.829,latency_s,0.017456
1756998171.829,latency_s,0.017572
1756998171.833,latency_s,0.017735
1756998171.836,latency_s,0.019128
1756998171.839,latency_s,0.021370
1756998171.841,latency_s,0.018202
1756998171.841,latency_s,0.018446
1756998171.844,latency_s,0.021194
1756998171.844,latency_s,0.018753
1756998171.848,latency_s,0.018124
1756998171.848,latency_s,0.018227
1756998171.857,latency_s,0.019017
1756998171.867,latency_s,0.018161
1756998171.868,latency_s,0.017467
1756998171.884,latency_s,0.019126
1756998171.884,latency_s,0.018847
1756998171.887,latency_s,0.019110
1756998171.887,latency_s,0.018898
1756998171.887,latency_s,0.019072
1756998171.895,latency_s,0.018065
1756998171.923,latency_s,0.018342
1756998171.927,latency_s,0.018025
1756998171.928,latency_s,0.018184
1756998171.930,latency_s,0.018372
1756998171.930,latency_s,0.018449
1756998171.933,latency_s,0.017853
1756998171.938,latency_s,0.019248
1756998171.938,latency_s,0.019253
1756998171.942,latency_s,0.019126
1756998171.942,latency_s,0.019126
1756998171.944,latency_s,0.021016
1756998171.944,latency_s,0.018637
1756998171.948,latency_s,0.018672
1756998171.949,latency_s,0.018862
1756998171.956,latency_s,0.018101
1756998171.968,latency_s,0.018245
1756998171.970,latency_s,0.019598
1756998171.985,latency_s,0.019381
1756998171.985,latency_s,0.019271
1756998171.988,latency_s,0.020231
1756998171.988,latency_s,0.019734
1756998171.988,latency_s,0.019742
1756998171.995,latency_s,0.017854
1756998172.024,latency_s,0.018718
1756998172.030,latency_s,0.019160
1756998172.030,latency_s,0.019393
1756998172.030,latency_s,0.018529
1756998172.031,latency_s,0.017539
1756998172.035,latency_s,0.018689
1756998172.038,latency_s,0.018821
1756998172.038,latency_s,0.018685
1756998172.042,latency_s,0.018355
1756998172.042,latency_s,0.018413
1756998172.042,latency_s,0.018458
1756998172.046,latency_s,0.020205
1756998172.048,latency_s,0.018149
1756998172.049,latency_s,0.018199
1756998172.057,latency_s,0.018516
1756998172.068,latency_s,0.018466
1756998172.069,latency_s,0.018383
1756998172.085,latency_s,0.018904
1756998172.085,latency_s,0.018620
1756998172.087,latency_s,0.018649
1756998172.087,latency_s,0.018444
1756998172.088,latency_s,0.018566
1756998172.097,latency_s,0.018606
1756998172.125,latency_s,0.018464
1756998172.130,latency_s,0.018869
1756998172.131,latency_s,0.019533
1756998172.131,latency_s,0.018648
1756998172.131,latency_s,0.017754
1756998172.134,latency_s,0.017565
1756998172.136,latency_s,0.017411
1756998172.137,latency_s,0.017198
1756998172.142,latency_s,0.018878
1756998172.142,latency_s,0.018936
1756998172.142,latency_s,0.018824
1756998172.145,latency_s,0.019622
1756998172.150,latency_s,0.019375
1756998172.150,latency_s,0.019535
1756998172.157,latency_s,0.018336
1756998172.168,latency_s,0.018096
1756998172.171,latency_s,0.019472
1756998172.185,latency_s,0.018643
1756998172.185,latency_s,0.018590
1756998172.189,latency_s,0.019793
1756998172.189,latency_s,0.019619
1756998172.189,latency_s,0.019261
1756998172.196,latency_s,0.017641
1756998172.224,latency_s,0.017958
1756998172.232,latency_s,0.020341
1756998172.232,latency_s,0.020303
1756998172.232,latency_s,0.019856
1756998172.232,latency_s,0.018511
1756998172.234,latency_s,0.017766
1756998172.241,latency_s,0.019332
1756998172.241,latency_s,0.019397
1756998172.242,latency_s,0.017710
1756998172.242,latency_s,0.017506
1756998172.244,latency_s,0.019712
1756998172.244,latency_s,0.018213
1756998172.249,latency_s,0.017943
1756998172.250,latency_s,0.018354
1756998172.258,latency_s,0.018680
1756998172.269,latency_s,0.019230
1756998172.270,latency_s,0.018017
1756998172.286,latency_s,0.018569
1756998172.286,latency_s,0.018525
1756998172.288,latency_s,0.018339
1756998172.288,latency_s,0.018448
1756998172.289,latency_s,0.018046
1756998172.298,latency_s,0.018631
1756998172.325,latency_s,0.018529
1756998172.331,latency_s,0.018597
1756998172.331,latency_s,0.018768
1756998172.331,latency_s,0.018143
1756998172.333,latency_s,0.018554
1756998172.335,latency_s,0.017641
1756998172.342,latency_s,0.019795
1756998172.342,latency_s,0.019750
1756998172.342,latency_s,0.017606
1756998172.344,latency_s,0.017847
1756998172.344,latency_s,0.017941
1756998172.345,latency_s,0.018308
1756998172.350,latency_s,0.017968
1756998172.350,latency_s,0.018178
1756998172.357,latency_s,0.017729
1756998172.369,latency_s,0.018794
1756998172.389,latency_s,0.020586
1756998172.389,latency_s,0.020671
1756998172.389,latency_s,0.018771
1756998172.389,latency_s,0.018732
1756998172.389,latency_s,0.018595
1756998172.398,latency_s,0.018322
1756998172.426,latency_s,0.018757
1756998172.432,latency_s,0.018296
1756998172.432,latency_s,0.018458
1756998172.432,latency_s,0.017347
1756998172.436,latency_s,0.019202
1756998172.437,latency_s,0.019251
1756998172.441,latency_s,0.018996
1756998172.441,latency_s,0.018533
1756998172.442,latency_s,0.017291
1756998172.445,latency_s,0.017879
1756998172.445,latency_s,0.017871
1756998172.445,latency_s,0.018141
1756998172.452,latency_s,0.020024
1756998172.452,latency_s,0.019897
1756998172.457,latency_s,0.018101
1756998172.468,latency_s,0.017311
1756998172.489,latency_s,0.020267
1756998172.489,latency_s,0.020365
1756998172.489,latency_s,0.018420
1756998172.489,latency_s,0.018453
1756998172.489,latency_s,0.018439
1756998172.494,latency_s,0.140914
1756998172.494,latency_s,0.039934
1756998172.498,latency_s,0.017850
1756998172.527,latency_s,0.018308
1756998172.532,latency_s,0.017859
1756998172.532,latency_s,0.018007
1756998172.534,latency_s,0.018681
1756998172.535,latency_s,0.017567
1756998172.536,latency_s,0.018211
1756998172.544,latency_s,0.020415
1756998172.544,latency_s,0.020365
1756998172.544,latency_s,0.018913
1756998172.546,latency_s,0.018248
1756998172.546,latency_s,0.018334
1756998172.546,latency_s,0.018373
1756998172.552,latency_s,0.019762
1756998172.553,latency_s,0.018761
1756998172.571,latency_s,0.018301
1756998172.575,latency_s,0.017898
1756998172.588,latency_s,0.018646
1756998172.588,latency_s,0.018180
1756998172.590,latency_s,0.018107
1756998172.590,latency_s,0.018161
1756998172.590,latency_s,0.018269
1756998172.642,latency_s,0.061096
1756998172.642,latency_s,0.033762
1756998172.642,latency_s,0.027453
1756998172.642,latency_s,0.027536
1756998172.642,latency_s,0.027066
1756998172.642,latency_s,0.024707
1756998172.642,latency_s,0.023803
1756998172.649,latency_s,0.023633
1756998172.649,latency_s,0.023128
1756998172.649,latency_s,0.023218
1756998172.649,latency_s,0.020993
1756998172.649,latency_s,0.021075
1756998172.649,latency_s,0.021101
1756998172.652,latency_s,0.019390
1756998172.654,latency_s,0.019082
1756998172.673,latency_s,0.019206
1756998172.676,latency_s,0.018214
1756998172.677,latency_s,0.137836
1756998172.679,latency_s,0.039024
1756998172.689,latency_s,0.017933
1756998172.689,latency_s,0.018104
1756998172.691,latency_s,0.019363
1756998172.691,latency_s,0.019131
1756998172.691,latency_s,0.019757
1756998172.699,latency_s,0.018132
1756998172.729,latency_s,0.019568
1756998172.736,latency_s,0.019728
1756998172.736,latency_s,0.020293
1756998172.736,latency_s,0.020056
1756998172.736,latency_s,0.017524
1756998172.736,latency_s,0.017134
1756998172.744,latency_s,0.018260
1756998172.744,latency_s,0.018038
1756998172.745,latency_s,0.018491
1756998172.747,latency_s,0.017782
1756998172.751,latency_s,0.022661
1756998172.751,latency_s,0.022692
1756998172.752,latency_s,0.018678
1756998172.755,latency_s,0.019016
1756998172.758,latency_s,0.017771
1756998172.772,latency_s,0.018346
1756998172.778,latency_s,0.019737
1756998172.789,latency_s,0.018201
1756998172.789,latency_s,0.018259
1756998172.790,latency_s,0.017811
1756998172.790,latency_s,0.018026
1756998172.790,latency_s,0.017695
1756998172.801,latency_s,0.019138
1756998172.828,latency_s,0.017854
1756998172.835,latency_s,0.019093
1756998172.835,latency_s,0.018322
1756998172.835,latency_s,0.018434
1756998172.837,latency_s,0.017787
1756998172.838,latency_s,0.017622
1756998172.844,latency_s,0.017899
1756998172.846,latency_s,0.017812
1756998172.846,latency_s,0.017513
1756998172.848,latency_s,0.018790
1756998172.849,latency_s,0.019961
1756998172.850,latency_s,0.020022
1756998172.851,latency_s,0.017462
1756998172.854,latency_s,0.018001
1756998172.859,latency_s,0.018001
1756998172.874,latency_s,0.019913
1756998172.877,latency_s,0.017983
1756998172.892,latency_s,0.019821
1756998172.892,latency_s,0.019671
1756998172.892,latency_s,0.019906
1756998172.892,latency_s,0.019713
1756998172.892,latency_s,0.019225
1756998172.900,latency_s,0.017978
1756998172.930,latency_s,0.019343
1756998172.935,latency_s,0.018339
1756998172.935,latency_s,0.017597
1756998172.954,latency_s,0.036565
1756998172.956,latency_s,0.035368
1756998172.956,latency_s,0.034510
1756998172.956,latency_s,0.028908
1756998172.956,latency_s,0.027179
1756998172.956,latency_s,0.026951
1756998172.956,latency_s,0.025289
1756998172.956,latency_s,0.025338
1756998172.956,latency_s,0.025340
1756998172.956,latency_s,0.021955
1756998172.959,latency_s,0.022373
1756998172.959,latency_s,0.018306
1756998172.973,latency_s,0.018331
1756998172.977,latency_s,0.017437
1756998172.993,latency_s,0.021095
1756998172.993,latency_s,0.021173
1756998172.993,latency_s,0.021307
1756998172.993,latency_s,0.021313
1756998172.994,latency_s,0.020524
1756998173.001,latency_s,0.018868
1756998173.031,latency_s,0.018479
1756998173.036,latency_s,0.018839
1756998173.036,latency_s,0.017883
1756998173.036,latency_s,0.017952
1756998173.039,latency_s,0.018096
1756998173.039,latency_s,0.017445
1756998173.046,latency_s,0.018397
1756998173.052,latency_s,0.022778
1756998173.052,latency_s,0.022741
1756998173.052,latency_s,0.020846
1756998173.052,latency_s,0.020849
1756998173.052,latency_s,0.020945
1756998173.054,latency_s,0.018123
1756998173.056,latency_s,0.018164
1756998173.060,latency_s,0.018351
1756998173.074,latency_s,0.018528
1756998173.079,latency_s,0.018360
1756998173.091,latency_s,0.017867
1756998173.091,latency_s,0.017974
1756998173.091,latency_s,0.018085
1756998173.091,latency_s,0.018115
1756998173.091,latency_s,0.017604
1756998173.101,latency_s,0.018054
1756998173.131,latency_s,0.018627
1756998173.136,latency_s,0.018424
1756998173.138,latency_s,0.018012
1756998173.138,latency_s,0.018084
1756998173.140,latency_s,0.018192
1756998173.140,latency_s,0.017738
1756998173.146,latency_s,0.017784
1756998173.148,latency_s,0.018395
1756998173.149,latency_s,0.018390
1756998173.154,latency_s,0.021746
1756998173.154,latency_s,0.021792
1756998173.154,latency_s,0.021779
1756998173.154,latency_s,0.018067
1756998173.156,latency_s,0.018421
1756998173.160,latency_s,0.017742
1756998173.174,latency_s,0.018041
1756998173.180,latency_s,0.018112
1756998173.192,latency_s,0.019337
1756998173.194,latency_s,0.020722
1756998173.194,latency_s,0.021068
1756998173.194,latency_s,0.020983
1756998173.194,latency_s,0.020455
1756998173.202,latency_s,0.018020
1756998173.233,latency_s,0.020004
1756998173.235,latency_s,0.017412
1756998173.240,latency_s,0.018916
1756998173.240,latency_s,0.018768
1756998173.241,latency_s,0.019396
1756998173.241,latency_s,0.019213
1756998173.248,latency_s,0.018838
1756998173.249,latency_s,0.018508
1756998173.249,latency_s,0.018602
1756998173.251,latency_s,0.018604
1756998173.255,latency_s,0.023013
1756998173.255,latency_s,0.023023
1756998173.255,latency_s,0.019114
1756998173.257,latency_s,0.018598
1756998173.260,latency_s,0.018111
1756998173.274,latency_s,0.018328
1756998173.281,latency_s,0.018523
1756998173.292,latency_s,0.018677
1756998173.292,latency_s,0.018678
1756998173.292,latency_s,0.018777
1756998173.292,latency_s,0.018754
1756998173.292,latency_s,0.018651
1756998173.303,latency_s,0.019606
1756998173.332,latency_s,0.018643
1756998173.337,latency_s,0.018558
1756998173.341,latency_s,0.019537
1756998173.341,latency_s,0.019487
1756998173.341,latency_s,0.018747
1756998173.341,latency_s,0.018624
1756998173.348,latency_s,0.018427
1756998173.353,latency_s,0.020907
1756998173.354,latency_s,0.020899
1756998173.354,latency_s,0.021045
1756998173.357,latency_s,0.024330
1756998173.358,latency_s,0.020576
1756998173.358,latency_s,0.018654
1756998173.361,latency_s,0.017615
1756998173.374,latency_s,0.017949
1756998173.381,latency_s,0.018341
1756998173.394,latency_s,0.019508
1756998173.394,latency_s,0.019505
1756998173.394,latency_s,0.019579
1756998173.394,latency_s,0.019735
1756998173.394,latency_s,0.019982
1756998173.402,latency_s,0.017701
1756998173.434,latency_s,0.019274
1756998173.436,latency_s,0.017816
1756998173.442,latency_s,0.018815
1756998173.442,latency_s,0.019000
1756998173.442,latency_s,0.018809
1756998173.442,latency_s,0.018214
1756998173.448,latency_s,0.018201
1756998173.454,latency_s,0.020983
1756998173.454,latency_s,0.021230
1756998173.455,latency_s,0.020913
1756998173.455,latency_s,0.021248
1756998173.456,latency_s,0.018593
1756998173.457,latency_s,0.017689
1756998173.461,latency_s,0.017423
1756998173.471,latency_s,0.138452
1756998173.471,latency_s,0.037793
1756998173.477,latency_s,0.019659
1756998173.481,latency_s,0.017929
1756998173.495,latency_s,0.020450
1756998173.495,latency_s,0.020273
1756998173.495,latency_s,0.020271
1756998173.495,latency_s,0.020466
1756998173.496,latency_s,0.020610
1756998173.504,latency_s,0.018710
1756998173.534,latency_s,0.019303
1756998173.538,latency_s,0.017900
1756998173.543,latency_s,0.019829
1756998173.544,latency_s,0.019286
1756998173.544,latency_s,0.018903
1756998173.544,latency_s,0.019730
1756998173.549,latency_s,0.018441
1756998173.554,latency_s,0.019942
1756998173.554,latency_s,0.019444
1756998173.554,latency_s,0.020172
1756998173.555,latency_s,0.020215
1756998173.557,latency_s,0.022509
1756998173.557,latency_s,0.019255
1756998173.559,latency_s,0.018616
1756998173.563,latency_s,0.018285
1756998173.576,latency_s,0.018405
1756998173.583,latency_s,0.018325
1756998173.596,latency_s,0.020706
1756998173.596,latency_s,0.020889
1756998173.596,latency_s,0.020804
1756998173.596,latency_s,0.020691
1756998173.596,latency_s,0.020896
1756998173.604,latency_s,0.018452
1756998173.635,latency_s,0.019444
1756998173.640,latency_s,0.018817
1756998173.641,latency_s,0.017607
1756998173.643,latency_s,0.018072
1756998173.643,latency_s,0.018413
1756998173.643,latency_s,0.017759
1756998173.651,latency_s,0.019981
1756998173.657,latency_s,0.020579
1756998173.657,latency_s,0.020575
1756998173.657,latency_s,0.020753
1756998173.657,latency_s,0.020591
1756998173.657,latency_s,0.020591
1756998173.657,latency_s,0.018461
1756998173.659,latency_s,0.018468
1756998173.663,latency_s,0.018685
1756998173.678,latency_s,0.019404
1756998173.685,latency_s,0.018826
1756998173.695,latency_s,0.019646
1756998173.695,latency_s,0.018845
1756998173.695,latency_s,0.018897
1756998173.696,latency_s,0.018880
1756998173.696,latency_s,0.019042
1756998173.705,latency_s,0.018316
1756998173.735,latency_s,0.019280
1756998173.740,latency_s,0.018947
1756998173.742,latency_s,0.018003
1756998173.744,latency_s,0.018384
1756998173.744,latency_s,0.018283
1756998173.744,latency_s,0.017538
1756998173.750,latency_s,0.018379
1756998173.760,latency_s,0.022594
1756998173.760,latency_s,0.022765
1756998173.760,latency_s,0.022794
1756998173.760,latency_s,0.022737
1756998173.761,latency_s,0.021852
1756998173.761,latency_s,0.022666
1756998173.761,latency_s,0.019601
1756998173.763,latency_s,0.017799
1756998173.776,latency_s,0.017914
1756998173.785,latency_s,0.018262
1756998173.794,latency_s,0.018045
1756998173.796,latency_s,0.018953
1756998173.796,latency_s,0.018841
1756998173.796,latency_s,0.019044
1756998173.796,latency_s,0.018470
1756998173.806,latency_s,0.018794
1756998173.836,latency_s,0.018993
1756998173.840,latency_s,0.017584
1756998173.842,latency_s,0.017792
1756998173.845,latency_s,0.018952
1756998173.845,latency_s,0.019175
1756998173.865,latency_s,0.038406
1756998173.866,latency_s,0.033649
1756998173.866,latency_s,0.027205
1756998173.866,latency_s,0.027363
1756998173.866,latency_s,0.027405
1756998173.866,latency_s,0.027202
1756998173.866,latency_s,0.026889
1756998173.866,latency_s,0.027262
1756998173.866,latency_s,0.023685
1756998173.866,latency_s,0.020486
1756998173.876,latency_s,0.017818
1756998173.885,latency_s,0.017794
1756998173.897,latency_s,0.020445
1756998173.897,latency_s,0.019570
1756998173.897,latency_s,0.019493
1756998173.898,latency_s,0.019670
1756998173.898,latency_s,0.019216
1756998173.907,latency_s,0.018762
1756998173.936,latency_s,0.018502
1756998173.943,latency_s,0.019459
1756998173.943,latency_s,0.018637
1756998173.946,latency_s,0.018037
1756998173.946,latency_s,0.018274
1756998173.946,latency_s,0.017932
1756998173.974,latency_s,0.041065
1756998173.974,latency_s,0.034634
1756998173.974,latency_s,0.034339
1756998173.974,latency_s,0.034415
1756998173.974,latency_s,0.034515
1756998173.974,latency_s,0.034591
1756998173.974,latency_s,0.034470
1756998173.974,latency_s,0.030361
1756998173.974,latency_s,0.028082
1756998173.977,latency_s,0.018317
1756998173.986,latency_s,0.018204
1756998173.996,latency_s,0.018617
1756998173.998,latency_s,0.017780
1756998173.999,latency_s,0.017682
1756998173.999,latency_s,0.017877
1756998174.010,latency_s,0.028432
1756998174.010,latency_s,0.021580
1756998174.036,latency_s,0.018975
1756998174.044,latency_s,0.019779
1756998174.044,latency_s,0.019323
1756998174.047,latency_s,0.018767
1756998174.047,latency_s,0.018863
1756998174.047,latency_s,0.018443
1756998174.052,latency_s,0.018870
1756998174.059,latency_s,0.019148
1756998174.067,latency_s,0.026555
1756998174.067,latency_s,0.027273
1756998174.067,latency_s,0.026133
1756998174.067,latency_s,0.025174
1756998174.067,latency_s,0.023054
1756998174.067,latency_s,0.026271
1756998174.067,latency_s,0.020783
1756998174.078,latency_s,0.019469
1756998174.086,latency_s,0.017834
1756998174.096,latency_s,0.017962
1756998174.100,latency_s,0.019612
1756998174.100,latency_s,0.018831
1756998174.101,latency_s,0.018937
1756998174.101,latency_s,0.019063
1756998174.107,latency_s,0.018457
1756998174.137,latency_s,0.018981
1756998174.144,latency_s,0.019279
1756998174.144,latency_s,0.018599
1756998174.148,latency_s,0.019334
1756998174.148,latency_s,0.019412
1756998174.148,latency_s,0.019278
1756998174.152,latency_s,0.018343
1756998174.166,latency_s,0.025741
1756998174.166,latency_s,0.025198
1756998174.166,latency_s,0.024370
1756998174.166,latency_s,0.024980
1756998174.166,latency_s,0.024318
1756998174.166,latency_s,0.022229
1756998174.166,latency_s,0.019823
1756998174.166,latency_s,0.019003
1756998174.178,latency_s,0.018213
1756998174.187,latency_s,0.018025
1756998174.196,latency_s,0.018420
1756998174.200,latency_s,0.018769
1756998174.200,latency_s,0.018089
1756998174.200,latency_s,0.018426
1756998174.200,latency_s,0.018197
1756998174.208,latency_s,0.018575
1756998174.236,latency_s,0.018406
1756998174.245,latency_s,0.019359
1756998174.245,latency_s,0.019139
1756998174.248,latency_s,0.018701
1756998174.248,latency_s,0.018862
1756998174.248,latency_s,0.018624
1756998174.252,latency_s,0.017783
1756998174.265,latency_s,0.024716
1756998174.265,latency_s,0.023718
1756998174.265,latency_s,0.023421
1756998174.265,latency_s,0.022819
1756998174.265,latency_s,0.023474
1756998174.265,latency_s,0.021020
1756998174.265,latency_s,0.018757
1756998174.265,latency_s,0.018078
1756998174.280,latency_s,0.019666
1756998174.290,latency_s,0.018310
1756998174.298,latency_s,0.019280
1756998174.300,latency_s,0.018177
1756998174.300,latency_s,0.018193
1756998174.300,latency_s,0.018105
1756998174.301,latency_s,0.019362
1756998174.309,latency_s,0.017840
1756998174.338,latency_s,0.018960
1756998174.345,latency_s,0.018773
1756998174.345,latency_s,0.019142
1756998174.349,latency_s,0.019562
1756998174.349,latency_s,0.019314
1756998174.349,latency_s,0.019522
1756998174.353,latency_s,0.017882
1756998174.360,latency_s,0.019284
1756998174.361,latency_s,0.018659
1756998174.361,latency_s,0.019041
1756998174.361,latency_s,0.018064
1756998174.366,latency_s,0.020957
1756998174.366,latency_s,0.019023
1756998174.366,latency_s,0.018263
1756998174.379,latency_s,0.018947
1756998174.393,latency_s,0.019509
1756998174.397,latency_s,0.018110
1756998174.403,latency_s,0.020213
1756998174.403,latency_s,0.020287
1756998174.403,latency_s,0.020554
1756998174.403,latency_s,0.020805
1756998174.410,latency_s,0.017565
1756998174.438,latency_s,0.018538
1756998174.446,latency_s,0.018935
1756998174.446,latency_s,0.018201
1756998174.450,latency_s,0.020397
1756998174.450,latency_s,0.020491
1756998174.451,latency_s,0.020303
1756998174.454,latency_s,0.019131
1756998174.461,latency_s,0.019116
1756998174.461,latency_s,0.019214
1756998174.462,latency_s,0.020368
1756998174.464,latency_s,0.020032
1756998174.464,latency_s,0.019037
1756998174.467,latency_s,0.018301
1756998174.467,latency_s,0.018395
1756998174.479,latency_s,0.017897
1756998174.487,latency_s,0.144146
1756998174.487,latency_s,0.042101
1756998174.492,latency_s,0.018165
1756998174.497,latency_s,0.017695
1756998174.502,latency_s,0.019114
1756998174.502,latency_s,0.019019
1756998174.502,latency_s,0.019347
1756998174.502,latency_s,0.019258
1756998174.513,latency_s,0.019263
1756998174.540,latency_s,0.019344
1756998174.546,latency_s,0.019068
1756998174.546,latency_s,0.017526
1756998174.549,latency_s,0.018966
1756998174.549,latency_s,0.019044
1756998174.549,latency_s,0.018668
1756998174.554,latency_s,0.018918
1756998174.560,latency_s,0.018182
1756998174.560,latency_s,0.017709
1756998174.562,latency_s,0.019649
1756998174.566,latency_s,0.021008
1756998174.566,latency_s,0.020555
1756998174.566,latency_s,0.020443
1756998174.567,latency_s,0.017520
1756998174.567,latency_s,0.017431
1756998174.580,latency_s,0.018385
1756998174.595,latency_s,0.019913
1756998174.597,latency_s,0.017635
1756998174.603,latency_s,0.019730
1756998174.603,latency_s,0.019791
1756998174.603,latency_s,0.019801
1756998174.603,latency_s,0.019824
1756998174.616,latency_s,0.022359
1756998174.640,latency_s,0.019341
1756998174.646,latency_s,0.018143
1756998174.648,latency_s,0.018546
1756998174.649,latency_s,0.018344
1756998174.649,latency_s,0.017879
1756998174.649,latency_s,0.017980
1756998174.655,latency_s,0.018853
1756998174.662,latency_s,0.019298
1756998174.662,latency_s,0.018358
1756998174.662,latency_s,0.018545
1756998174.665,latency_s,0.019446
1756998174.665,latency_s,0.019158
1756998174.665,latency_s,0.019404
1756998174.673,latency_s,0.022311
1756998174.673,latency_s,0.022321
1756998174.679,latency_s,0.017561
1756998174.694,latency_s,0.018726
1756998174.698,latency_s,0.018573
1756998174.703,latency_s,0.018966
1756998174.703,latency_s,0.019044
1756998174.703,latency_s,0.019085
1756998174.703,latency_s,0.018752
1756998174.714,latency_s,0.019346
1756998174.739,latency_s,0.018440
1756998174.749,latency_s,0.020535
1756998174.749,latency_s,0.018806
1756998174.749,latency_s,0.018822
1756998174.749,latency_s,0.017912
1756998174.749,latency_s,0.017832
1756998174.755,latency_s,0.018433
1756998174.765,latency_s,0.020823
1756998174.765,latency_s,0.021944
1756998174.765,latency_s,0.020737
1756998174.765,latency_s,0.018784
1756998174.765,latency_s,0.018809
1756998174.765,latency_s,0.018106
1756998174.769,latency_s,0.018018
1756998174.770,latency_s,0.018712
1756998174.780,latency_s,0.018436
1756998174.819,latency_s,0.041178
1756998174.819,latency_s,0.038342
1756998174.819,latency_s,0.034560
1756998174.819,latency_s,0.034651
1756998174.819,latency_s,0.034702
1756998174.819,latency_s,0.034256
1756998174.819,latency_s,0.024153
1756998174.841,latency_s,0.018934
1756998174.847,latency_s,0.017921
1756998174.850,latency_s,0.018697
1756998174.850,latency_s,0.018358
1756998174.850,latency_s,0.018385
1756998174.852,latency_s,0.019585
1756998174.855,latency_s,0.018139
1756998174.866,latency_s,0.022521
1756998174.868,latency_s,0.022499
1756998174.868,latency_s,0.021111
1756998174.868,latency_s,0.021495
1756998174.868,latency_s,0.021886
1756998174.868,latency_s,0.022621
1756998174.871,latency_s,0.018755
1756998174.871,latency_s,0.018802
1756998174.882,latency_s,0.020303
1756998174.897,latency_s,0.018503
1756998174.899,latency_s,0.018055
1756998174.903,latency_s,0.018019
1756998174.903,latency_s,0.018178
1756998174.905,latency_s,0.018945
1756998174.905,latency_s,0.019158
1756998174.914,latency_s,0.018500
1756998174.940,latency_s,0.017830
1756998174.948,latency_s,0.018252
1756998174.954,latency_s,0.022538
1756998174.954,latency_s,0.021815
1756998174.954,latency_s,0.021543
1756998174.954,latency_s,0.022253
1756998174.957,latency_s,0.019100
1756998174.962,latency_s,0.017857
1756998174.966,latency_s,0.018922
1756998174.967,latency_s,0.019047
1756998174.969,latency_s,0.021140
1756998174.969,latency_s,0.021067
1756998174.969,latency_s,0.021217
1756998174.973,latency_s,0.019595
1756998174.973,latency_s,0.019757
1756998174.981,latency_s,0.018559
1756998174.997,latency_s,0.017917
1756998174.999,latency_s,0.018008
1756998175.004,latency_s,0.018399
1756998175.004,latency_s,0.017945
1756998175.005,latency_s,0.017892
1756998175.005,latency_s,0.018145
1756998175.014,latency_s,0.018498
1756998175.041,latency_s,0.018068
1756998175.050,latency_s,0.020432
1756998175.050,latency_s,0.018604
1756998175.051,latency_s,0.018113
1756998175.051,latency_s,0.017796
1756998175.051,latency_s,0.018780
1756998175.056,latency_s,0.018557
1756998175.064,latency_s,0.019007
1756998175.067,latency_s,0.019104
1756998175.067,latency_s,0.019102
1756998175.067,latency_s,0.018848
1756998175.067,latency_s,0.018871
1756998175.067,latency_s,0.018872
1756998175.073,latency_s,0.019248
1756998175.074,latency_s,0.019380
1756998175.081,latency_s,0.018219
1756998175.097,latency_s,0.018003
1756998175.100,latency_s,0.017762
1756998175.107,latency_s,0.020097
1756998175.107,latency_s,0.019996
1756998175.107,latency_s,0.019802
1756998175.107,latency_s,0.019839
1756998175.116,latency_s,0.019387
1756998175.142,latency_s,0.018451
1756998175.149,latency_s,0.018693
1756998175.153,latency_s,0.020339
1756998175.153,latency_s,0.020435
1756998175.153,latency_s,0.019987
1756998175.153,latency_s,0.019429
1756998175.157,latency_s,0.018113
1756998175.164,latency_s,0.018415
1756998175.168,latency_s,0.019282
1756998175.168,latency_s,0.019148
1756998175.168,latency_s,0.018422
1756998175.168,latency_s,0.018549
1756998175.168,latency_s,0.018519
1756998175.173,latency_s,0.018691
1756998175.173,latency_s,0.018548
1756998175.183,latency_s,0.018844
1756998175.198,latency_s,0.019390
1756998175.201,latency_s,0.018214
1756998175.207,latency_s,0.019935
1756998175.207,latency_s,0.020039
1756998175.207,latency_s,0.019748
1756998175.208,latency_s,0.019827
1756998175.215,latency_s,0.018233
1756998175.242,latency_s,0.017905
1756998175.250,latency_s,0.019022
1756998175.252,latency_s,0.018773
1756998175.252,latency_s,0.018565
1756998175.252,latency_s,0.018890
1756998175.252,latency_s,0.018112
1756998175.257,latency_s,0.017621
1756998175.265,latency_s,0.018911
1756998175.270,latency_s,0.020362
1756998175.270,latency_s,0.020191
1756998175.270,latency_s,0.019696
1756998175.270,latency_s,0.019524
1756998175.270,latency_s,0.019925
1756998175.275,latency_s,0.019037
1756998175.275,latency_s,0.019186
1756998175.283,latency_s,0.018995
1756998175.301,latency_s,0.020416
1756998175.301,latency_s,0.018142
1756998175.308,latency_s,0.019016
1756998175.308,latency_s,0.019087
1756998175.308,latency_s,0.018773
1756998175.308,latency_s,0.019191
1756998175.315,latency_s,0.017958
1756998175.343,latency_s,0.018677
1756998175.350,latency_s,0.018020
1756998175.353,latency_s,0.018798
1756998175.353,latency_s,0.018747
1756998175.353,latency_s,0.018701
1756998175.353,latency_s,0.018998
1756998175.358,latency_s,0.018265
1756998175.366,latency_s,0.018540
1756998175.370,latency_s,0.019555
1756998175.370,latency_s,0.019755
1756998175.370,latency_s,0.019404
1756998175.370,latency_s,0.019186
1756998175.370,latency_s,0.019429
1756998175.374,latency_s,0.017722
1756998175.374,latency_s,0.017884
1756998175.383,latency_s,0.018929
1756998175.399,latency_s,0.018025
1756998175.401,latency_s,0.018291
1756998175.409,latency_s,0.019115
1756998175.409,latency_s,0.019190
1756998175.409,latency_s,0.018446
1756998175.409,latency_s,0.019474
1756998175.417,latency_s,0.018264
1756998175.444,latency_s,0.019499
1756998175.451,latency_s,0.018285
1756998175.455,latency_s,0.019391
1756998175.455,latency_s,0.019595
1756998175.455,latency_s,0.019784
1756998175.457,latency_s,0.021646
1756998175.458,latency_s,0.017439
1756998175.466,latency_s,0.018784
1756998175.469,latency_s,0.017900
1756998175.471,latency_s,0.020412
1756998175.471,latency_s,0.020610
1756998175.471,latency_s,0.020654
1756998175.472,latency_s,0.020351
1756998175.475,latency_s,0.018467
1756998175.475,latency_s,0.018646
1756998175.483,latency_s,0.017873
1756998175.499,latency_s,0.018358
1756998175.502,latency_s,0.017782
1756998175.509,latency_s,0.019537
1756998175.510,latency_s,0.018766
1756998175.511,latency_s,0.018732
1756998175.512,latency_s,0.019061
1756998175.517,latency_s,0.017817
1756998175.544,latency_s,0.018323
1756998175.552,latency_s,0.018317
1756998175.554,latency_s,0.018853
1756998175.554,latency_s,0.018922
1756998175.554,latency_s,0.018628
1756998175.556,latency_s,0.020119
1756998175.559,latency_s,0.018492
1756998175.566,latency_s,0.018192
1756998175.571,latency_s,0.019706
1756998175.571,latency_s,0.020104
1756998175.571,latency_s,0.019446
1756998175.571,latency_s,0.019158
1756998175.572,latency_s,0.020260
1756998175.576,latency_s,0.017949
1756998175.576,latency_s,0.017997
1756998175.584,latency_s,0.018397
1756998175.602,latency_s,0.019449
1756998175.625,latency_s,0.040902
1756998175.625,latency_s,0.034528
1756998175.625,latency_s,0.033722
1756998175.625,latency_s,0.031763
1756998175.625,latency_s,0.031797
1756998175.625,latency_s,0.025419
1756998175.645,latency_s,0.019327
1756998175.652,latency_s,0.017677
1756998175.655,latency_s,0.019589
1756998175.655,latency_s,0.019647
1756998175.655,latency_s,0.019201
1756998175.656,latency_s,0.019726
1756998175.659,latency_s,0.018645
1756998175.667,latency_s,0.017938
1756998175.671,latency_s,0.019284
1756998175.671,latency_s,0.018993
1756998175.671,latency_s,0.018654
1756998175.671,latency_s,0.018727
1756998175.671,latency_s,0.018689
1756998175.677,latency_s,0.019415
1756998175.678,latency_s,0.019485
1756998175.684,latency_s,0.018344
1756998175.701,latency_s,0.018414
1756998175.703,latency_s,0.017954
1756998175.710,latency_s,0.017879
1756998175.710,latency_s,0.017945
1756998175.714,latency_s,0.019668
1756998175.714,latency_s,0.018770
1756998175.718,latency_s,0.017930
1756998175.745,latency_s,0.018730
1756998175.756,latency_s,0.020270
1756998175.756,latency_s,0.019939
1756998175.756,latency_s,0.020053
1756998175.756,latency_s,0.019522
1756998175.756,latency_s,0.020039
1756998175.760,latency_s,0.017913
1756998175.767,latency_s,0.018055
1756998175.772,latency_s,0.019416
1756998175.772,latency_s,0.019126
1756998175.772,latency_s,0.018734
1756998175.772,latency_s,0.019237
1756998175.772,latency_s,0.019331
1756998175.777,latency_s,0.018371
1756998175.783,latency_s,0.024390
1756998175.785,latency_s,0.018347
1756998175.801,latency_s,0.018116
1756998175.803,latency_s,0.017812
1756998175.812,latency_s,0.019622
1756998175.813,latency_s,0.019844
1756998175.813,latency_s,0.018072
1756998175.814,latency_s,0.018202
1756998175.819,latency_s,0.017874
1756998175.846,latency_s,0.018875
1756998175.854,latency_s,0.017934
1756998175.856,latency_s,0.018975
1756998175.856,latency_s,0.019561
1756998175.856,latency_s,0.019367
1756998175.856,latency_s,0.019919
1756998175.861,latency_s,0.018596
1756998175.868,latency_s,0.018859
1756998175.872,latency_s,0.019345
1756998175.872,latency_s,0.018999
1756998175.872,latency_s,0.018918
1756998175.872,latency_s,0.018575
1756998175.872,latency_s,0.019089
1756998175.877,latency_s,0.018401
1756998175.884,latency_s,0.023058
1756998175.885,latency_s,0.017846
1756998175.903,latency_s,0.018271
1756998175.904,latency_s,0.017871
1756998175.914,latency_s,0.019690
1756998175.915,latency_s,0.019783
1756998175.915,latency_s,0.019495
1756998175.915,latency_s,0.018405
1756998175.920,latency_s,0.019347
1756998175.946,latency_s,0.018397
1756998175.956,latency_s,0.019582
1756998175.956,latency_s,0.019345
1756998175.956,latency_s,0.019731
1756998175.956,latency_s,0.018843
1756998175.956,latency_s,0.018878
1756998175.962,latency_s,0.019833
1756998175.968,latency_s,0.018004
1756998175.972,latency_s,0.018156
1756998175.972,latency_s,0.018684
1756998175.972,latency_s,0.018358
1756998175.972,latency_s,0.018009
1756998175.972,latency_s,0.018604
1756998175.978,latency_s,0.018312
1756998175.979,latency_s,0.017733
1756998175.985,latency_s,0.017625
1756998176.004,latency_s,0.018530
1756998176.004,latency_s,0.018108
1756998176.015,latency_s,0.019840
1756998176.015,latency_s,0.019829
1756998176.015,latency_s,0.019973
1756998176.016,latency_s,0.019046
1756998176.019,latency_s,0.017533
1756998176.046,latency_s,0.018497
1756998176.056,latency_s,0.018956
1756998176.056,latency_s,0.018984
1756998176.056,latency_s,0.018438
1756998176.056,latency_s,0.018975
1756998176.056,latency_s,0.018584
1756998176.062,latency_s,0.018923
1756998176.069,latency_s,0.018867
1756998176.074,latency_s,0.020411
1756998176.074,latency_s,0.020285
1756998176.075,latency_s,0.020887
1756998176.075,latency_s,0.020810
1756998176.075,latency_s,0.020749
1756998176.078,latency_s,0.017762
1756998176.081,latency_s,0.017910
1756998176.086,latency_s,0.018036
1756998176.104,latency_s,0.017931
1756998176.105,latency_s,0.018920
1756998176.116,latency_s,0.019508
1756998176.116,latency_s,0.019561
1756998176.116,latency_s,0.019669
1756998176.116,latency_s,0.017889
1756998176.121,latency_s,0.018737
1756998176.148,latency_s,0.020334
1756998176.158,latency_s,0.020107
1756998176.158,latency_s,0.019931
1756998176.158,latency_s,0.020016
1756998176.158,latency_s,0.019767
1756998176.158,latency_s,0.019848
1756998176.163,latency_s,0.018279
1756998176.169,latency_s,0.018319
1756998176.173,latency_s,0.018793
1756998176.173,latency_s,0.018872
1756998176.173,latency_s,0.018793
1756998176.173,latency_s,0.019010
1756998176.173,latency_s,0.018985
1756998176.181,latency_s,0.018501
1756998176.184,latency_s,0.018744
1756998176.187,latency_s,0.018304
1756998176.205,latency_s,0.018474
1756998176.205,latency_s,0.018491
1756998176.215,latency_s,0.018640
1756998176.217,latency_s,0.018934
1756998176.217,latency_s,0.018664
1756998176.220,latency_s,0.018293
1756998176.258,latency_s,0.019967
1756998176.258,latency_s,0.019953
1756998176.258,latency_s,0.019832
1756998176.258,latency_s,0.020278
1756998176.261,latency_s,0.019476
1756998176.263,latency_s,0.017687
1756998176.270,latency_s,0.018272
1756998176.274,latency_s,0.019469
1756998176.274,latency_s,0.019426
1756998176.274,latency_s,0.018669
1756998176.274,latency_s,0.019605
1756998176.277,latency_s,0.021603
1756998176.281,latency_s,0.018104
1756998176.285,latency_s,0.018263
1756998176.288,latency_s,0.018290
1756998176.306,latency_s,0.019577
1756998176.306,latency_s,0.019629
1756998176.316,latency_s,0.019508
1756998176.316,latency_s,0.018386
1756998176.317,latency_s,0.017888
1756998176.321,latency_s,0.018387
1756998176.335,latency_s,0.137631
1756998176.336,latency_s,0.037622
1756998176.359,latency_s,0.020528
1756998176.359,latency_s,0.020377
1756998176.359,latency_s,0.020263
1756998176.359,latency_s,0.020710
1756998176.360,latency_s,0.018196
1756998176.364,latency_s,0.018363
1756998176.366,latency_s,0.137568
1756998176.367,latency_s,0.037572
1756998176.370,latency_s,0.017878
1756998176.375,latency_s,0.020005
1756998176.375,latency_s,0.019907
1756998176.375,latency_s,0.019899
1756998176.375,latency_s,0.020109
1756998176.375,latency_s,0.019243
1756998176.382,latency_s,0.018198
1756998176.388,latency_s,0.020722
1756998176.388,latency_s,0.018360
1756998176.406,latency_s,0.019351
1756998176.407,latency_s,0.018917
1756998176.417,latency_s,0.019412
1756998176.417,latency_s,0.018554
1756998176.417,latency_s,0.018666
1756998176.418,latency_s,0.018905
1756998176.421,latency_s,0.018343
1756998176.449,latency_s,0.019440
1756998176.458,latency_s,0.018905
1756998176.458,latency_s,0.018999
1756998176.458,latency_s,0.019193
1756998176.458,latency_s,0.019281
1756998176.461,latency_s,0.018560
1756998176.466,latency_s,0.018922
1756998176.469,latency_s,0.017324
1756998176.475,latency_s,0.019523
1756998176.475,latency_s,0.019759
1756998176.475,latency_s,0.019976
1756998176.475,latency_s,0.018566
1756998176.475,latency_s,0.020027
1756998176.482,latency_s,0.018089
1756998176.486,latency_s,0.018941
1756998176.488,latency_s,0.018512
1756998176.507,latency_s,0.018647
1756998176.507,latency_s,0.018999
1756998176.518,latency_s,0.020226
1756998176.518,latency_s,0.019863
1756998176.518,latency_s,0.019823
1756998176.519,latency_s,0.018578
1756998176.523,latency_s,0.019823
1756998176.549,latency_s,0.018782
1756998176.558,latency_s,0.018836
1756998176.559,latency_s,0.019551
1756998176.560,latency_s,0.019083
1756998176.560,latency_s,0.018290
1756998176.560,latency_s,0.017573
1756998176.565,latency_s,0.017948
1756998176.572,latency_s,0.019608
1756998176.576,latency_s,0.020519
1756998176.576,latency_s,0.020365
1756998176.576,latency_s,0.020200
1756998176.576,latency_s,0.020269
1756998176.576,latency_s,0.018621
1756998176.583,latency_s,0.018870
1756998176.587,latency_s,0.017815
1756998176.590,latency_s,0.020236
1756998176.607,latency_s,0.019542
1756998176.632,latency_s,0.043410
1756998176.632,latency_s,0.033770
1756998176.632,latency_s,0.033114
1756998176.632,latency_s,0.033360
1756998176.632,latency_s,0.031393
1756998176.632,latency_s,0.028418
1756998176.649,latency_s,0.018457
1756998176.659,latency_s,0.018450
1756998176.662,latency_s,0.019309
1756998176.662,latency_s,0.019517
1756998176.662,latency_s,0.019466
1756998176.662,latency_s,0.019386
1756998176.666,latency_s,0.017964
1756998176.673,latency_s,0.018256
1756998176.675,latency_s,0.019235
1756998176.675,latency_s,0.019224
1756998176.677,latency_s,0.020728
1756998176.677,latency_s,0.020368
1756998176.677,latency_s,0.019113
1756998176.683,latency_s,0.017996
1756998176.691,latency_s,0.020744
1756998176.691,latency_s,0.020652
1756998176.707,latency_s,0.018611
1756998176.707,latency_s,0.018510
1756998176.720,latency_s,0.021159
1756998176.720,latency_s,0.020913
1756998176.720,latency_s,0.021065
1756998176.720,latency_s,0.019341
1756998176.722,latency_s,0.018009
1756998176.750,latency_s,0.018660
1756998176.759,latency_s,0.018337
1756998176.761,latency_s,0.018621
1756998176.762,latency_s,0.019493
1756998176.763,latency_s,0.019908
1756998176.763,latency_s,0.019681
1756998176.766,latency_s,0.017871
1756998176.772,latency_s,0.017839
1756998176.777,latency_s,0.020549
1756998176.777,latency_s,0.020786
1756998176.777,latency_s,0.020166
1756998176.777,latency_s,0.019781
1756998176.777,latency_s,0.018916
1756998176.786,latency_s,0.018273
1756998176.790,latency_s,0.019736
1756998176.790,latency_s,0.019758
1756998176.807,latency_s,0.018052
1756998176.809,latency_s,0.018384
1756998176.820,latency_s,0.020144
1756998176.820,latency_s,0.019879
1756998176.820,latency_s,0.020141
1756998176.820,latency_s,0.018450
1756998176.824,latency_s,0.019227
1756998176.850,latency_s,0.018185
1756998176.859,latency_s,0.017746
1756998176.865,latency_s,0.021463
1756998176.865,latency_s,0.021861
1756998176.865,latency_s,0.022114
1756998176.866,latency_s,0.022633
1756998176.867,latency_s,0.017886
1756998176.873,latency_s,0.018137
1756998176.876,latency_s,0.019246
1756998176.876,latency_s,0.019254
1756998176.876,latency_s,0.019024
1756998176.881,latency_s,0.023458
1756998176.881,latency_s,0.022554
1756998176.886,latency_s,0.018018
1756998176.888,latency_s,0.017814
1756998176.889,latency_s,0.017854
1756998176.908,latency_s,0.018187
1756998176.908,latency_s,0.017507
1756998176.919,latency_s,0.019428
1756998176.919,latency_s,0.018996
1756998176.919,latency_s,0.019356
1756998176.920,latency_s,0.017775
1756998176.923,latency_s,0.018083
1756998176.951,latency_s,0.018799
1756998176.959,latency_s,0.018138
1756998176.963,latency_s,0.019795
1756998176.964,latency_s,0.019914
1756998176.964,latency_s,0.019821
1756998176.964,latency_s,0.019240
1756998176.967,latency_s,0.017878
1756998176.973,latency_s,0.018087
1756998176.975,latency_s,0.018152
1756998176.975,latency_s,0.017975
1756998176.975,latency_s,0.018384
1756998176.978,latency_s,0.020520
1756998176.978,latency_s,0.019569
1756998176.987,latency_s,0.018814
1756998176.989,latency_s,0.018283
1756998176.989,latency_s,0.018227
1756998177.008,latency_s,0.017666
1756998177.010,latency_s,0.017287
1756998177.018,latency_s,0.018208
1756998177.019,latency_s,0.017960
1756998177.019,latency_s,0.018084
1756998177.021,latency_s,0.018207
1756998177.024,latency_s,0.018403
1756998177.052,latency_s,0.018392
1756998177.059,latency_s,0.017317
1756998177.064,latency_s,0.019876
1756998177.064,latency_s,0.019979
1756998177.064,latency_s,0.019948
1756998177.064,latency_s,0.019292
1756998177.069,latency_s,0.018885
1756998177.073,latency_s,0.017576
1756998177.075,latency_s,0.017429
1756998177.077,latency_s,0.018776
1756998177.077,latency_s,0.018751
1756998177.077,latency_s,0.017695
1756998177.087,latency_s,0.017656
1756998177.089,latency_s,0.017601
1756998177.089,latency_s,0.017463
1756998177.109,latency_s,0.018109
1756998177.111,latency_s,0.017562
1756998177.120,latency_s,0.019356
1756998177.120,latency_s,0.019431
1756998177.120,latency_s,0.019224
1756998177.121,latency_s,0.017884
1756998177.124,latency_s,0.018216
1756998177.152,latency_s,0.018330
1756998177.161,latency_s,0.018548
1756998177.162,latency_s,0.017379
1756998177.163,latency_s,0.019048
1756998177.164,latency_s,0.019269
1756998177.164,latency_s,0.018796
1756998177.168,latency_s,0.017406
1756998177.175,latency_s,0.017679
1756998177.177,latency_s,0.018677
1756998177.177,latency_s,0.018621
1756998177.177,latency_s,0.018721
1756998177.178,latency_s,0.018013
1756998177.189,latency_s,0.018243
1756998177.190,latency_s,0.017652
1756998177.190,latency_s,0.018766
1756998177.199,latency_s,0.139981
1756998177.199,latency_s,0.039624
1756998177.209,latency_s,0.018037
1756998177.213,latency_s,0.017687
1756998177.222,latency_s,0.020065
1756998177.222,latency_s,0.020134
1756998177.222,latency_s,0.019120
1756998177.222,latency_s,0.018428
1756998177.226,latency_s,0.019460
1756998177.254,latency_s,0.019044
1756998177.261,latency_s,0.017768
1756998177.263,latency_s,0.018345
1756998177.264,latency_s,0.018570
1756998177.264,latency_s,0.018563
1756998177.264,latency_s,0.017859
1756998177.270,latency_s,0.019230
1756998177.276,latency_s,0.018268
1756998177.277,latency_s,0.017716
1756998177.277,latency_s,0.017714
1756998177.277,latency_s,0.017556
1756998177.279,latency_s,0.018729
1756998177.290,latency_s,0.017969
1756998177.290,latency_s,0.018023
1756998177.293,latency_s,0.019819
1756998177.311,latency_s,0.019020
1756998177.314,latency_s,0.018247
1756998177.321,latency_s,0.018270
1756998177.321,latency_s,0.018397
1756998177.323,latency_s,0.018914
1756998177.323,latency_s,0.019014
1756998177.326,latency_s,0.018392
1756998177.354,latency_s,0.019190
1756998177.361,latency_s,0.018007
1756998177.363,latency_s,0.017955
1756998177.363,latency_s,0.017670
1756998177.363,latency_s,0.018111
1756998177.365,latency_s,0.018689
1756998177.370,latency_s,0.018506
1756998177.375,latency_s,0.018040
1756998177.379,latency_s,0.018911
1756998177.379,latency_s,0.018923
1756998177.379,latency_s,0.018498
1756998177.379,latency_s,0.018930
1756998177.392,latency_s,0.019950
1756998177.392,latency_s,0.019763
1756998177.392,latency_s,0.019163
1756998177.400,latency_s,0.141010
1756998177.400,latency_s,0.039921
1756998177.412,latency_s,0.018865
1756998177.416,latency_s,0.017907
1756998177.424,latency_s,0.020552
1756998177.424,latency_s,0.020606
1756998177.424,latency_s,0.019668
1756998177.424,latency_s,0.019758
1756998177.428,latency_s,0.019180
1756998177.453,latency_s,0.017796
1756998177.466,latency_s,0.021790
1756998177.466,latency_s,0.019943
1756998177.466,latency_s,0.019705
1756998177.466,latency_s,0.019968
1756998177.466,latency_s,0.018971
1756998177.471,latency_s,0.018600
1756998177.480,latency_s,0.019961
1756998177.480,latency_s,0.019998
1756998177.480,latency_s,0.020116
1756998177.480,latency_s,0.020028
1756998177.480,latency_s,0.019325
1756998177.483,latency_s,0.019335
1756998177.491,latency_s,0.017996
1756998177.491,latency_s,0.017642
1756998177.491,latency_s,0.018058
1756998177.513,latency_s,0.019023
1756998177.517,latency_s,0.017760
1756998177.524,latency_s,0.019938
1756998177.524,latency_s,0.019706
1756998177.524,latency_s,0.019554
1756998177.524,latency_s,0.019500
1756998177.528,latency_s,0.018791
1756998177.554,latency_s,0.018079
1756998177.563,latency_s,0.018089
1756998177.565,latency_s,0.018687
1756998177.565,latency_s,0.018544
1756998177.565,latency_s,0.017826
1756998177.565,latency_s,0.017931
1756998177.570,latency_s,0.017794
1756998177.579,latency_s,0.018368
1756998177.580,latency_s,0.018404
1756998177.580,latency_s,0.018422
1756998177.583,latency_s,0.021411
1756998177.583,latency_s,0.020060
1756998177.583,latency_s,0.019492
1756998177.591,latency_s,0.017884
1756998177.591,latency_s,0.017512
1756998177.594,latency_s,0.018950
1756998177.613,latency_s,0.018869
1756998177.619,latency_s,0.018894
1756998177.624,latency_s,0.019799
1756998177.624,latency_s,0.019570
1756998177.624,latency_s,0.019292
1756998177.624,latency_s,0.019160
1756998177.628,latency_s,0.018591
1756998177.656,latency_s,0.019595
1756998177.663,latency_s,0.018390
1756998177.666,latency_s,0.019069
1756998177.666,latency_s,0.018905
1756998177.666,latency_s,0.018573
1756998177.666,latency_s,0.018504
1756998177.673,latency_s,0.019850
1756998177.682,latency_s,0.020336
1756998177.682,latency_s,0.019930
1756998177.682,latency_s,0.019857
1756998177.682,latency_s,0.019613
1756998177.682,latency_s,0.018461
1756998177.682,latency_s,0.017686
1756998177.691,latency_s,0.017799
1756998177.695,latency_s,0.020127
1756998177.695,latency_s,0.019188
1756998177.713,latency_s,0.018679
1756998177.719,latency_s,0.017829
1756998177.723,latency_s,0.018689
1756998177.723,latency_s,0.018544
1756998177.724,latency_s,0.018604
1756998177.724,latency_s,0.018178
1756998177.729,latency_s,0.019196
1756998177.755,latency_s,0.018239
1756998177.764,latency_s,0.018527
1756998177.768,latency_s,0.020185
1756998177.768,latency_s,0.020275
1756998177.769,latency_s,0.020188
1756998177.769,latency_s,0.020356
1756998177.771,latency_s,0.017810
1756998177.780,latency_s,0.018247
1756998177.781,latency_s,0.018019
1756998177.781,latency_s,0.018522
1756998177.781,latency_s,0.018914
1756998177.784,latency_s,0.020099
1756998177.784,latency_s,0.019840
1756998177.793,latency_s,0.018524
1756998177.793,latency_s,0.017602
1756998177.794,latency_s,0.017366
1756998177.813,latency_s,0.018302
1756998177.819,latency_s,0.017924
1756998177.826,latency_s,0.020629
1756998177.826,latency_s,0.020113
1756998177.826,latency_s,0.019727
1756998177.826,latency_s,0.020134
1756998177.830,latency_s,0.018925
1756998177.858,latency_s,0.020387
1756998177.865,latency_s,0.018213
1756998177.868,latency_s,0.019879
1756998177.868,latency_s,0.019563
1756998177.869,latency_s,0.019805
1756998177.869,latency_s,0.020067
1756998177.872,latency_s,0.018380
1756998177.881,latency_s,0.018919
1756998177.881,latency_s,0.018236
1756998177.884,latency_s,0.020933
1756998177.884,latency_s,0.019143
1756998177.885,latency_s,0.019119
1756998177.885,latency_s,0.021406
1756998177.893,latency_s,0.017963
1756998177.895,latency_s,0.019520
1756998177.895,latency_s,0.018365
1756998177.917,latency_s,0.020022
1756998177.922,latency_s,0.018417
1756998177.925,latency_s,0.018966
1756998177.925,latency_s,0.018876
1756998177.925,latency_s,0.018919
1756998177.925,latency_s,0.018622
1756998177.931,latency_s,0.018935
1756998177.957,latency_s,0.018657
1756998177.966,latency_s,0.018969
1756998177.970,latency_s,0.020779
1756998177.971,latency_s,0.021184
1756998177.971,latency_s,0.021469
1756998177.971,latency_s,0.019563
1756998177.972,latency_s,0.017993
1756998177.982,latency_s,0.019049
1756998177.982,latency_s,0.019036
1756998177.985,latency_s,0.020461
1756998177.985,latency_s,0.019697
1756998177.985,latency_s,0.019230
1756998177.986,latency_s,0.018933
1756998177.994,latency_s,0.018917
1756998177.994,latency_s,0.018039
1756998177.998,latency_s,0.019149
1756998178.018,latency_s,0.018541
1756998178.023,latency_s,0.018278
1756998178.026,latency_s,0.018353
1756998178.026,latency_s,0.018520
1756998178.026,latency_s,0.018040
1756998178.026,latency_s,0.018739
1756998178.031,latency_s,0.018281
1756998178.057,latency_s,0.018418
1756998178.067,latency_s,0.018181
1756998178.070,latency_s,0.018414
1756998178.070,latency_s,0.018480
1756998178.070,latency_s,0.018273
1756998178.070,latency_s,0.017930
1756998178.073,latency_s,0.018349
1756998178.082,latency_s,0.018708
1756998178.082,latency_s,0.018559
1756998178.082,latency_s,0.017403
1756998178.085,latency_s,0.018596
1756998178.085,latency_s,0.017606
1756998178.085,latency_s,0.018242
1756998178.094,latency_s,0.018735
1756998178.095,latency_s,0.017871
1756998178.098,latency_s,0.019270
1756998178.119,latency_s,0.018317
1756998178.122,latency_s,0.017976
1756998178.126,latency_s,0.018661
1756998178.127,latency_s,0.018754
1756998178.127,latency_s,0.018608
1756998178.127,latency_s,0.018883
1756998178.133,latency_s,0.018369
1756998178.158,latency_s,0.018823
1756998178.168,latency_s,0.019098
1756998178.171,latency_s,0.019221
1756998178.171,latency_s,0.019139
1756998178.171,latency_s,0.019532
1756998178.171,latency_s,0.019081
1756998178.174,latency_s,0.017933
1756998178.183,latency_s,0.017689
1756998178.184,latency_s,0.018694
1756998178.186,latency_s,0.018901
1756998178.187,latency_s,0.019237
1756998178.187,latency_s,0.019050
1756998178.187,latency_s,0.018963
1756998178.194,latency_s,0.017983
1756998178.195,latency_s,0.017544
1756998178.197,latency_s,0.017780
1756998178.220,latency_s,0.018095
1756998178.226,latency_s,0.018593
1756998178.228,latency_s,0.019253
1756998178.228,latency_s,0.019063
1756998178.228,latency_s,0.019299
1756998178.229,latency_s,0.019329
1756998178.233,latency_s,0.017650
1756998178.258,latency_s,0.018821
1756998178.268,latency_s,0.018061
1756998178.272,latency_s,0.020294
1756998178.272,latency_s,0.020323
1756998178.272,latency_s,0.020011
1756998178.272,latency_s,0.020534
1756998178.273,latency_s,0.017345
1756998178.283,latency_s,0.017722
1756998178.285,latency_s,0.018784
1756998178.287,latency_s,0.018953
1756998178.287,latency_s,0.018859
1756998178.287,latency_s,0.018704
1756998178.287,latency_s,0.018574
1756998178.295,latency_s,0.018256
1756998178.297,latency_s,0.017813
1756998178.299,latency_s,0.018984
1756998178.321,latency_s,0.017902
1756998178.327,latency_s,0.018764
1756998178.327,latency_s,0.018634
1756998178.327,latency_s,0.018344
1756998178.327,latency_s,0.018700
1756998178.329,latency_s,0.018886
1756998178.334,latency_s,0.017769
1756998178.358,latency_s,0.018469
1756998178.372,latency_s,0.019744
1756998178.372,latency_s,0.019789
1756998178.372,latency_s,0.019868
1756998178.373,latency_s,0.019776
1756998178.373,latency_s,0.020180
1756998178.375,latency_s,0.018279
1756998178.384,latency_s,0.017752
1756998178.387,latency_s,0.019166
1756998178.387,latency_s,0.018630
1756998178.387,latency_s,0.018604
1756998178.388,latency_s,0.018744
1756998178.396,latency_s,0.019114
1756998178.399,latency_s,0.018812
1756998178.399,latency_s,0.019199
1756998178.422,latency_s,0.018220
1756998178.427,latency_s,0.019196
1756998178.428,latency_s,0.018321
1756998178.428,latency_s,0.018265
1756998178.428,latency_s,0.018426
1756998178.430,latency_s,0.019290
1756998178.434,latency_s,0.017571
1756998178.459,latency_s,0.018238
1756998178.473,latency_s,0.020015
1756998178.473,latency_s,0.019979
1756998178.473,latency_s,0.020242
1756998178.473,latency_s,0.019742
1756998178.473,latency_s,0.019755
1756998178.476,latency_s,0.018465
1756998178.486,latency_s,0.018165
1756998178.488,latency_s,0.018598
1756998178.488,latency_s,0.019220
1756998178.489,latency_s,0.020376
1756998178.489,latency_s,0.018398
1756998178.497,latency_s,0.018715
1756998178.502,latency_s,0.020002
1756998178.502,latency_s,0.020123
1756998178.505,latency_s,0.139531
1756998178.505,latency_s,0.038973
1756998178.522,latency_s,0.017979
1756998178.527,latency_s,0.018381
1756998178.528,latency_s,0.018384
1756998178.528,latency_s,0.018458
1756998178.528,latency_s,0.018408
1756998178.529,latency_s,0.017676
1756998178.536,latency_s,0.019145
1756998178.559,latency_s,0.018107
1756998178.573,latency_s,0.020360
1756998178.573,latency_s,0.019770
1756998178.573,latency_s,0.020175
1756998178.573,latency_s,0.019536
1756998178.574,latency_s,0.019549
1756998178.575,latency_s,0.017769
1756998178.585,latency_s,0.018370
1756998178.588,latency_s,0.020580
1756998178.589,latency_s,0.020162
1756998178.589,latency_s,0.019527
1756998178.589,latency_s,0.019219
1756998178.589,latency_s,0.018192
1756998178.597,latency_s,0.018808
1756998178.601,latency_s,0.018378
1756998178.602,latency_s,0.018876
1756998178.631,latency_s,0.022268
1756998178.631,latency_s,0.020772
1756998178.631,latency_s,0.020861
1756998178.632,latency_s,0.020833
1756998178.632,latency_s,0.020354
1756998178.632,latency_s,0.020633
1756998178.637,latency_s,0.018267
1756998178.660,latency_s,0.017997
1756998178.670,latency_s,0.017540
1756998178.672,latency_s,0.018623
1756998178.672,latency_s,0.018617
1756998178.672,latency_s,0.018249
1756998178.673,latency_s,0.017992
1756998178.675,latency_s,0.017528
1756998178.687,latency_s,0.020041
1756998178.687,latency_s,0.019288
1756998178.688,latency_s,0.018594
1756998178.689,latency_s,0.018459
1756998178.689,latency_s,0.018468
1756998178.690,latency_s,0.018366
1756998178.696,latency_s,0.017756
1756998178.702,latency_s,0.019155
1756998178.703,latency_s,0.019271
1756998178.728,latency_s,0.018566
1756998178.728,latency_s,0.017556
1756998178.753,latency_s,0.041438
1756998178.753,latency_s,0.041112
1756998178.753,latency_s,0.041148
1756998178.753,latency_s,0.033683
1756998178.760,latency_s,0.017910
1756998178.772,latency_s,0.019171
1756998178.772,latency_s,0.018589
1756998178.772,latency_s,0.018611
1756998178.773,latency_s,0.018358
1756998178.774,latency_s,0.018541
1756998178.776,latency_s,0.017692
1756998178.786,latency_s,0.018329
1756998178.788,latency_s,0.017881
1756998178.791,latency_s,0.020339
1756998178.792,latency_s,0.023011
1756998178.792,latency_s,0.020526
1756998178.792,latency_s,0.021832
1756998178.798,latency_s,0.018770
1756998178.803,latency_s,0.019266
1756998178.803,latency_s,0.019329
1756998178.832,latency_s,0.021496
1756998178.832,latency_s,0.021253
1756998178.832,latency_s,0.021008
1756998178.832,latency_s,0.020562
1756998178.832,latency_s,0.020801
1756998178.839,latency_s,0.018874
1756998178.846,latency_s,0.134306
1756998178.846,latency_s,0.033978
1756998178.860,latency_s,0.017791
1756998178.872,latency_s,0.017854
1756998178.872,latency_s,0.018015
1756998178.872,latency_s,0.018031
1756998178.872,latency_s,0.017663
1756998178.876,latency_s,0.020023
1756998178.877,latency_s,0.018203
1756998178.887,latency_s,0.019422
1756998178.888,latency_s,0.018177
1756998178.888,latency_s,0.017648
1756998178.889,latency_s,0.018178
1756998178.890,latency_s,0.018364
1756998178.890,latency_s,0.018192
1756998178.898,latency_s,0.018381
1756998178.902,latency_s,0.018508
1756998178.903,latency_s,0.018821
1756998178.933,latency_s,0.022207
1756998178.934,latency_s,0.023114
1756998178.934,latency_s,0.022538
1756998178.934,latency_s,0.022200
1756998178.934,latency_s,0.022051
1756998178.935,latency_s,0.022611
1756998178.939,latency_s,0.019511
1756998178.961,latency_s,0.018197
1756998178.975,latency_s,0.020772
1756998178.975,latency_s,0.020525
1756998178.975,latency_s,0.020664
1756998178.975,latency_s,0.020013
1756998178.975,latency_s,0.018657
1756998178.978,latency_s,0.018299
1756998178.988,latency_s,0.019394
1756998178.989,latency_s,0.018777
1756998178.989,latency_s,0.018525
1756998178.990,latency_s,0.018558
1756998178.998,latency_s,0.018229
1756998179.003,latency_s,0.018647
1756998179.003,latency_s,0.018382
1756998179.033,latency_s,0.021348
1756998179.033,latency_s,0.020518
1756998179.033,latency_s,0.020328
1756998179.033,latency_s,0.021475
1756998179.033,latency_s,0.021003
1756998179.033,latency_s,0.020600
1756998179.038,latency_s,0.017596
1756998179.062,latency_s,0.018444
1756998179.076,latency_s,0.021551
1756998179.076,latency_s,0.021387
1756998179.076,latency_s,0.021790
1756998179.076,latency_s,0.020895
1756998179.076,latency_s,0.019454
1756998179.078,latency_s,0.017815
1756998179.087,latency_s,0.017485
1756998179.091,latency_s,0.020386
1756998179.091,latency_s,0.019424
1756998179.091,latency_s,0.018561
1756998179.099,latency_s,0.018139
1756998179.124,latency_s,0.038900
1756998179.124,latency_s,0.038008
1756998179.124,latency_s,0.151529
1756998179.124,latency_s,0.051054
1756998179.124,latency_s,0.152345
1756998179.124,latency_s,0.052044
1756998179.132,latency_s,0.020317
1756998179.132,latency_s,0.020132
1756998179.132,latency_s,0.019871
1756998179.132,latency_s,0.020547
1756998179.132,latency_s,0.019718
1756998179.132,latency_s,0.019570
1756998179.139,latency_s,0.018198
1756998179.163,latency_s,0.019098
1756998179.174,latency_s,0.018904
1756998179.174,latency_s,0.018703
1756998179.174,latency_s,0.018377
1756998179.174,latency_s,0.018868
1756998179.176,latency_s,0.018199
1756998179.178,latency_s,0.017747
1756998179.189,latency_s,0.019253
1756998179.189,latency_s,0.018657
1756998179.189,latency_s,0.018071
1756998179.192,latency_s,0.019596
1756998179.192,latency_s,0.018918
1756998179.192,latency_s,0.019485
1756998179.200,latency_s,0.018194
1756998179.202,latency_s,0.017615
1756998179.204,latency_s,0.018283
1756998179.233,latency_s,0.020299
1756998179.233,latency_s,0.020512
1756998179.233,latency_s,0.020423
1756998179.233,latency_s,0.019979
1756998179.233,latency_s,0.020189
1756998179.233,latency_s,0.019320
1756998179.240,latency_s,0.018368
1756998179.263,latency_s,0.018267
1756998179.276,latency_s,0.019809
1756998179.276,latency_s,0.019651
1756998179.276,latency_s,0.019513
1756998179.276,latency_s,0.019812
1756998179.276,latency_s,0.017557
1756998179.278,latency_s,0.017384
1756998179.288,latency_s,0.017959
1756998179.289,latency_s,0.018275
1756998179.291,latency_s,0.019520
1756998179.291,latency_s,0.017673
1756998179.292,latency_s,0.018118
1756998179.292,latency_s,0.018222
1756998179.299,latency_s,0.017866
1756998179.303,latency_s,0.018113
1756998179.304,latency_s,0.017610
1756998179.334,latency_s,0.020399
1756998179.334,latency_s,0.020387
1756998179.334,latency_s,0.019986
1756998179.334,latency_s,0.020523
1756998179.334,latency_s,0.020645
1756998179.334,latency_s,0.020847
1756998179.339,latency_s,0.017474
1756998179.363,latency_s,0.017975
1756998179.376,latency_s,0.019019
1756998179.376,latency_s,0.019033
1756998179.376,latency_s,0.018139
1756998179.376,latency_s,0.018458
1756998179.378,latency_s,0.018595
1756998179.379,latency_s,0.017691
1756998179.390,latency_s,0.019143
1756998179.390,latency_s,0.017736
1756998179.394,latency_s,0.022292
1756998179.394,latency_s,0.019998
1756998179.394,latency_s,0.020043
1756998179.394,latency_s,0.020034
1756998179.401,latency_s,0.019199
1756998179.403,latency_s,0.018133
1756998179.407,latency_s,0.019138
1756998179.434,latency_s,0.020683
1756998179.434,latency_s,0.020390
1756998179.435,latency_s,0.020816
1756998179.435,latency_s,0.020466
1756998179.435,latency_s,0.020185
1756998179.435,latency_s,0.020116
1756998179.440,latency_s,0.017437
1756998179.464,latency_s,0.018367
1756998179.475,latency_s,0.018373
1756998179.475,latency_s,0.018154
1756998179.477,latency_s,0.018752
1756998179.478,latency_s,0.018951
1756998179.478,latency_s,0.017568
1756998179.480,latency_s,0.018377
1756998179.490,latency_s,0.018374
1756998179.492,latency_s,0.018241
1756998179.492,latency_s,0.018697
1756998179.493,latency_s,0.018045
1756998179.495,latency_s,0.019605
1756998179.496,latency_s,0.019852
1756998179.501,latency_s,0.018319
1756998179.504,latency_s,0.018519
1756998179.506,latency_s,0.018038
1756998179.534,latency_s,0.020224
1756998179.535,latency_s,0.020400
1756998179.535,latency_s,0.020271
1756998179.535,latency_s,0.020316
1756998179.535,latency_s,0.019868
1756998179.535,latency_s,0.020182
1756998179.542,latency_s,0.019005
1756998179.564,latency_s,0.018167
1756998179.579,latency_s,0.021666
1756998179.579,latency_s,0.021405
1756998179.594,latency_s,0.035068
1756998179.594,latency_s,0.035087
1756998179.594,latency_s,0.033726
1756998179.595,latency_s,0.032262
1756998179.595,latency_s,0.022966
1756998179.595,latency_s,0.020436
1756998179.595,latency_s,0.019778
1756998179.595,latency_s,0.020651
1756998179.595,latency_s,0.018698
1756998179.595,latency_s,0.018570
1756998179.605,latency_s,0.022298
1756998179.605,latency_s,0.018994
1756998179.609,latency_s,0.020264
1756998179.634,latency_s,0.019719
1756998179.634,latency_s,0.019231
1756998179.634,latency_s,0.019563
1756998179.634,latency_s,0.019665
1756998179.635,latency_s,0.020053
1756998179.635,latency_s,0.019422
1756998179.642,latency_s,0.018801
1756998179.665,latency_s,0.018789
1756998179.676,latency_s,0.018528
1756998179.677,latency_s,0.018573
1756998179.677,latency_s,0.017453
1756998179.678,latency_s,0.017641
1756998179.681,latency_s,0.019198
1756998179.681,latency_s,0.018287
1756998179.690,latency_s,0.018257
1756998179.694,latency_s,0.019741
1756998179.695,latency_s,0.020559
1756998179.695,latency_s,0.019721
1756998179.695,latency_s,0.018337
1756998179.695,latency_s,0.018396
1756998179.703,latency_s,0.019480
1756998179.705,latency_s,0.018553
1756998179.735,latency_s,0.019968
1756998179.735,latency_s,0.019893
1756998179.735,latency_s,0.019734
1756998179.735,latency_s,0.020200
1756998179.735,latency_s,0.020238
1756998179.735,latency_s,0.019345
1756998179.782,latency_s,0.057865
1756998179.782,latency_s,0.035296
1756998179.782,latency_s,0.024017
1756998179.782,latency_s,0.023588
1756998179.782,latency_s,0.021580
1756998179.782,latency_s,0.021713
1756998179.791,latency_s,0.028001
1756998179.791,latency_s,0.027000
1756998179.791,latency_s,0.018889
1756998179.793,latency_s,0.018270
1756998179.795,latency_s,0.020184
1756998179.795,latency_s,0.019496
1756998179.795,latency_s,0.018481
1756998179.806,latency_s,0.029482
1756998179.806,latency_s,0.022201
1756998179.808,latency_s,0.021116
1756998179.831,latency_s,0.141944
1756998179.831,latency_s,0.040344
1756998179.834,latency_s,0.018455
1756998179.834,latency_s,0.018679
1756998179.834,latency_s,0.018863
1756998179.846,latency_s,0.030292
1756998179.846,latency_s,0.030240
1756998179.846,latency_s,0.029399
1756998179.846,latency_s,0.021192
1756998179.866,latency_s,0.018728
1756998179.878,latency_s,0.019036
1756998179.878,latency_s,0.019292
1756998179.881,latency_s,0.020194
1756998179.882,latency_s,0.018759
1756998179.882,latency_s,0.018681
1756998179.882,latency_s,0.017488
1756998179.893,latency_s,0.021008
1756998179.897,latency_s,0.020500
1756998179.897,latency_s,0.020486
1756998179.897,latency_s,0.020420
1756998179.897,latency_s,0.020057
1756998179.897,latency_s,0.019815
1756998179.904,latency_s,0.018660
1756998179.911,latency_s,0.023629
1756998179.911,latency_s,0.019289
1756998179.935,latency_s,0.018950
1756998179.935,latency_s,0.019028
1756998179.935,latency_s,0.019006
1756998179.935,latency_s,0.018579
1756998179.935,latency_s,0.018924
1756998179.935,latency_s,0.018471
1756998179.943,latency_s,0.018098
1756998179.966,latency_s,0.018369
1756998179.978,latency_s,0.018641
1756998179.978,latency_s,0.018763
1756998179.980,latency_s,0.018435
1756998179.984,latency_s,0.020303
1756998179.984,latency_s,0.020164
1756998179.984,latency_s,0.019140
1756998179.991,latency_s,0.018761
1756998179.996,latency_s,0.019575
1756998179.996,latency_s,0.019289
1756998179.997,latency_s,0.020441
1756998179.998,latency_s,0.019819
1756998179.998,latency_s,0.020097
1756998180.003,latency_s,0.017977
1756998180.008,latency_s,0.019275
1756998180.013,latency_s,0.020467
1756998180.036,latency_s,0.019820
1756998180.036,latency_s,0.019906
1756998180.050,latency_s,0.033329
1756998180.050,latency_s,0.033232
1756998180.050,latency_s,0.033062
1756998180.050,latency_s,0.032663
1756998180.050,latency_s,0.024449
1756998180.067,latency_s,0.019058
1756998180.077,latency_s,0.017796
1756998180.080,latency_s,0.018864
1756998180.080,latency_s,0.018306
1756998180.083,latency_s,0.018833
1756998180.083,latency_s,0.018488
1756998180.097,latency_s,0.031857
1756998180.097,latency_s,0.023407
1756998180.097,latency_s,0.019760
1756998180.097,latency_s,0.019292
1756998180.097,latency_s,0.019223
1756998180.097,latency_s,0.018778
1756998180.097,latency_s,0.018550
1756998180.104,latency_s,0.018292
1756998180.111,latency_s,0.022403
1756998180.111,latency_s,0.018631
1756998180.139,latency_s,0.021898
1756998180.139,latency_s,0.021545
1756998180.139,latency_s,0.021267
1756998180.139,latency_s,0.021728
1756998180.139,latency_s,0.021616
1756998180.139,latency_s,0.021713
1756998180.150,latency_s,0.024328
1756998180.167,latency_s,0.018633
1756998180.179,latency_s,0.018974
1756998180.180,latency_s,0.018817
1756998180.180,latency_s,0.018199
1756998180.182,latency_s,0.017895
1756998180.183,latency_s,0.017984
1756998180.183,latency_s,0.017668
1756998180.195,latency_s,0.021114
1756998180.196,latency_s,0.018487
1756998180.196,latency_s,0.017985
1756998180.198,latency_s,0.020761
1756998180.199,latency_s,0.019975
1756998180.199,latency_s,0.019565
1756998180.204,latency_s,0.017964
1756998180.209,latency_s,0.020213
1756998180.211,latency_s,0.018200
1756998180.238,latency_s,0.020523
1756998180.238,latency_s,0.020271
1756998180.238,latency_s,0.020903
1756998180.238,latency_s,0.020648
1756998180.238,latency_s,0.020882
1756998180.251,latency_s,0.032979
1756998180.251,latency_s,0.024278
1756998180.267,latency_s,0.018049
1756998180.279,latency_s,0.017955
1756998180.282,latency_s,0.019669
1756998180.282,latency_s,0.019412
1756998180.284,latency_s,0.019364
1756998180.284,latency_s,0.019052
1756998180.284,latency_s,0.019168
1756998180.293,latency_s,0.018978
1756998180.298,latency_s,0.019917
1756998180.299,latency_s,0.018851
1756998180.299,latency_s,0.018996
1756998180.299,latency_s,0.018085
1756998180.299,latency_s,0.019012
1756998180.304,latency_s,0.017816
1756998180.309,latency_s,0.019573
1756998180.313,latency_s,0.019248
1756998180.338,latency_s,0.019174
1756998180.338,latency_s,0.019029
1756998180.338,latency_s,0.018973
1756998180.338,latency_s,0.019085
1756998180.338,latency_s,0.018722
1756998180.338,latency_s,0.019068
1756998180.345,latency_s,0.017638
1756998180.368,latency_s,0.018231
1756998180.379,latency_s,0.017740
1756998180.381,latency_s,0.017741
1756998180.381,latency_s,0.017878
1756998180.385,latency_s,0.019379
1756998180.385,latency_s,0.019365
1756998180.386,latency_s,0.019218
1756998180.393,latency_s,0.018126
1756998180.397,latency_s,0.017832
1756998180.399,latency_s,0.018853
1756998180.399,latency_s,0.019019
1756998180.399,latency_s,0.018747
1756998180.399,latency_s,0.018293
1756998180.407,latency_s,0.019555
1756998180.408,latency_s,0.018366
1756998180.412,latency_s,0.017554
1756998180.441,latency_s,0.022003
1756998180.441,latency_s,0.021823
1756998180.441,latency_s,0.022085
1756998180.441,latency_s,0.022269
1756998180.441,latency_s,0.021637
1756998180.441,latency_s,0.022693
1756998180.446,latency_s,0.017966
1756998180.468,latency_s,0.017799
1756998180.480,latency_s,0.018175
1756998180.483,latency_s,0.019010
1756998180.483,latency_s,0.018912
1756998180.484,latency_s,0.018200
1756998180.485,latency_s,0.018024
1756998180.485,latency_s,0.018183
1756998180.493,latency_s,0.017687
1756998180.497,latency_s,0.018321
1756998180.498,latency_s,0.017849
1756998180.501,latency_s,0.020190
1756998180.501,latency_s,0.020069
1756998180.501,latency_s,0.019726
1756998180.506,latency_s,0.018436
1756998180.508,latency_s,0.017593
1756998180.513,latency_s,0.018336
1756998180.538,latency_s,0.019426
1756998180.539,latency_s,0.019315
1756998180.539,latency_s,0.019205
1756998180.539,latency_s,0.019264
1756998180.539,latency_s,0.018847
1756998180.539,latency_s,0.018932
1756998180.546,latency_s,0.018084
1756998180.570,latency_s,0.019249
1756998180.580,latency_s,0.017986
1756998180.585,latency_s,0.020329
1756998180.585,latency_s,0.020218
1756998180.585,latency_s,0.018476
1756998180.585,latency_s,0.018186
1756998180.585,latency_s,0.017770
1756998180.595,latency_s,0.018567
1756998180.597,latency_s,0.017871
1756998180.601,latency_s,0.019279
1756998180.601,latency_s,0.019468
1756998180.601,latency_s,0.019875
1756998180.601,latency_s,0.018879
1756998180.606,latency_s,0.017658
1756998180.611,latency_s,0.020143
1756998180.615,latency_s,0.019065
1756998180.638,latency_s,0.019224
1756998180.653,latency_s,0.032764
1756998180.653,latency_s,0.032899
1756998180.653,latency_s,0.033118
1756998180.653,latency_s,0.032368
1756998180.653,latency_s,0.032504
1756998180.653,latency_s,0.024274
1756998180.671,latency_s,0.018397
1756998180.681,latency_s,0.017841
1756998180.684,latency_s,0.018680
1756998180.684,latency_s,0.018777
1756998180.686,latency_s,0.018605
1756998180.686,latency_s,0.018685
1756998180.686,latency_s,0.018395
1756998180.696,latency_s,0.018949
1756998180.698,latency_s,0.018944
1756998180.700,latency_s,0.018802
1756998180.702,latency_s,0.019807
1756998180.702,latency_s,0.020158
1756998180.702,latency_s,0.018993
1756998180.709,latency_s,0.020456
1756998180.709,latency_s,0.018466
1756998180.714,latency_s,0.018327
1756998180.739,latency_s,0.019573
1756998180.739,latency_s,0.019747
1756998180.740,latency_s,0.019617
1756998180.740,latency_s,0.019545
1756998180.740,latency_s,0.019053
1756998180.740,latency_s,0.019156
1756998180.748,latency_s,0.018828
1756998180.771,latency_s,0.018472
1756998180.781,latency_s,0.018193
1756998180.784,latency_s,0.018623
1756998180.784,latency_s,0.017779
1756998180.789,latency_s,0.020869
1756998180.789,latency_s,0.021017
1756998180.789,latency_s,0.020895
1756998180.796,latency_s,0.017888
1756998180.798,latency_s,0.017750
1756998180.802,latency_s,0.019567
1756998180.802,latency_s,0.019875
1756998180.802,latency_s,0.019435
1756998180.802,latency_s,0.018682
1756998180.808,latency_s,0.018408
1756998180.810,latency_s,0.018950
1756998180.817,latency_s,0.019324
1756998180.842,latency_s,0.021576
1756998180.842,latency_s,0.021653
1756998180.842,latency_s,0.021369
1756998180.842,latency_s,0.021053
1756998180.842,latency_s,0.021710
1756998180.842,latency_s,0.021225
1756998180.848,latency_s,0.017979
1756998180.872,latency_s,0.019074
1756998180.881,latency_s,0.018346
1756998180.886,latency_s,0.020430
1756998180.886,latency_s,0.019595
1756998180.886,latency_s,0.018562
1756998180.887,latency_s,0.018637
1756998180.887,latency_s,0.018641
1756998180.896,latency_s,0.018092
1756998180.898,latency_s,0.017774
1756998180.901,latency_s,0.018787
1756998180.901,latency_s,0.018751
1756998180.901,latency_s,0.018684
1756998180.901,latency_s,0.017983
1756998180.908,latency_s,0.018219
1756998180.910,latency_s,0.017895
1756998180.918,latency_s,0.019611
1756998180.942,latency_s,0.020895
1756998180.942,latency_s,0.021073
1756998180.942,latency_s,0.021027
1756998180.942,latency_s,0.020539
1756998180.942,latency_s,0.020594
1756998180.943,latency_s,0.020411
1756998180.948,latency_s,0.018364
1756998180.972,latency_s,0.018315
1756998180.982,latency_s,0.017846
1756998180.985,latency_s,0.018245
1756998180.985,latency_s,0.018018
1756998180.988,latency_s,0.019582
1756998180.988,latency_s,0.019642
1756998180.988,latency_s,0.019665
1756998180.997,latency_s,0.018644
1756998180.998,latency_s,0.017327
1756998181.002,latency_s,0.018819
1756998181.002,latency_s,0.019050
1756998181.002,latency_s,0.018188
1756998181.002,latency_s,0.019109
1756998181.008,latency_s,0.018115
1756998181.011,latency_s,0.018382
1756998181.018,latency_s,0.019546
1756998181.040,latency_s,0.017726
1756998181.043,latency_s,0.020339
1756998181.043,latency_s,0.020329
1756998181.043,latency_s,0.020482
1756998181.043,latency_s,0.020053
1756998181.043,latency_s,0.020124
1756998181.048,latency_s,0.017834
1756998181.073,latency_s,0.018927
1756998181.083,latency_s,0.018621
1756998181.085,latency_s,0.017683
1756998181.087,latency_s,0.018160
1756998181.088,latency_s,0.018394
1756998181.088,latency_s,0.018093
1756998181.088,latency_s,0.018422
1756998181.098,latency_s,0.018336
1756998181.099,latency_s,0.017964
1756998181.101,latency_s,0.018026
1756998181.101,latency_s,0.017854
1756998181.102,latency_s,0.018894
1756998181.103,latency_s,0.018694
1756998181.109,latency_s,0.017903
1756998181.111,latency_s,0.018114
1756998181.117,latency_s,0.018387
1756998181.145,latency_s,0.022384
1756998181.145,latency_s,0.022135
1756998181.145,latency_s,0.022419
1756998181.145,latency_s,0.022564
1756998181.145,latency_s,0.022156
1756998181.146,latency_s,0.022548
1756998181.149,latency_s,0.017848
1756998181.176,latency_s,0.020138
1756998181.184,latency_s,0.018659
1756998181.187,latency_s,0.019416
1756998181.187,latency_s,0.017602
1756998181.188,latency_s,0.017834
1756998181.192,latency_s,0.021562
1756998181.192,latency_s,0.021018
1756998181.206,latency_s,0.025153
1756998181.206,latency_s,0.024562
1756998181.206,latency_s,0.022559
1756998181.206,latency_s,0.022642
1756998181.206,latency_s,0.022274
1756998181.206,latency_s,0.021309
1756998181.210,latency_s,0.018671
1756998181.212,latency_s,0.018547
1756998181.258,latency_s,0.059038
1756998181.258,latency_s,0.034784
1756998181.259,latency_s,0.035249
1756998181.259,latency_s,0.035310
1756998181.259,latency_s,0.035093
1756998181.259,latency_s,0.035571
1756998181.259,latency_s,0.035174
1756998181.259,latency_s,0.027619
1756998181.275,latency_s,0.018781
1756998181.284,latency_s,0.018080
1756998181.287,latency_s,0.018820
1756998181.288,latency_s,0.018253
1756998181.288,latency_s,0.018405
1756998181.290,latency_s,0.018144
1756998181.291,latency_s,0.018646
1756998181.300,latency_s,0.018655
1756998181.304,latency_s,0.022884
1756998181.304,latency_s,0.020727
1756998181.304,latency_s,0.020596
1756998181.304,latency_s,0.020819
1756998181.306,latency_s,0.020417
1756998181.310,latency_s,0.018048
1756998181.317,latency_s,0.023444
1756998181.318,latency_s,0.017714
1756998181.345,latency_s,0.021435
1756998181.345,latency_s,0.020784
1756998181.345,latency_s,0.021584
1756998181.345,latency_s,0.021165
1756998181.345,latency_s,0.021433
1756998181.346,latency_s,0.021652
1756998181.360,latency_s,0.027955
1756998181.375,latency_s,0.018553
1756998181.385,latency_s,0.018470
1756998181.387,latency_s,0.018053
1756998181.390,latency_s,0.018972
1756998181.390,latency_s,0.018930
1756998181.391,latency_s,0.018470
1756998181.391,latency_s,0.018534
1756998181.400,latency_s,0.018286
1756998181.401,latency_s,0.018499
1756998181.403,latency_s,0.019551
1756998181.404,latency_s,0.019801
1756998181.405,latency_s,0.020292
1756998181.405,latency_s,0.018783
1756998181.412,latency_s,0.019430
1756998181.413,latency_s,0.018022
1756998181.419,latency_s,0.018416
1756998181.446,latency_s,0.022470
1756998181.446,latency_s,0.022283
1756998181.446,latency_s,0.022169
1756998181.447,latency_s,0.021911
1756998181.447,latency_s,0.021512
1756998181.447,latency_s,0.022331
1756998181.451,latency_s,0.018353
1756998181.477,latency_s,0.019257
1756998181.487,latency_s,0.019715
1756998181.487,latency_s,0.017923
1756998181.490,latency_s,0.018867
1756998181.491,latency_s,0.019917
1756998181.492,latency_s,0.018472
1756998181.492,latency_s,0.018387
1756998181.501,latency_s,0.018549
1756998181.502,latency_s,0.018244
1756998181.502,latency_s,0.018075
1756998181.502,latency_s,0.017632
1756998181.505,latency_s,0.020668
1756998181.506,latency_s,0.019228
1756998181.511,latency_s,0.018122
1756998181.514,latency_s,0.018309
1756998181.520,latency_s,0.018162
1756998181.545,latency_s,0.021074
1756998181.545,latency_s,0.021029
1756998181.545,latency_s,0.020650
1756998181.545,latency_s,0.020610
1756998181.545,latency_s,0.020480
1756998181.546,latency_s,0.020094
1756998181.550,latency_s,0.017565
1756998181.577,latency_s,0.018648
1756998181.586,latency_s,0.018205
1756998181.588,latency_s,0.018415
1756998181.590,latency_s,0.018116
1756998181.590,latency_s,0.017857
1756998181.592,latency_s,0.018462
1756998181.592,latency_s,0.018229
1756998181.601,latency_s,0.017672
1756998181.605,latency_s,0.020668
1756998181.605,latency_s,0.020607
1756998181.605,latency_s,0.020254
1756998181.605,latency_s,0.020249
1756998181.605,latency_s,0.018418
1756998181.611,latency_s,0.017598
1756998181.615,latency_s,0.018129
1756998181.620,latency_s,0.018319
1756998181.644,latency_s,0.019849
1756998181.644,latency_s,0.019805
1756998181.644,latency_s,0.019456
1756998181.644,latency_s,0.019523
1756998181.645,latency_s,0.019478
1756998181.652,latency_s,0.018943
1756998181.678,latency_s,0.018787
1756998181.689,latency_s,0.020547
1756998181.689,latency_s,0.018730
1756998181.692,latency_s,0.019424
1756998181.692,latency_s,0.019376
1756998181.692,latency_s,0.017860
1756998181.692,latency_s,0.017928
1756998181.705,latency_s,0.021527
1756998181.705,latency_s,0.020284
1756998181.705,latency_s,0.019559
1756998181.705,latency_s,0.019542
1756998181.705,latency_s,0.019520
1756998181.708,latency_s,0.019561
1756998181.713,latency_s,0.018840
1756998181.716,latency_s,0.019004
1756998181.723,latency_s,0.020620
1756998181.748,latency_s,0.022130
1756998181.748,latency_s,0.022831
1756998181.748,latency_s,0.022560
1756998181.748,latency_s,0.022361
1756998181.748,latency_s,0.022286
1756998181.752,latency_s,0.018242
1756998181.767,latency_s,0.140868
1756998181.767,latency_s,0.040780
1756998181.779,latency_s,0.018937
1756998181.787,latency_s,0.018395
1756998181.789,latency_s,0.018281
1756998181.791,latency_s,0.018137
1756998181.791,latency_s,0.018327
1756998181.793,latency_s,0.018591
1756998181.794,latency_s,0.018746
1756998181.802,latency_s,0.017916
1756998181.803,latency_s,0.017520
1756998181.804,latency_s,0.018611
1756998181.804,latency_s,0.018499
1756998181.805,latency_s,0.018828
1756998181.807,latency_s,0.018271
1756998181.812,latency_s,0.017742
1756998181.815,latency_s,0.017864
1756998181.822,latency_s,0.019477
1756998181.849,latency_s,0.023523
1756998181.849,latency_s,0.023088
1756998181.849,latency_s,0.023523
1756998181.849,latency_s,0.023442
1756998181.849,latency_s,0.023544
1756998181.849,latency_s,0.023213
1756998181.852,latency_s,0.017730
1756998181.879,latency_s,0.017572
1756998181.887,latency_s,0.018490
1756998181.889,latency_s,0.018332
1756998181.894,latency_s,0.019273
1756998181.894,latency_s,0.019196
1756998181.895,latency_s,0.018044
1756998181.895,latency_s,0.018041
1756998181.908,latency_s,0.023102
1756998181.908,latency_s,0.022620
1756998181.908,latency_s,0.022029
1756998181.908,latency_s,0.022303
1756998181.908,latency_s,0.022291
1756998181.908,latency_s,0.018603
1756998181.913,latency_s,0.018244
1756998181.915,latency_s,0.017443
1756998181.923,latency_s,0.019170
1756998181.946,latency_s,0.019885
1756998181.946,latency_s,0.019355
1756998181.946,latency_s,0.019801
1756998181.946,latency_s,0.019879
1756998181.946,latency_s,0.019624
1756998181.947,latency_s,0.020162
1756998181.952,latency_s,0.017816
1756998181.981,latency_s,0.019221
1756998181.988,latency_s,0.018335
1756998181.990,latency_s,0.018401
1756998181.993,latency_s,0.018832
1756998181.994,latency_s,0.019046
1756998181.997,latency_s,0.018658
1756998181.997,latency_s,0.018710
1756998182.004,latency_s,0.018101
1756998182.006,latency_s,0.019468
1756998182.006,latency_s,0.019433
1756998182.007,latency_s,0.019073
1756998182.007,latency_s,0.019355
1756998182.008,latency_s,0.018075
1756998182.014,latency_s,0.019254
1756998182.017,latency_s,0.017863
1756998182.025,latency_s,0.020455
1756998182.048,latency_s,0.020883
1756998182.048,latency_s,0.021008
1756998182.048,latency_s,0.020599
1756998182.048,latency_s,0.020648
1756998182.048,latency_s,0.020911
1756998182.048,latency_s,0.020648
1756998182.053,latency_s,0.018116
1756998182.082,latency_s,0.019531
1756998182.088,latency_s,0.018485
1756998182.091,latency_s,0.018887
1756998182.094,latency_s,0.018669
1756998182.094,latency_s,0.018554
1756998182.098,latency_s,0.019139
1756998182.098,latency_s,0.018950
1756998182.107,latency_s,0.021096
1756998182.107,latency_s,0.019700
1756998182.107,latency_s,0.019632
1756998182.107,latency_s,0.019355
1756998182.107,latency_s,0.019464
1756998182.109,latency_s,0.018617
1756998182.113,latency_s,0.017875
1756998182.117,latency_s,0.018137
1756998182.124,latency_s,0.018525
1756998182.148,latency_s,0.020990
1756998182.148,latency_s,0.020782
1756998182.148,latency_s,0.021158
1756998182.148,latency_s,0.020752
1756998182.148,latency_s,0.020673
1756998182.149,latency_s,0.020839
1756998182.153,latency_s,0.017795
1756998182.183,latency_s,0.018362
1756998182.189,latency_s,0.018490
1756998182.190,latency_s,0.017550
1756998182.194,latency_s,0.017781
1756998182.194,latency_s,0.017925
1756998182.199,latency_s,0.020177
1756998182.199,latency_s,0.019927
1756998182.205,latency_s,0.018290
1756998182.207,latency_s,0.019023
1756998182.207,latency_s,0.018980
1756998182.207,latency_s,0.018974
1756998182.208,latency_s,0.018895
1756998182.209,latency_s,0.017459
1756998182.214,latency_s,0.018309
1756998182.217,latency_s,0.018267
1756998182.225,latency_s,0.018825
1756998182.250,latency_s,0.021497
1756998182.250,latency_s,0.021801
1756998182.250,latency_s,0.021511
1756998182.250,latency_s,0.021707
1756998182.250,latency_s,0.021993
1756998182.250,latency_s,0.021825
1756998182.253,latency_s,0.017595
1756998182.284,latency_s,0.018559
1756998182.290,latency_s,0.018477
1756998182.292,latency_s,0.018919
1756998182.296,latency_s,0.020005
1756998182.296,latency_s,0.019634
1756998182.299,latency_s,0.018281
1756998182.300,latency_s,0.017695
1756998182.304,latency_s,0.017917
1756998182.308,latency_s,0.019283
1756998182.308,latency_s,0.019467
1756998182.308,latency_s,0.018762
1756998182.308,latency_s,0.019304
1756998182.310,latency_s,0.017967
1756998182.315,latency_s,0.019703
1756998182.318,latency_s,0.018317
1756998182.327,latency_s,0.019819
1756998182.350,latency_s,0.020788
1756998182.350,latency_s,0.020922
1756998182.350,latency_s,0.021202
1756998182.350,latency_s,0.021172
1756998182.350,latency_s,0.020942
1756998182.350,latency_s,0.021406
1756998182.354,latency_s,0.017660
1756998182.384,latency_s,0.017834
1756998182.391,latency_s,0.019012
1756998182.391,latency_s,0.017583
1756998182.396,latency_s,0.019299
1756998182.396,latency_s,0.019203
1756998182.399,latency_s,0.018481
1756998182.401,latency_s,0.017934
1756998182.405,latency_s,0.017832
1756998182.408,latency_s,0.019028
1756998182.408,latency_s,0.018917
1756998182.408,latency_s,0.018277
1756998182.408,latency_s,0.018826
1756998182.411,latency_s,0.018394
1756998182.415,latency_s,0.018483
1756998182.417,latency_s,0.017650
1756998182.427,latency_s,0.017915
1756998182.449,latency_s,0.019928
1756998182.449,latency_s,0.019838
1756998182.450,latency_s,0.020050
1756998182.450,latency_s,0.019934
1756998182.450,latency_s,0.019930
1756998182.450,latency_s,0.020278
1756998182.455,latency_s,0.018094
1756998182.485,latency_s,0.018310
1756998182.491,latency_s,0.019086
1756998182.491,latency_s,0.017345
1756998182.497,latency_s,0.019514
1756998182.497,latency_s,0.019678
1756998182.499,latency_s,0.018140
1756998182.502,latency_s,0.018453
1756998182.506,latency_s,0.018256
1756998182.512,latency_s,0.022090
1756998182.512,latency_s,0.022285
1756998182.512,latency_s,0.022099
1756998182.512,latency_s,0.021881
1756998182.513,latency_s,0.019990
1756998182.514,latency_s,0.017681
1756998182.519,latency_s,0.018675
1756998182.527,latency_s,0.018198
1756998182.551,latency_s,0.020759
1756998182.551,latency_s,0.020833
1756998182.551,latency_s,0.020760
1756998182.551,latency_s,0.020938
1756998182.551,latency_s,0.020854
1756998182.551,latency_s,0.020727
1756998182.556,latency_s,0.018286
1756998182.588,latency_s,0.018361
1756998182.591,latency_s,0.018283
1756998182.592,latency_s,0.017469
1756998182.597,latency_s,0.019306
1756998182.597,latency_s,0.019091
1756998182.599,latency_s,0.017836
1756998182.602,latency_s,0.018368
1756998182.606,latency_s,0.018413
1756998182.609,latency_s,0.018635
1756998182.609,latency_s,0.018475
1756998182.611,latency_s,0.020690
1756998182.611,latency_s,0.020221
1756998182.611,latency_s,0.018579
1756998182.614,latency_s,0.017694
1756998182.619,latency_s,0.018989
1756998182.628,latency_s,0.017644
1756998182.651,latency_s,0.020446
1756998182.651,latency_s,0.020568
1756998182.651,latency_s,0.020497
1756998182.651,latency_s,0.020471
1756998182.651,latency_s,0.020873
1756998182.651,latency_s,0.020977
1756998182.659,latency_s,0.021194
1756998182.689,latency_s,0.018548
1756998182.691,latency_s,0.018718
1756998182.693,latency_s,0.018054
1756998182.696,latency_s,0.018097
1756998182.696,latency_s,0.018369
1756998182.700,latency_s,0.018762
1756998182.704,latency_s,0.019113
1756998182.707,latency_s,0.018701
1756998182.709,latency_s,0.018107
1756998182.709,latency_s,0.018015
1756998182.709,latency_s,0.018309
1756998182.711,latency_s,0.019063
1756998182.712,latency_s,0.018831
1756998182.716,latency_s,0.019123
1756998182.719,latency_s,0.018274
1756998182.731,latency_s,0.019880
1756998182.751,latency_s,0.020397
1756998182.751,latency_s,0.020503
1756998182.751,latency_s,0.020408
1756998182.751,latency_s,0.020301
1756998182.752,latency_s,0.020002
1756998182.752,latency_s,0.020377
1756998182.757,latency_s,0.018391
1756998182.790,latency_s,0.018745
1756998182.792,latency_s,0.018196
1756998182.794,latency_s,0.017813
1756998182.799,latency_s,0.020243
1756998182.799,latency_s,0.020484
1756998182.800,latency_s,0.017819
1756998182.803,latency_s,0.018381
1756998182.807,latency_s,0.017884
1756998182.810,latency_s,0.018596
1756998182.813,latency_s,0.022179
1756998182.814,latency_s,0.022403
1756998182.814,latency_s,0.019458
1756998182.814,latency_s,0.020560
1756998182.815,latency_s,0.017926
1756998182.818,latency_s,0.017932
1756998182.831,latency_s,0.018859
1756998182.852,latency_s,0.020865
1756998182.853,latency_s,0.020808
1756998182.853,latency_s,0.020745
1756998182.853,latency_s,0.021050
1756998182.853,latency_s,0.021223
1756998182.853,latency_s,0.020962
1756998182.857,latency_s,0.018060
1756998182.892,latency_s,0.019007
1756998182.892,latency_s,0.018538
1756998182.895,latency_s,0.018857
1756998182.897,latency_s,0.017857
1756998182.899,latency_s,0.018816
1756998182.921,latency_s,0.038578
1756998182.921,latency_s,0.032621
1756998182.921,latency_s,0.031050
1756998182.921,latency_s,0.029536
1756998182.921,latency_s,0.029745
1756998182.921,latency_s,0.029523
1756998182.921,latency_s,0.026398
1756998182.921,latency_s,0.026455
1756998182.921,latency_s,0.023894
1756998182.921,latency_s,0.020162
1756998182.931,latency_s,0.018217
1756998182.953,latency_s,0.020550
1756998182.953,latency_s,0.020380
1756998182.953,latency_s,0.020449
1756998182.953,latency_s,0.020707
1756998182.953,latency_s,0.020370
1756998182.953,latency_s,0.020192
1756998182.957,latency_s,0.017819
1756998182.993,latency_s,0.019185
1756998182.993,latency_s,0.018985
1756998182.995,latency_s,0.018342
1756998183.016,latency_s,0.036295
1756998183.016,latency_s,0.035378
1756998183.016,latency_s,0.032999
1756998183.016,latency_s,0.025192
1756998183.016,latency_s,0.024466
1756998183.016,latency_s,0.024962
1756998183.016,latency_s,0.024538
1756998183.016,latency_s,0.022596
1756998183.016,latency_s,0.021295
1756998183.025,latency_s,0.029644
1756998183.025,latency_s,0.027486
1756998183.025,latency_s,0.023745
1756998183.031,latency_s,0.018014
1756998183.053,latency_s,0.020637
1756998183.053,latency_s,0.020489
1756998183.053,latency_s,0.020449
1756998183.053,latency_s,0.020227
1756998183.066,latency_s,0.032201
1756998183.066,latency_s,0.032490
1756998183.093,latency_s,0.019175
1756998183.093,latency_s,0.018930
1756998183.114,latency_s,0.037020
1756998183.114,latency_s,0.034624
1756998183.114,latency_s,0.033221
1756998183.114,latency_s,0.031282
1756998183.114,latency_s,0.023393
1756998183.115,latency_s,0.022941
1756998183.115,latency_s,0.022721
1756998183.115,latency_s,0.022504
1756998183.115,latency_s,0.020056
1756998183.124,latency_s,0.028873
1756998183.124,latency_s,0.028360
1756998183.124,latency_s,0.026281
1756998183.124,latency_s,0.022368
1756998183.132,latency_s,0.018611
1756998183.155,latency_s,0.022232
1756998183.155,latency_s,0.022195
1756998183.155,latency_s,0.021900
1756998183.167,latency_s,0.033955
1756998183.168,latency_s,0.033775
1756998183.168,latency_s,0.033446
1756998183.174,latency_s,0.134478
1756998183.174,latency_s,0.033963
1756998183.193,latency_s,0.018494
1756998183.193,latency_s,0.018683
1756998183.195,latency_s,0.017892
1756998183.198,latency_s,0.017852
1756998183.200,latency_s,0.018268
1756998183.202,latency_s,0.017746
1756998183.213,latency_s,0.021568
1756998183.215,latency_s,0.022472
1756998183.215,latency_s,0.022321
1756998183.215,latency_s,0.022411
1756998183.215,latency_s,0.020101
1756998183.215,latency_s,0.018773
1756998183.218,latency_s,0.021213
1756998183.218,latency_s,0.019670
1756998183.226,latency_s,0.023218
1756998183.233,latency_s,0.018919
1756998183.256,latency_s,0.021954
1756998183.256,latency_s,0.021980
1756998183.256,latency_s,0.021299
1756998183.256,latency_s,0.021901
1756998183.267,latency_s,0.032451
1756998183.267,latency_s,0.032907
1756998183.267,latency_s,0.026763
1756998183.295,latency_s,0.019507
1756998183.295,latency_s,0.019574
1756998183.296,latency_s,0.017727
1756998183.298,latency_s,0.017566
1756998183.301,latency_s,0.017510
1756998183.303,latency_s,0.018502
1756998183.309,latency_s,0.017640
1756998183.312,latency_s,0.019340
1756998183.312,latency_s,0.019106
1756998183.312,latency_s,0.019063
1756998183.313,latency_s,0.018362
1756998183.316,latency_s,0.019660
1756998183.317,latency_s,0.019646
1756998183.318,latency_s,0.019338
1756998183.324,latency_s,0.021044
1756998183.333,latency_s,0.018354
1756998183.352,latency_s,0.018121
1756998183.355,latency_s,0.020615
1756998183.355,latency_s,0.020010
1756998183.355,latency_s,0.020609
1756998183.355,latency_s,0.020222
1756998183.368,latency_s,0.033301
1756998183.368,latency_s,0.027116
1756998183.395,latency_s,0.019663
1756998183.397,latency_s,0.019766
1756998183.398,latency_s,0.018971
1756998183.398,latency_s,0.017430
1756998183.404,latency_s,0.018941
1756998183.404,latency_s,0.019037
1756998183.409,latency_s,0.017730
1756998183.411,latency_s,0.017594
1756998183.413,latency_s,0.018961
1756998183.413,latency_s,0.018909
1756998183.413,latency_s,0.018102
1756998183.416,latency_s,0.018610
1756998183.418,latency_s,0.020821
1756998183.419,latency_s,0.020394
1756998183.421,latency_s,0.018183
1756998183.433,latency_s,0.018306
1756998183.453,latency_s,0.018981
1756998183.453,latency_s,0.018538
1756998183.453,latency_s,0.018067
1756998183.453,latency_s,0.018518
1756998183.453,latency_s,0.018466
1756998183.453,latency_s,0.017709
1756998183.461,latency_s,0.019733
1756998183.494,latency_s,0.018678
1756998183.518,latency_s,0.039263
1756998183.519,latency_s,0.039705
1756998183.519,latency_s,0.037444
1756998183.519,latency_s,0.033557
1756998183.519,latency_s,0.033024
1756998183.519,latency_s,0.026211
1756998183.519,latency_s,0.025912
1756998183.519,latency_s,0.024644
1756998183.519,latency_s,0.024915
1756998183.519,latency_s,0.023380
1756998183.520,latency_s,0.022123
1756998183.520,latency_s,0.021120
1756998183.520,latency_s,0.022027
1756998183.528,latency_s,0.024257
1756998183.534,latency_s,0.018617
1756998183.553,latency_s,0.018299
1756998183.554,latency_s,0.018723
1756998183.554,latency_s,0.018270
1756998183.554,latency_s,0.018466
1756998183.567,latency_s,0.031914
1756998183.567,latency_s,0.030974
1756998183.567,latency_s,0.024737
1756998183.596,latency_s,0.019154
1756998183.597,latency_s,0.017820
1756998183.597,latency_s,0.017659
1756998183.600,latency_s,0.018399
1756998183.604,latency_s,0.018002
1756998183.604,latency_s,0.018610
1756998183.615,latency_s,0.021392
1756998183.615,latency_s,0.020603
1756998183.615,latency_s,0.021567
1756998183.619,latency_s,0.024511
1756998183.619,latency_s,0.023086
1756998183.619,latency_s,0.021149
1756998183.619,latency_s,0.021298
1756998183.620,latency_s,0.020335
1756998183.623,latency_s,0.017949
1756998183.634,latency_s,0.018887
1756998183.656,latency_s,0.021327
1756998183.656,latency_s,0.020700
1756998183.656,latency_s,0.020219
1756998183.656,latency_s,0.020560
1756998183.656,latency_s,0.020353
1756998183.656,latency_s,0.019674
1756998183.669,latency_s,0.026183
1756998183.695,latency_s,0.018201
1756998183.701,latency_s,0.020463
1756998183.701,latency_s,0.020424
1756998183.701,latency_s,0.018803
1756998183.704,latency_s,0.018334
1756998183.706,latency_s,0.018679
1756998183.713,latency_s,0.019518
1756998183.713,latency_s,0.019346
1756998183.717,latency_s,0.021258
1756998183.717,latency_s,0.021454
1756998183.717,latency_s,0.018094
1756998183.717,latency_s,0.018280
1756998183.721,latency_s,0.021182
1756998183.723,latency_s,0.018760
1756998183.735,latency_s,0.019199
1756998183.756,latency_s,0.020941
1756998183.756,latency_s,0.020311
1756998183.756,latency_s,0.020306
1756998183.756,latency_s,0.020078
1756998183.756,latency_s,0.020370
1756998183.756,latency_s,0.018757
1756998183.761,latency_s,0.018657
1756998183.796,latency_s,0.019157
1756998183.801,latency_s,0.020220
1756998183.801,latency_s,0.020308
1756998183.801,latency_s,0.018734
1756998183.804,latency_s,0.017783
1756998183.806,latency_s,0.017717
1756998183.813,latency_s,0.018751
1756998183.813,latency_s,0.018537
1756998183.815,latency_s,0.018743
1756998183.816,latency_s,0.020011
1756998183.818,latency_s,0.018981
1756998183.818,latency_s,0.019360
1756998183.821,latency_s,0.021053
1756998183.824,latency_s,0.018230
1756998183.836,latency_s,0.019457
1756998183.838,latency_s,0.141609
1756998183.838,latency_s,0.041636
1756998183.855,latency_s,0.019469
1756998183.855,latency_s,0.018624
1756998183.855,latency_s,0.019172
1756998183.855,latency_s,0.019014
1756998183.858,latency_s,0.020999
1756998183.858,latency_s,0.019355
1756998183.862,latency_s,0.018624
1756998183.897,latency_s,0.019103
1756998183.900,latency_s,0.019324
1756998183.900,latency_s,0.019338
1756998183.901,latency_s,0.017794
1756998183.905,latency_s,0.017848
1756998183.908,latency_s,0.019192
1756998183.913,latency_s,0.018366
1756998183.913,latency_s,0.018322
1756998183.933,latency_s,0.036643
1756998183.933,latency_s,0.036370
1756998183.933,latency_s,0.036537
1756998183.933,latency_s,0.033688
1756998183.933,latency_s,0.033722
1756998183.933,latency_s,0.032783
1756998183.933,latency_s,0.027782
1756998183.936,latency_s,0.018394
1756998183.957,latency_s,0.020820
1756998183.957,latency_s,0.020848
1756998183.957,latency_s,0.020533
1756998183.957,latency_s,0.020452
1756998183.957,latency_s,0.020642
1756998183.970,latency_s,0.030813
1756998183.970,latency_s,0.026939
1756998183.998,latency_s,0.019501
1756998184.002,latency_s,0.020224
1756998184.002,latency_s,0.020180
1756998184.002,latency_s,0.018597
1756998184.006,latency_s,0.018106
1756998184.007,latency_s,0.017460
1756998184.014,latency_s,0.018702
1756998184.014,latency_s,0.018476
1756998184.017,latency_s,0.020487
1756998184.017,latency_s,0.020720
1756998184.018,latency_s,0.021127
1756998184.018,latency_s,0.018045
1756998184.018,latency_s,0.018281
1756998184.022,latency_s,0.021699
1756998184.025,latency_s,0.018806
1756998184.036,latency_s,0.018655
1756998184.057,latency_s,0.020347
1756998184.057,latency_s,0.020422
1756998184.057,latency_s,0.020082
1756998184.057,latency_s,0.019912
1756998184.058,latency_s,0.020245
1756998184.058,latency_s,0.017880
1756998184.063,latency_s,0.019788
1756998184.098,latency_s,0.019754
1756998184.103,latency_s,0.020590
1756998184.103,latency_s,0.020291
1756998184.103,latency_s,0.018892
1756998184.106,latency_s,0.017803
1756998184.111,latency_s,0.018242
1756998184.114,latency_s,0.018608
1756998184.114,latency_s,0.018598
1756998184.120,latency_s,0.022151
1756998184.120,latency_s,0.022034
1756998184.120,latency_s,0.022093
1756998184.120,latency_s,0.019385
1756998184.120,latency_s,0.018833
1756998184.120,latency_s,0.019313
1756998184.125,latency_s,0.018398
1756998184.137,latency_s,0.018894
1756998184.156,latency_s,0.019261
1756998184.157,latency_s,0.019645
1756998184.157,latency_s,0.019454
1756998184.157,latency_s,0.019052
1756998184.157,latency_s,0.019210
1756998184.159,latency_s,0.018252
1756998184.163,latency_s,0.018772
1756998184.199,latency_s,0.019384
1756998184.202,latency_s,0.019933
1756998184.202,latency_s,0.019670
1756998184.203,latency_s,0.017798
1756998184.206,latency_s,0.017813
1756998184.210,latency_s,0.017500
1756998184.214,latency_s,0.018749
1756998184.214,latency_s,0.018658
1756998184.217,latency_s,0.019046
1756998184.217,latency_s,0.018981
1756998184.217,latency_s,0.018956
1756998184.220,latency_s,0.018872
1756998184.220,latency_s,0.018756
1756998184.220,latency_s,0.018811
1756998184.227,latency_s,0.019137
1756998184.238,latency_s,0.018724
1756998184.260,latency_s,0.022714
1756998184.260,latency_s,0.022845
1756998184.260,latency_s,0.022827
1756998184.260,latency_s,0.021883
1756998184.260,latency_s,0.021980
1756998184.261,latency_s,0.019143
1756998184.262,latency_s,0.017991
1756998184.299,latency_s,0.019031
1756998184.301,latency_s,0.018232
1756998184.301,latency_s,0.018132
1756998184.303,latency_s,0.017890
1756998184.308,latency_s,0.018574
1756998184.312,latency_s,0.019089
1756998184.314,latency_s,0.018204
1756998184.314,latency_s,0.018107
1756998184.318,latency_s,0.019567
1756998184.318,latency_s,0.019274
1756998184.318,latency_s,0.019283
1756998184.320,latency_s,0.018803
1756998184.323,latency_s,0.020878
1756998184.323,latency_s,0.020886
1756998184.328,latency_s,0.018508
1756998184.339,latency_s,0.019046
1756998184.358,latency_s,0.020689
1756998184.358,latency_s,0.020241
1756998184.359,latency_s,0.019863
1756998184.359,latency_s,0.020602
1756998184.359,latency_s,0.019753
1756998184.360,latency_s,0.017842
1756998184.364,latency_s,0.018872
1756998184.399,latency_s,0.018591
1756998184.402,latency_s,0.018048
1756998184.402,latency_s,0.018159
1756998184.404,latency_s,0.018430
1756998184.407,latency_s,0.017663
1756998184.413,latency_s,0.018711
1756998184.414,latency_s,0.018338
1756998184.414,latency_s,0.018239
1756998184.417,latency_s,0.018371
1756998184.417,latency_s,0.019088
1756998184.418,latency_s,0.018865
1756998184.421,latency_s,0.018571
1756998184.422,latency_s,0.019722
1756998184.422,latency_s,0.019628
1756998184.429,latency_s,0.018567
1756998184.439,latency_s,0.018244
1756998184.457,latency_s,0.019085
1756998184.457,latency_s,0.018753
1756998184.457,latency_s,0.018774
1756998184.457,latency_s,0.018208
1756998184.457,latency_s,0.018573
1756998184.461,latency_s,0.018888
1756998184.465,latency_s,0.019384
1756998184.499,latency_s,0.018429
1756998184.503,latency_s,0.019187
1756998184.504,latency_s,0.019639
1756998184.504,latency_s,0.017606
1756998184.508,latency_s,0.018200
1756998184.516,latency_s,0.020092
1756998184.516,latency_s,0.019757
1756998184.516,latency_s,0.019264
1756998184.518,latency_s,0.018497
1756998184.518,latency_s,0.018899
1756998184.519,latency_s,0.019125
1756998184.523,latency_s,0.019819
1756998184.523,latency_s,0.019906
1756998184.524,latency_s,0.020070
1756998184.555,latency_s,0.043806
1756998184.555,latency_s,0.033663
1756998184.571,latency_s,0.031806
1756998184.571,latency_s,0.031883
1756998184.571,latency_s,0.031894
1756998184.571,latency_s,0.031743
1756998184.571,latency_s,0.031513
1756998184.571,latency_s,0.028267
1756998184.571,latency_s,0.023707
1756998184.601,latency_s,0.019235
1756998184.605,latency_s,0.020262
1756998184.605,latency_s,0.020108
1756998184.605,latency_s,0.018553
1756998184.609,latency_s,0.017924
1756998184.617,latency_s,0.020088
1756998184.617,latency_s,0.020003
1756998184.618,latency_s,0.020175
1756998184.620,latency_s,0.020324
1756998184.620,latency_s,0.020138
1756998184.620,latency_s,0.019823
1756998184.623,latency_s,0.019437
1756998184.624,latency_s,0.019343
1756998184.629,latency_s,0.024838
1756998184.630,latency_s,0.018906
1756998184.642,latency_s,0.018759
1756998184.657,latency_s,0.018278
1756998184.660,latency_s,0.019106
1756998184.660,latency_s,0.019089
1756998184.660,latency_s,0.019031
1756998184.660,latency_s,0.019260
1756998184.662,latency_s,0.018136
1756998184.667,latency_s,0.018893
1756998184.701,latency_s,0.019251
1756998184.704,latency_s,0.019089
1756998184.704,latency_s,0.019278
1756998184.704,latency_s,0.017548
1756998184.709,latency_s,0.017726
1756998184.716,latency_s,0.018351
1756998184.716,latency_s,0.018189
1756998184.716,latency_s,0.018029
1756998184.719,latency_s,0.018986
1756998184.719,latency_s,0.019125
1756998184.720,latency_s,0.018599
1756998184.724,latency_s,0.019699
1756998184.724,latency_s,0.019569
1756998184.724,latency_s,0.019619
1756998184.731,latency_s,0.018167
1756998184.743,latency_s,0.018544
1756998184.759,latency_s,0.018951
1756998184.761,latency_s,0.019588
1756998184.761,latency_s,0.019546
1756998184.762,latency_s,0.019954
1756998184.762,latency_s,0.019776
1756998184.762,latency_s,0.017779
1756998184.767,latency_s,0.018018
1756998184.807,latency_s,0.020943
1756998184.807,latency_s,0.021244
1756998184.807,latency_s,0.019335
1756998184.809,latency_s,0.017690
1756998184.818,latency_s,0.020172
1756998184.818,latency_s,0.020125
1756998184.818,latency_s,0.020345
1756998184.821,latency_s,0.020079
1756998184.821,latency_s,0.020275
1756998184.821,latency_s,0.019600
1756998184.823,latency_s,0.018508
1756998184.824,latency_s,0.018330
1756998184.833,latency_s,0.028318
1756998184.833,latency_s,0.020308
1756998184.844,latency_s,0.019318
1756998184.864,latency_s,0.023827
1756998184.864,latency_s,0.021693
1756998184.864,latency_s,0.021648
1756998184.864,latency_s,0.021782
1756998184.864,latency_s,0.021531
1756998184.864,latency_s,0.020018
1756998184.868,latency_s,0.018284
1756998184.904,latency_s,0.018131
1756998184.906,latency_s,0.019855
1756998184.906,latency_s,0.018083
1756998184.909,latency_s,0.018261
1756998184.918,latency_s,0.020072
1756998184.918,latency_s,0.020137
1756998184.919,latency_s,0.020359
1756998184.920,latency_s,0.018414
1756998184.920,latency_s,0.019503
1756998184.921,latency_s,0.138490
1756998184.921,latency_s,0.038105
1756998184.921,latency_s,0.019921
1756998184.924,latency_s,0.018825
1756998184.933,latency_s,0.027598
1756998184.933,latency_s,0.027671
1756998184.933,latency_s,0.019569
1756998184.945,latency_s,0.019507
1756998184.959,latency_s,0.018053
1756998184.960,latency_s,0.017426
1756998184.961,latency_s,0.017843
1756998184.961,latency_s,0.017550
1756998184.963,latency_s,0.018277
1756998184.967,latency_s,0.017210
1756998185.002,latency_s,0.019006
1756998185.005,latency_s,0.019001
1756998185.006,latency_s,0.018987
1756998185.006,latency_s,0.017625
1756998185.009,latency_s,0.018058
1756998185.017,latency_s,0.018751
1756998185.018,latency_s,0.018265
1756998185.018,latency_s,0.018547
1756998185.022,latency_s,0.020319
1756998185.022,latency_s,0.020258
1756998185.022,latency_s,0.019668
1756998185.024,latency_s,0.018378
1756998185.025,latency_s,0.018239
1756998185.025,latency_s,0.018408
1756998185.033,latency_s,0.018335
1756998185.044,latency_s,0.017976
1756998185.060,latency_s,0.018912
1756998185.061,latency_s,0.018223
1756998185.061,latency_s,0.018099
1756998185.061,latency_s,0.017975
1756998185.066,latency_s,0.019931
1756998185.071,latency_s,0.020265
1756998185.078,latency_s,0.135058
1756998185.078,latency_s,0.034762
1756998185.103,latency_s,0.018847
1756998185.105,latency_s,0.018480
1756998185.106,latency_s,0.018174
1756998185.106,latency_s,0.017430
1756998185.111,latency_s,0.018673
1756998185.119,latency_s,0.019523
1756998185.119,latency_s,0.019368
1756998185.120,latency_s,0.020228
1756998185.121,latency_s,0.018675
1756998185.121,latency_s,0.018541
1756998185.121,latency_s,0.017731
1756998185.126,latency_s,0.019169
1756998185.126,latency_s,0.019373
1756998185.126,latency_s,0.019011
1756998185.133,latency_s,0.017759
1756998185.147,latency_s,0.018195
1756998185.160,latency_s,0.018388
1756998185.164,latency_s,0.019777
1756998185.164,latency_s,0.020143
1756998185.164,latency_s,0.020278
1756998185.164,latency_s,0.020225
1756998185.164,latency_s,0.018250
1756998185.168,latency_s,0.017615
1756998185.204,latency_s,0.018592
1756998185.205,latency_s,0.017634
1756998185.209,latency_s,0.019410
1756998185.209,latency_s,0.019636
1756998185.210,latency_s,0.017770
1756998185.219,latency_s,0.018618
1756998185.219,latency_s,0.018596
1756998185.219,latency_s,0.017976
1756998185.221,latency_s,0.018726
1756998185.221,latency_s,0.018406
1756998185.222,latency_s,0.017828
1756998185.226,latency_s,0.019438
1756998185.227,latency_s,0.019677
1756998185.227,latency_s,0.019331
1756998185.234,latency_s,0.018410
1756998185.248,latency_s,0.018966
1756998185.262,latency_s,0.019722
1756998185.262,latency_s,0.018459
1756998185.262,latency_s,0.018271
1756998185.262,latency_s,0.018168
1756998185.263,latency_s,0.018070
1756998185.264,latency_s,0.017841
1756998185.271,latency_s,0.018786
1756998185.304,latency_s,0.018354
1756998185.306,latency_s,0.017985
1756998185.308,latency_s,0.017686
1756998185.308,latency_s,0.018133
1756998185.311,latency_s,0.017651
1756998185.321,latency_s,0.020492
1756998185.321,latency_s,0.020397
1756998185.321,latency_s,0.019416
1756998185.321,latency_s,0.018796
1756998185.321,latency_s,0.018493
1756998185.323,latency_s,0.018350
1756998185.326,latency_s,0.018919
1756998185.326,latency_s,0.018531
1756998185.327,latency_s,0.019709
1756998185.334,latency_s,0.018191
1756998185.348,latency_s,0.018819
1756998185.362,latency_s,0.018087
1756998185.365,latency_s,0.021013
1756998185.365,latency_s,0.021416
1756998185.365,latency_s,0.020679
1756998185.366,latency_s,0.021410
1756998185.366,latency_s,0.018978
1756998185.372,latency_s,0.019687
1756998185.405,latency_s,0.018803
1756998185.407,latency_s,0.018255
1756998185.410,latency_s,0.019474
1756998185.410,latency_s,0.019537
1756998185.411,latency_s,0.017612
1756998185.420,latency_s,0.019049
1756998185.420,latency_s,0.019022
1756998185.420,latency_s,0.018175
1756998185.420,latency_s,0.017391
1756998185.421,latency_s,0.018225
1756998185.424,latency_s,0.018442
1756998185.426,latency_s,0.018979
1756998185.427,latency_s,0.019141
1756998185.427,latency_s,0.018769
1756998185.436,latency_s,0.019757
1756998185.448,latency_s,0.018127
1756998185.464,latency_s,0.020233
1756998185.464,latency_s,0.019802
1756998185.464,latency_s,0.019502
1756998185.464,latency_s,0.019461
1756998185.464,latency_s,0.019290
1756998185.464,latency_s,0.017325
1756998185.471,latency_s,0.018414
1756998185.504,latency_s,0.017586
1756998185.508,latency_s,0.017732
1756998185.508,latency_s,0.017325
1756998185.511,latency_s,0.019748
1756998185.511,latency_s,0.017336
1756998185.521,latency_s,0.019798
1756998185.521,latency_s,0.019761
1756998185.522,latency_s,0.018159
1756998185.525,latency_s,0.020762
1756998185.525,latency_s,0.020620
1756998185.525,latency_s,0.019165
1756998185.528,latency_s,0.020066
1756998185.528,latency_s,0.019769
1756998185.528,latency_s,0.020211
1756998185.535,latency_s,0.018446
1756998185.551,latency_s,0.017422
1756998185.562,latency_s,0.018199
1756998185.564,latency_s,0.019081
1756998185.564,latency_s,0.018963
1756998185.564,latency_s,0.018652
1756998185.564,latency_s,0.018582
1756998185.565,latency_s,0.017637
1756998185.571,latency_s,0.017618
1756998185.607,latency_s,0.019374
1756998185.611,latency_s,0.020043
1756998185.611,latency_s,0.019367
1756998185.611,latency_s,0.019522
1756998185.613,latency_s,0.017858
1756998185.622,latency_s,0.020185
1756998185.622,latency_s,0.019847
1756998185.622,latency_s,0.018354
1756998185.624,latency_s,0.018896
1756998185.624,latency_s,0.019002
1756998185.626,latency_s,0.019189
1756998185.626,latency_s,0.017801
1756998185.626,latency_s,0.017705
1756998185.628,latency_s,0.019074
1756998185.636,latency_s,0.018465
1756998185.652,latency_s,0.018331
1756998185.662,latency_s,0.018161
1756998185.665,latency_s,0.019591
1756998185.665,latency_s,0.019318
1756998185.665,latency_s,0.019200
1756998185.667,latency_s,0.018215
1756998185.667,latency_s,0.018423
1756998185.673,latency_s,0.018712
1756998185.707,latency_s,0.019285
1756998185.711,latency_s,0.018991
1756998185.711,latency_s,0.019098
1756998185.711,latency_s,0.019092
1756998185.714,latency_s,0.018728
1756998185.722,latency_s,0.020072
1756998185.722,latency_s,0.019771
1756998185.723,latency_s,0.018624
1756998185.723,latency_s,0.017136
1756998185.723,latency_s,0.017487
1756998185.729,latency_s,0.019284
1756998185.729,latency_s,0.020620
1756998185.730,latency_s,0.020091
1756998185.731,latency_s,0.023075
1756998185.738,latency_s,0.019516
1756998185.753,latency_s,0.018803
1756998185.763,latency_s,0.018686
1756998185.766,latency_s,0.019441
1756998185.767,latency_s,0.020221
1756998185.767,latency_s,0.020164
1756998185.767,latency_s,0.017951
1756998185.767,latency_s,0.018121
1756998185.773,latency_s,0.018158
1756998185.807,latency_s,0.019063
1756998185.811,latency_s,0.018926
1756998185.812,latency_s,0.019149
1756998185.812,latency_s,0.019267
1756998185.813,latency_s,0.018022
1756998185.822,latency_s,0.018732
1756998185.822,latency_s,0.019360
1756998185.822,latency_s,0.018285
1756998185.825,latency_s,0.018905
1756998185.825,latency_s,0.018789
1756998185.827,latency_s,0.017753
1756998185.828,latency_s,0.017992
1756998185.831,latency_s,0.018479
1756998185.831,latency_s,0.018485
1756998185.836,latency_s,0.018077
1756998185.853,latency_s,0.018007
1756998185.864,latency_s,0.018453
1756998185.866,latency_s,0.018782
1756998185.866,latency_s,0.018525
1756998185.867,latency_s,0.019290
1756998185.868,latency_s,0.018476
1756998185.868,latency_s,0.018528
1756998185.874,latency_s,0.018272
1756998185.907,latency_s,0.018605
1756998185.912,latency_s,0.018879
1756998185.912,latency_s,0.018693
1756998185.912,latency_s,0.019062
1756998185.915,latency_s,0.019215
1756998185.925,latency_s,0.021869
1756998185.939,latency_s,0.036039
1756998185.939,latency_s,0.034843
1756998185.939,latency_s,0.032863
1756998185.939,latency_s,0.032847
1756998185.939,latency_s,0.030257
1756998185.940,latency_s,0.028649
1756998185.940,latency_s,0.027051
1756998185.940,latency_s,0.026509
1756998185.940,latency_s,0.020775
1756998185.955,latency_s,0.018643
1756998185.966,latency_s,0.020354
1756998185.966,latency_s,0.019514
1756998185.967,latency_s,0.019226
1756998185.968,latency_s,0.020284
1756998185.968,latency_s,0.018381
1756998185.968,latency_s,0.018249
1756998185.974,latency_s,0.017725
1756998186.008,latency_s,0.019037
1756998186.013,latency_s,0.019590
1756998186.013,latency_s,0.019360
1756998186.013,latency_s,0.019412
1756998186.014,latency_s,0.017600
1756998186.025,latency_s,0.021371
1756998186.025,latency_s,0.021483
1756998186.025,latency_s,0.020570
1756998186.025,latency_s,0.018573
1756998186.028,latency_s,0.021341
1756998186.028,latency_s,0.018342
1756998186.030,latency_s,0.018755
1756998186.040,latency_s,0.027363
1756998186.041,latency_s,0.027045
1756998186.041,latency_s,0.021190
1756998186.058,latency_s,0.018738
1756998186.069,latency_s,0.019764
1756998186.069,latency_s,0.019249
1756998186.070,latency_s,0.019821
1756998186.070,latency_s,0.019721
1756998186.070,latency_s,0.019756
1756998186.073,latency_s,0.019054
1756998186.075,latency_s,0.017872
1756998186.108,latency_s,0.018293
1756998186.112,latency_s,0.018083
1756998186.112,latency_s,0.017805
1756998186.112,latency_s,0.018358
1756998186.115,latency_s,0.018598
1756998186.124,latency_s,0.019203
1756998186.124,latency_s,0.019241
1756998186.124,latency_s,0.018817
1756998186.126,latency_s,0.019044
1756998186.127,latency_s,0.019327
1756998186.128,latency_s,0.017931
1756998186.131,latency_s,0.019418
1756998186.132,latency_s,0.017959
1756998186.140,latency_s,0.025928
1756998186.140,latency_s,0.019917
1756998186.160,latency_s,0.018854
1756998186.174,latency_s,0.020383
1756998186.174,latency_s,0.020015
1756998186.174,latency_s,0.020758
1756998186.174,latency_s,0.020424
1756998186.174,latency_s,0.020687
1756998186.174,latency_s,0.021133
1756998186.176,latency_s,0.018770
1756998186.209,latency_s,0.019029
1756998186.214,latency_s,0.019304
1756998186.214,latency_s,0.019498
1756998186.214,latency_s,0.019523
1756998186.216,latency_s,0.018732
1756998186.230,latency_s,0.025317
1756998186.230,latency_s,0.025447
1756998186.231,latency_s,0.025612
1756998186.231,latency_s,0.022831
1756998186.231,latency_s,0.022808
1756998186.231,latency_s,0.020062
1756998186.231,latency_s,0.019053
1756998186.232,latency_s,0.017702
1756998186.243,latency_s,0.028502
1756998186.243,latency_s,0.022233
1756998186.262,latency_s,0.020281
1756998186.276,latency_s,0.022546
1756998186.276,latency_s,0.022679
1756998186.276,latency_s,0.022607
1756998186.276,latency_s,0.022110
1756998186.276,latency_s,0.022246
1756998186.277,latency_s,0.022005
1756998186.277,latency_s,0.018877
1756998186.311,latency_s,0.019956
1756998186.313,latency_s,0.017849
1756998186.313,latency_s,0.017703
1756998186.313,latency_s,0.017836
1756998186.318,latency_s,0.019217
1756998186.325,latency_s,0.019673
1756998186.325,latency_s,0.019504
1756998186.325,latency_s,0.019845
1756998186.332,latency_s,0.023718
1756998186.333,latency_s,0.024237
1756998186.333,latency_s,0.020927
1756998186.333,latency_s,0.020506
1756998186.333,latency_s,0.018540
1756998186.333,latency_s,0.018483
1756998186.339,latency_s,0.017791
1756998186.364,latency_s,0.018989
1756998186.375,latency_s,0.020715
1756998186.375,latency_s,0.020680
1756998186.375,latency_s,0.020715
1756998186.375,latency_s,0.020384
1756998186.375,latency_s,0.020584
1756998186.377,latency_s,0.018506
1756998186.410,latency_s,0.018420
1756998186.416,latency_s,0.020096
1756998186.416,latency_s,0.020029
1756998186.416,latency_s,0.020326
1756998186.417,latency_s,0.018081
1756998186.426,latency_s,0.019979
1756998186.426,latency_s,0.020109
1756998186.426,latency_s,0.020374
1756998186.427,latency_s,0.018117
1756998186.427,latency_s,0.017858
1756998186.430,latency_s,0.017747
1756998186.431,latency_s,0.018156
1756998186.433,latency_s,0.018631
1756998186.433,latency_s,0.018411
1756998186.440,latency_s,0.018532
1756998186.465,latency_s,0.019627
1756998186.474,latency_s,0.019231
1756998186.474,latency_s,0.019258
1756998186.474,latency_s,0.019373
1756998186.474,latency_s,0.018857
1756998186.474,latency_s,0.019248
1756998186.477,latency_s,0.018390
1756998186.495,latency_s,0.140178
1756998186.495,latency_s,0.040087
1756998186.511,latency_s,0.019579
1756998186.514,latency_s,0.018113
1756998186.514,latency_s,0.018018
1756998186.514,latency_s,0.018095
1756998186.518,latency_s,0.018330
1756998186.526,latency_s,0.019669
1756998186.526,latency_s,0.019743
1756998186.526,latency_s,0.019195
1756998186.546,latency_s,0.036264
1756998186.546,latency_s,0.036622
1756998186.546,latency_s,0.033811
1756998186.546,latency_s,0.032760
1756998186.546,latency_s,0.031615
1756998186.546,latency_s,0.030961
1756998186.546,latency_s,0.024751
1756998186.566,latency_s,0.019315
1756998186.576,latency_s,0.020645
1756998186.576,latency_s,0.020752
1756998186.576,latency_s,0.020468
1756998186.576,latency_s,0.020494
1756998186.576,latency_s,0.020727
1756998186.576,latency_s,0.020706
1756998186.576,latency_s,0.017622
1756998186.610,latency_s,0.018098
1756998186.614,latency_s,0.018015
1756998186.614,latency_s,0.017832
1756998186.615,latency_s,0.018008
1756998186.619,latency_s,0.018534
1756998186.626,latency_s,0.019385
1756998186.626,latency_s,0.018673
1756998186.626,latency_s,0.019173
1756998186.629,latency_s,0.019039
1756998186.629,latency_s,0.019198
1756998186.631,latency_s,0.018163
1756998186.633,latency_s,0.017984
1756998186.633,latency_s,0.018041
1756998186.640,latency_s,0.024293
1756998186.640,latency_s,0.018117
1756998186.675,latency_s,0.019255
1756998186.675,latency_s,0.019317
1756998186.675,latency_s,0.019332
1756998186.675,latency_s,0.018939
1756998186.675,latency_s,0.019223
1756998186.678,latency_s,0.021641
1756998186.727,latency_s,0.067349
1756998186.727,latency_s,0.033865
1756998186.727,latency_s,0.029900
1756998186.727,latency_s,0.029743
1756998186.727,latency_s,0.029867
1756998186.727,latency_s,0.026147
1756998186.727,latency_s,0.019290
1756998186.730,latency_s,0.022428
1756998186.730,latency_s,0.022591
1756998186.730,latency_s,0.019540
1756998186.730,latency_s,0.019068
1756998186.732,latency_s,0.018513
1756998186.734,latency_s,0.019514
1756998186.737,latency_s,0.021679
1756998186.737,latency_s,0.021096
1756998186.741,latency_s,0.018056
1756998186.778,latency_s,0.022143
1756998186.778,latency_s,0.022194
1756998186.778,latency_s,0.021712
1756998186.778,latency_s,0.022089
1756998186.778,latency_s,0.022065
1756998186.778,latency_s,0.021728
1756998186.779,latency_s,0.018692
1756998186.791,latency_s,0.139082
1756998186.791,latency_s,0.038879
1756998186.813,latency_s,0.019585
1756998186.817,latency_s,0.019248
1756998186.817,latency_s,0.019376
1756998186.817,latency_s,0.019364
1756998186.820,latency_s,0.018188
1756998186.826,latency_s,0.018499
1756998186.827,latency_s,0.018486
1756998186.827,latency_s,0.018527
1756998186.832,latency_s,0.021441
1756998186.832,latency_s,0.021136
1756998186.832,latency_s,0.019120
1756998186.833,latency_s,0.017702
1756998186.835,latency_s,0.018654
1756998186.842,latency_s,0.025164
1756998186.842,latency_s,0.018735
1756998186.873,latency_s,0.020358
1756998186.879,latency_s,0.020716
1756998186.879,latency_s,0.020894
1756998186.879,latency_s,0.020713
1756998186.879,latency_s,0.020356
1756998186.879,latency_s,0.020064
1756998186.879,latency_s,0.020612
1756998186.887,latency_s,0.026443
1756998186.913,latency_s,0.018774
1756998186.916,latency_s,0.018737
1756998186.916,latency_s,0.018776
1756998186.917,latency_s,0.018775
1756998186.920,latency_s,0.018294
1756998186.930,latency_s,0.021490
1756998186.930,latency_s,0.021043
1756998186.930,latency_s,0.019572
1756998186.930,latency_s,0.018626
1756998186.933,latency_s,0.021753
1756998186.933,latency_s,0.019774
1756998186.933,latency_s,0.018105
1756998186.943,latency_s,0.026802
1756998186.944,latency_s,0.026577
1756998186.944,latency_s,0.019813
1756998186.972,latency_s,0.018797
1756998186.979,latency_s,0.021436
1756998186.980,latency_s,0.021644
1756998186.980,latency_s,0.020704
1756998186.980,latency_s,0.020708
1756998186.980,latency_s,0.020332
1756998186.980,latency_s,0.020359
1756998186.980,latency_s,0.018500
1756998187.013,latency_s,0.018503
1756998187.017,latency_s,0.019170
1756998187.017,latency_s,0.019212
1756998187.017,latency_s,0.019094
1756998187.021,latency_s,0.018183
1756998187.028,latency_s,0.018868
1756998187.028,latency_s,0.019155
1756998187.029,latency_s,0.018276
1756998187.029,latency_s,0.017830
1756998187.031,latency_s,0.019463
1756998187.032,latency_s,0.018472
1756998187.034,latency_s,0.018471
1756998187.036,latency_s,0.018667
1756998187.036,latency_s,0.018391
1756998187.043,latency_s,0.018509
1756998187.074,latency_s,0.019617
1756998187.077,latency_s,0.018353
1756998187.077,latency_s,0.018471
1756998187.081,latency_s,0.021618
1756998187.081,latency_s,0.021645
1756998187.081,latency_s,0.021700
1756998187.081,latency_s,0.021502
1756998187.082,latency_s,0.019092
1756998187.116,latency_s,0.019647
1756998187.116,latency_s,0.017748
1756998187.116,latency_s,0.017710
1756998187.118,latency_s,0.019358
1756998187.121,latency_s,0.017967
1756998187.129,latency_s,0.019496
1756998187.129,latency_s,0.019690
1756998187.131,latency_s,0.019355
1756998187.131,latency_s,0.019225
1756998187.132,latency_s,0.019637
1756998187.132,latency_s,0.017827
1756998187.136,latency_s,0.019192
1756998187.136,latency_s,0.018730
1756998187.136,latency_s,0.018294
1756998187.143,latency_s,0.018078
1756998187.175,latency_s,0.019027
1756998187.179,latency_s,0.019833
1756998187.179,latency_s,0.019058
1756998187.179,latency_s,0.020006
1756998187.179,latency_s,0.019353
1756998187.179,latency_s,0.019203
1756998187.179,latency_s,0.019310
1756998187.182,latency_s,0.018799
1756998187.216,latency_s,0.019816
1756998187.216,latency_s,0.018000
1756998187.218,latency_s,0.018638
1756998187.219,latency_s,0.018941
1756998187.221,latency_s,0.017408
1756998187.230,latency_s,0.019979
1756998187.230,latency_s,0.020066
1756998187.230,latency_s,0.018182
1756998187.230,latency_s,0.018043
1756998187.230,latency_s,0.017600
1756998187.233,latency_s,0.018612
1756998187.235,latency_s,0.018097
1756998187.237,latency_s,0.019156
1756998187.237,latency_s,0.019494
1756998187.244,latency_s,0.018943
1756998187.275,latency_s,0.018563
1756998187.282,latency_s,0.021892
1756998187.282,latency_s,0.021978
1756998187.282,latency_s,0.022275
1756998187.283,latency_s,0.022320
1756998187.283,latency_s,0.022178
1756998187.283,latency_s,0.021971
1756998187.283,latency_s,0.019016
1756998187.315,latency_s,0.018307
1756998187.317,latency_s,0.018193
1756998187.318,latency_s,0.018296
1756998187.318,latency_s,0.018280
1756998187.322,latency_s,0.017678
1756998187.329,latency_s,0.018793
1756998187.329,latency_s,0.018448
1756998187.332,latency_s,0.019862
1756998187.332,latency_s,0.019680
1756998187.332,latency_s,0.019171
1756998187.333,latency_s,0.018772
1756998187.338,latency_s,0.020674
1756998187.338,latency_s,0.019317
1756998187.338,latency_s,0.019400
1756998187.344,latency_s,0.018512
1756998187.377,latency_s,0.018713
1756998187.380,latency_s,0.018815
1756998187.380,latency_s,0.019189
1756998187.380,latency_s,0.019149
1756998187.380,latency_s,0.018679
1756998187.380,latency_s,0.018929
1756998187.380,latency_s,0.019125
1756998187.382,latency_s,0.018371
1756998187.416,latency_s,0.018769
1756998187.419,latency_s,0.019369
1756998187.419,latency_s,0.018435
1756998187.419,latency_s,0.018444
1756998187.422,latency_s,0.017889
1756998187.429,latency_s,0.018438
1756998187.429,latency_s,0.018362
1756998187.431,latency_s,0.018216
1756998187.431,latency_s,0.018183
1756998187.431,latency_s,0.017657
1756998187.433,latency_s,0.018609
1756998187.436,latency_s,0.018420
1756998187.438,latency_s,0.019400
1756998187.438,latency_s,0.019582
1756998187.444,latency_s,0.017745
1756998187.479,latency_s,0.019504
1756998187.480,latency_s,0.018846
1756998187.481,latency_s,0.018640
1756998187.481,latency_s,0.019075
1756998187.481,latency_s,0.018937
1756998187.481,latency_s,0.019068
1756998187.481,latency_s,0.018756
1756998187.483,latency_s,0.018068
1756998187.517,latency_s,0.018111
1756998187.520,latency_s,0.019440
1756998187.520,latency_s,0.018995
1756998187.520,latency_s,0.019094
1756998187.522,latency_s,0.017410
1756998187.529,latency_s,0.018442
1756998187.530,latency_s,0.018538
1756998187.531,latency_s,0.018263
1756998187.531,latency_s,0.018273
1756998187.532,latency_s,0.018070
1756998187.533,latency_s,0.017773
1756998187.535,latency_s,0.017887
1756998187.538,latency_s,0.018404
1756998187.538,latency_s,0.018636
1756998187.546,latency_s,0.018650
1756998187.580,latency_s,0.019017
1756998187.584,latency_s,0.022054
1756998187.584,latency_s,0.021755
1756998187.584,latency_s,0.022208
1756998187.584,latency_s,0.022160
1756998187.584,latency_s,0.021773
1756998187.585,latency_s,0.022182
1756998187.585,latency_s,0.019993
1756998187.618,latency_s,0.019472
1756998187.618,latency_s,0.017900
1756998187.620,latency_s,0.019117
1756998187.621,latency_s,0.019281
1756998187.624,latency_s,0.018579
1756998187.630,latency_s,0.018539
1756998187.630,latency_s,0.018559
1756998187.633,latency_s,0.019187
1756998187.633,latency_s,0.019402
1756998187.634,latency_s,0.018681
1756998187.634,latency_s,0.018271
1756998187.636,latency_s,0.018654
1756998187.638,latency_s,0.017922
1756998187.638,latency_s,0.017962
1756998187.645,latency_s,0.018142
1756998187.684,latency_s,0.022822
1756998187.684,latency_s,0.021878
1756998187.684,latency_s,0.021908
1756998187.684,latency_s,0.021460
1756998187.684,latency_s,0.021806
1756998187.684,latency_s,0.021469
1756998187.684,latency_s,0.020995
1756998187.685,latency_s,0.019807
1756998187.717,latency_s,0.018508
1756998187.719,latency_s,0.017858
1756998187.720,latency_s,0.018816
1756998187.720,latency_s,0.019042
1756998187.724,latency_s,0.018680
1756998187.730,latency_s,0.018026
1756998187.734,latency_s,0.020742
1756998187.734,latency_s,0.019895
1756998187.734,latency_s,0.020135
1756998187.734,latency_s,0.018900
1756998187.735,latency_s,0.017923
1756998187.736,latency_s,0.018267
1756998187.739,latency_s,0.018328
1756998187.739,latency_s,0.018517
1756998187.747,latency_s,0.019017
1756998187.780,latency_s,0.018074
1756998187.780,latency_s,0.017718
1756998187.781,latency_s,0.017964
1756998187.781,latency_s,0.018154
1756998187.783,latency_s,0.019619
1756998187.783,latency_s,0.020112
1756998187.783,latency_s,0.019302
1756998187.783,latency_s,0.018151
1756998187.817,latency_s,0.017881
1756998187.819,latency_s,0.017550
1756998187.820,latency_s,0.017880
1756998187.822,latency_s,0.018107
1756998187.824,latency_s,0.017653
1756998187.831,latency_s,0.018606
1756998187.833,latency_s,0.019241
1756998187.833,latency_s,0.018064
1756998187.833,latency_s,0.018345
1756998187.833,latency_s,0.017506
1756998187.835,latency_s,0.017793
1756998187.837,latency_s,0.018606
1756998187.840,latency_s,0.019062
1756998187.840,latency_s,0.018737
1756998187.846,latency_s,0.017683
1756998187.885,latency_s,0.020883
1756998187.885,latency_s,0.020863
1756998187.885,latency_s,0.020818
1756998187.885,latency_s,0.019949
1756998187.885,latency_s,0.019882
1756998187.885,latency_s,0.019397
1756998187.885,latency_s,0.019144
1756998187.885,latency_s,0.019178
1756998187.918,latency_s,0.018642
1756998187.940,latency_s,0.038207
1756998187.940,latency_s,0.037244
1756998187.940,latency_s,0.035777
1756998187.940,latency_s,0.032939
1756998187.940,latency_s,0.027059
1756998187.940,latency_s,0.025424
1756998187.940,latency_s,0.024717
1756998187.940,latency_s,0.024493
1756998187.940,latency_s,0.023784
1756998187.940,latency_s,0.021869
1756998187.940,latency_s,0.021923
1756998187.940,latency_s,0.018953
1756998187.947,latency_s,0.024978
1756998187.948,latency_s,0.018783
1756998187.983,latency_s,0.018778
1756998187.983,latency_s,0.018618
1756998187.983,latency_s,0.018665
1756998187.986,latency_s,0.019575
1756998187.986,latency_s,0.019572
1756998187.986,latency_s,0.019594
1756998187.986,latency_s,0.019758
1756998187.987,latency_s,0.020643
1756998188.019,latency_s,0.018711
1756998188.020,latency_s,0.018214
1756998188.024,latency_s,0.019471
1756998188.024,latency_s,0.019333
1756998188.025,latency_s,0.017602
1756998188.032,latency_s,0.018624
1756998188.035,latency_s,0.019088
1756998188.035,latency_s,0.018693
1756998188.035,latency_s,0.018697
1756998188.035,latency_s,0.018031
1756998188.039,latency_s,0.019911
1756998188.039,latency_s,0.019929
1756998188.043,latency_s,0.020663
1756998188.043,latency_s,0.019784
1756998188.049,latency_s,0.019200
1756998188.084,latency_s,0.019629
1756998188.084,latency_s,0.019642
1756998188.084,latency_s,0.019846
1756998188.086,latency_s,0.018919
1756998188.086,latency_s,0.018984
1756998188.086,latency_s,0.018934
1756998188.086,latency_s,0.019040
1756998188.087,latency_s,0.019126
1756998188.139,latency_s,0.037992
1756998188.139,latency_s,0.036181
1756998188.139,latency_s,0.034244
1756998188.139,latency_s,0.033209
1756998188.139,latency_s,0.031240
1756998188.139,latency_s,0.025032
1756998188.139,latency_s,0.023728
1756998188.140,latency_s,0.023152
1756998188.140,latency_s,0.022617
1756998188.140,latency_s,0.022413
1756998188.140,latency_s,0.019437
1756998188.150,latency_s,0.029490
1756998188.150,latency_s,0.027037
1756998188.150,latency_s,0.026490
1756998188.150,latency_s,0.020199
1756998188.188,latency_s,0.023227
1756998188.188,latency_s,0.023272
1756998188.188,latency_s,0.023048
1756998188.188,latency_s,0.020143
1756998188.188,latency_s,0.020281
1756998188.200,latency_s,0.031585
1756998188.200,latency_s,0.031760
1756998188.200,latency_s,0.031764
1756998188.219,latency_s,0.018276
1756998188.221,latency_s,0.017492
1756998188.225,latency_s,0.019655
1756998188.225,latency_s,0.018811
1756998188.227,latency_s,0.018074
1756998188.233,latency_s,0.017781
1756998188.235,latency_s,0.018818
1756998188.235,latency_s,0.018193
1756998188.240,latency_s,0.023085
1756998188.240,latency_s,0.022788
1756998188.240,latency_s,0.019531
1756998188.240,latency_s,0.019253
1756998188.242,latency_s,0.019300
1756998188.242,latency_s,0.018793
1756998188.249,latency_s,0.019144
1756998188.284,latency_s,0.018886
1756998188.284,latency_s,0.018964
1756998188.284,latency_s,0.019130
1756998188.289,latency_s,0.020517
1756998188.289,latency_s,0.020497
1756998188.289,latency_s,0.020774
1756998188.300,latency_s,0.031111
1756998188.300,latency_s,0.031247
1756998188.320,latency_s,0.018308
1756998188.322,latency_s,0.017940
1756998188.325,latency_s,0.019368
1756998188.325,latency_s,0.018545
1756998188.327,latency_s,0.017978
1756998188.335,latency_s,0.020200
1756998188.335,latency_s,0.018403
1756998188.335,latency_s,0.018375
1756998188.341,latency_s,0.022941
1756998188.341,latency_s,0.023493
1756998188.341,latency_s,0.019677
1756998188.341,latency_s,0.019270
1756998188.342,latency_s,0.018184
1756998188.343,latency_s,0.018914
1756998188.350,latency_s,0.019297
1756998188.385,latency_s,0.019344
1756998188.385,latency_s,0.019492
1756998188.385,latency_s,0.018813
1756998188.386,latency_s,0.017611
1756998188.389,latency_s,0.018652
1756998188.389,latency_s,0.018703
1756998188.389,latency_s,0.018811
1756998188.399,latency_s,0.029091
1756998188.421,latency_s,0.018190
1756998188.423,latency_s,0.018444
1756998188.427,latency_s,0.020638
1756998188.427,latency_s,0.019972
1756998188.427,latency_s,0.018054
1756998188.434,latency_s,0.018074
1756998188.436,latency_s,0.018358
1756998188.436,latency_s,0.018121
1756998188.436,latency_s,0.018478
1756998188.443,latency_s,0.024160
1756998188.443,latency_s,0.020730
1756998188.443,latency_s,0.020198
1756998188.443,latency_s,0.018876
1756998188.443,latency_s,0.018374
1756998188.450,latency_s,0.018540
1756998188.504,latency_s,0.037882
1756998188.504,latency_s,0.037707
1756998188.505,latency_s,0.036123
1756998188.505,latency_s,0.035683
1756998188.505,latency_s,0.034247
1756998188.505,latency_s,0.034329
1756998188.505,latency_s,0.034365
1756998188.505,latency_s,0.034379
1756998188.521,latency_s,0.018112
1756998188.523,latency_s,0.017715
1756998188.525,latency_s,0.018087
1756998188.526,latency_s,0.018024
1756998188.527,latency_s,0.017468
1756998188.537,latency_s,0.020218
1756998188.537,latency_s,0.018722
1756998188.540,latency_s,0.021779
1756998188.540,latency_s,0.022010
1756998188.540,latency_s,0.020734
1756998188.540,latency_s,0.018015
1756998188.544,latency_s,0.021026
1756998188.545,latency_s,0.019511
1756998188.545,latency_s,0.020329
1756998188.550,latency_s,0.018522
1756998188.587,latency_s,0.019824
1756998188.587,latency_s,0.019945
1756998188.587,latency_s,0.018196
1756998188.587,latency_s,0.018095
1756998188.591,latency_s,0.019779
1756998188.591,latency_s,0.019989
1756998188.601,latency_s,0.030319
1756998188.602,latency_s,0.030390
1756998188.621,latency_s,0.018229
1756998188.623,latency_s,0.018143
1756998188.630,latency_s,0.020018
1756998188.630,latency_s,0.020036
1756998188.630,latency_s,0.019212
1756998188.635,latency_s,0.018790
1756998188.638,latency_s,0.019773
1756998188.638,latency_s,0.018749
1756998188.646,latency_s,0.027296
1756998188.646,latency_s,0.027508
1756998188.646,latency_s,0.023325
1756998188.646,latency_s,0.021363
1756998188.646,latency_s,0.021028
1756998188.646,latency_s,0.021646
1756998188.650,latency_s,0.018467
1756998188.687,latency_s,0.019478
1756998188.687,latency_s,0.019318
1756998188.687,latency_s,0.018162
1756998188.687,latency_s,0.017761
1756998188.692,latency_s,0.020733
1756998188.693,latency_s,0.020806
1756998188.693,latency_s,0.020934
1756998188.701,latency_s,0.028458
1756998188.722,latency_s,0.017981
1756998188.724,latency_s,0.018311
1756998188.728,latency_s,0.018482
1756998188.728,latency_s,0.018477
1756998188.731,latency_s,0.018367
1756998188.735,latency_s,0.018031
1756998188.739,latency_s,0.019758
1756998188.739,latency_s,0.019650
1756998188.739,latency_s,0.020059
1756998188.744,latency_s,0.023541
1756998188.745,latency_s,0.021719
1756998188.745,latency_s,0.019844
1756998188.746,latency_s,0.020793
1756998188.751,latency_s,0.024826
1756998188.751,latency_s,0.018636
1756998188.790,latency_s,0.022172
1756998188.790,latency_s,0.022062
1756998188.790,latency_s,0.020602
1756998188.790,latency_s,0.020382
1756998188.791,latency_s,0.018581
1756998188.791,latency_s,0.018871
1756998188.791,latency_s,0.018929
1756998188.791,latency_s,0.017940
1756998188.822,latency_s,0.018245
1756998188.824,latency_s,0.017915
1756998188.830,latency_s,0.019317
1756998188.830,latency_s,0.019495
1756998188.831,latency_s,0.018146
1756998188.836,latency_s,0.018122
1756998188.837,latency_s,0.017797
1756998188.837,latency_s,0.017851
1756998188.839,latency_s,0.019874
1756998188.839,latency_s,0.018610
1756998188.846,latency_s,0.022273
1756998188.846,latency_s,0.020454
1756998188.846,latency_s,0.020321
1756998188.846,latency_s,0.020126
1756998188.851,latency_s,0.017974
1756998188.887,latency_s,0.018411
1756998188.889,latency_s,0.018664
1756998188.889,latency_s,0.018726
1756998188.889,latency_s,0.018511
1756998188.891,latency_s,0.018547
1756998188.891,latency_s,0.018683
1756998188.891,latency_s,0.018845
1756998188.893,latency_s,0.019010
1756998188.923,latency_s,0.018481
1756998188.924,latency_s,0.017639
1756998188.929,latency_s,0.018308
1756998188.930,latency_s,0.017643
1756998188.932,latency_s,0.018316
1756998188.936,latency_s,0.018155
1756998188.938,latency_s,0.018901
1756998188.938,latency_s,0.018776
1756998188.938,latency_s,0.018420
1756998188.940,latency_s,0.018162
1756998188.943,latency_s,0.019174
1756998188.945,latency_s,0.019366
1756998188.945,latency_s,0.019183
1756998188.945,latency_s,0.019007
1756998188.952,latency_s,0.018783
1756998188.988,latency_s,0.018632
1756998188.991,latency_s,0.019831
1756998188.991,latency_s,0.019905
1756998188.991,latency_s,0.019965
1756998188.991,latency_s,0.018229
1756998188.991,latency_s,0.018327
1756998188.991,latency_s,0.018240
1756998188.992,latency_s,0.017374
1756998189.024,latency_s,0.018936
1756998189.025,latency_s,0.018290
1756998189.031,latency_s,0.019930
1756998189.031,latency_s,0.018831
1756998189.033,latency_s,0.018297
1756998189.037,latency_s,0.018372
1756998189.039,latency_s,0.018778
1756998189.039,latency_s,0.018378
1756998189.039,latency_s,0.019234
1756998189.040,latency_s,0.017979
1756998189.042,latency_s,0.018191
1756998189.046,latency_s,0.020096
1756998189.046,latency_s,0.019837
1756998189.054,latency_s,0.020468
1756998189.091,latency_s,0.020231
1756998189.091,latency_s,0.019084
1756998189.092,latency_s,0.020108
1756998189.092,latency_s,0.020125
1756998189.092,latency_s,0.018467
1756998189.092,latency_s,0.017941
1756998189.092,latency_s,0.018341
1756998189.095,latency_s,0.019774
1756998189.124,latency_s,0.018592
1756998189.125,latency_s,0.018541
1756998189.131,latency_s,0.019151
1756998189.131,latency_s,0.018349
1756998189.133,latency_s,0.018313
1756998189.140,latency_s,0.019422
1756998189.140,latency_s,0.019622
1756998189.140,latency_s,0.019646
1756998189.141,latency_s,0.020194
1756998189.141,latency_s,0.018009
1756998189.150,latency_s,0.024478
1756998189.150,latency_s,0.022065
1756998189.150,latency_s,0.022143
1756998189.151,latency_s,0.017377
1756998189.165,latency_s,0.138915
1756998189.167,latency_s,0.039515
1756998189.190,latency_s,0.019382
1756998189.190,latency_s,0.018318
1756998189.191,latency_s,0.018803
1756998189.191,latency_s,0.018990
1756998189.191,latency_s,0.017426
1756998189.192,latency_s,0.017654
1756998189.195,latency_s,0.020922
1756998189.195,latency_s,0.019667
1756998189.225,latency_s,0.019303
1756998189.225,latency_s,0.018399
1756998189.230,latency_s,0.017893
1756998189.232,latency_s,0.018383
1756998189.233,latency_s,0.017857
1756998189.241,latency_s,0.019714
1756998189.241,latency_s,0.019671
1756998189.241,latency_s,0.018740
1756998189.241,latency_s,0.018903
1756998189.241,latency_s,0.017521
1756998189.243,latency_s,0.017309
1756998189.247,latency_s,0.019034
1756998189.247,latency_s,0.019200
1756998189.247,latency_s,0.019042
1756998189.253,latency_s,0.018472
1756998189.290,latency_s,0.018863
1756998189.292,latency_s,0.019541
1756998189.292,latency_s,0.019648
1756998189.292,latency_s,0.019606
1756998189.293,latency_s,0.017950
1756998189.293,latency_s,0.018022
1756998189.293,latency_s,0.017725
1756998189.295,latency_s,0.018696
1756998189.326,latency_s,0.019390
1756998189.326,latency_s,0.018998
1756998189.332,latency_s,0.017974
1756998189.335,latency_s,0.018697
1756998189.335,latency_s,0.018711
1756998189.340,latency_s,0.018675
1756998189.340,latency_s,0.018559
1756998189.340,latency_s,0.017719
1756998189.340,latency_s,0.017653
1756998189.342,latency_s,0.018090
1756998189.344,latency_s,0.018139
1756998189.349,latency_s,0.020559
1756998189.349,latency_s,0.020670
1756998189.352,latency_s,0.017522
1756998189.392,latency_s,0.020170
1756998189.392,latency_s,0.019253
1756998189.392,latency_s,0.019216
1756998189.393,latency_s,0.020374
1756998189.394,latency_s,0.018358
1756998189.394,latency_s,0.018385
1756998189.394,latency_s,0.018358
1756998189.396,latency_s,0.017946
1756998189.426,latency_s,0.018545
1756998189.427,latency_s,0.019489
1756998189.432,latency_s,0.017471
1756998189.435,latency_s,0.018058
1756998189.436,latency_s,0.019391
1756998189.440,latency_s,0.018369
1756998189.440,latency_s,0.018415
1756998189.442,latency_s,0.019184
1756998189.442,latency_s,0.019278
1756998189.442,latency_s,0.017375
1756998189.445,latency_s,0.018349
1756998189.448,latency_s,0.018548
1756998189.448,latency_s,0.018473
1756998189.454,latency_s,0.018872
1756998189.479,latency_s,0.151156
1756998189.480,latency_s,0.050328
1756998189.494,latency_s,0.020276
1756998189.494,latency_s,0.020409
1756998189.494,latency_s,0.020176
1756998189.494,latency_s,0.020198
1756998189.494,latency_s,0.018209
1756998189.498,latency_s,0.021178
1756998189.498,latency_s,0.021246
1756998189.498,latency_s,0.018918
1756998189.527,latency_s,0.018937
1756998189.527,latency_s,0.019087
1756998189.536,latency_s,0.018644
1756998189.536,latency_s,0.018608
1756998189.536,latency_s,0.018245
1756998189.540,latency_s,0.017689
1756998189.541,latency_s,0.018771
1756998189.541,latency_s,0.018584
1756998189.541,latency_s,0.018448
1756998189.544,latency_s,0.018522
1756998189.545,latency_s,0.017956
1756998189.547,latency_s,0.017878
1756998189.547,latency_s,0.017730
1756998189.551,latency_s,0.021074
1756998189.555,latency_s,0.019109
1756998189.596,latency_s,0.021556
1756998189.596,latency_s,0.021719
1756998189.596,latency_s,0.021469
1756998189.596,latency_s,0.021800
1756998189.596,latency_s,0.019732
1756998189.596,latency_s,0.018935
1756998189.596,latency_s,0.018753
1756998189.597,latency_s,0.018412
1756998189.627,latency_s,0.018715
1756998189.627,latency_s,0.018975
1756998189.637,latency_s,0.019500
1756998189.637,latency_s,0.019576
1756998189.637,latency_s,0.019258
1756998189.640,latency_s,0.017778
1756998189.640,latency_s,0.017533
1756998189.643,latency_s,0.019459
1756998189.643,latency_s,0.019445
1756998189.643,latency_s,0.018024
1756998189.646,latency_s,0.018002
1756998189.649,latency_s,0.019360
1756998189.649,latency_s,0.019071
1756998189.649,latency_s,0.018956
1756998189.656,latency_s,0.019636
1756998189.695,latency_s,0.020224
1756998189.695,latency_s,0.020473
1756998189.695,latency_s,0.019880
1756998189.695,latency_s,0.018578
1756998189.698,latency_s,0.021001
1756998189.698,latency_s,0.020712
1756998189.698,latency_s,0.018757
1756998189.727,latency_s,0.018337
1756998189.728,latency_s,0.018414
1756998189.738,latency_s,0.019774
1756998189.738,latency_s,0.019610
1756998189.738,latency_s,0.019963
1756998189.741,latency_s,0.017650
1756998189.742,latency_s,0.017894
1756998189.744,latency_s,0.019084
1756998189.744,latency_s,0.019152
1756998189.745,latency_s,0.018533
1756998189.747,latency_s,0.018171
1756998189.748,latency_s,0.017703
1756998189.748,latency_s,0.017484
1756998189.749,latency_s,0.017758
1756998189.754,latency_s,0.017893
1756998189.794,latency_s,0.018982
1756998189.794,latency_s,0.019125
1756998189.794,latency_s,0.018772
1756998189.798,latency_s,0.021112
1756998189.798,latency_s,0.020221
1756998189.798,latency_s,0.020030
1756998189.798,latency_s,0.017884
1756998189.815,latency_s,0.140389
1756998189.815,latency_s,0.040302
1756998189.828,latency_s,0.018606
1756998189.828,latency_s,0.017900
1756998189.838,latency_s,0.019838
1756998189.838,latency_s,0.019771
1756998189.838,latency_s,0.019435
1756998189.843,latency_s,0.019192
1756998189.844,latency_s,0.018471
1756998189.846,latency_s,0.020017
1756998189.846,latency_s,0.019589
1756998189.846,latency_s,0.019573
1756998189.846,latency_s,0.017875
1756998189.849,latency_s,0.018283
1756998189.849,latency_s,0.018370
1756998189.850,latency_s,0.018190
1756998189.855,latency_s,0.018201
1756998189.899,latency_s,0.023145
1756998189.899,latency_s,0.023289
1756998189.899,latency_s,0.022869
1756998189.899,latency_s,0.023396
1756998189.899,latency_s,0.021361
1756998189.899,latency_s,0.020542
1756998189.899,latency_s,0.020395
1756998189.928,latency_s,0.019013
1756998189.931,latency_s,0.019055
1756998189.938,latency_s,0.019154
1756998189.938,latency_s,0.019159
1756998189.938,latency_s,0.019129
1756998189.942,latency_s,0.018028
1756998189.945,latency_s,0.018469
1756998189.945,latency_s,0.018185
1756998189.945,latency_s,0.017929
1756998189.945,latency_s,0.017692
1756998189.948,latency_s,0.018505
1756998189.950,latency_s,0.018489
1756998189.950,latency_s,0.018300
1756998189.950,latency_s,0.017693
1756998189.956,latency_s,0.018384
1756998189.996,latency_s,0.019772
1756998189.996,latency_s,0.019354
1756998189.996,latency_s,0.019436
1756998189.996,latency_s,0.019544
1756998189.996,latency_s,0.018509
1756998189.999,latency_s,0.019438
1756998189.999,latency_s,0.019177
1756998190.023,latency_s,0.142083
1756998190.023,latency_s,0.041615
1756998190.029,latency_s,0.019080
1756998190.031,latency_s,0.018567
1756998190.039,latency_s,0.019285
1756998190.039,latency_s,0.018660
1756998190.039,latency_s,0.019700
1756998190.042,latency_s,0.017977
1756998190.046,latency_s,0.018206
1756998190.047,latency_s,0.018909
1756998190.047,latency_s,0.018967
1756998190.047,latency_s,0.018215
1756998190.047,latency_s,0.017815
1756998190.049,latency_s,0.017540
1756998190.050,latency_s,0.017632
1756998190.050,latency_s,0.017316
1756998190.056,latency_s,0.017805
1756998190.101,latency_s,0.023988
1756998190.101,latency_s,0.022581
1756998190.112,latency_s,0.033495
1756998190.112,latency_s,0.033336
1756998190.112,latency_s,0.033338
1756998190.112,latency_s,0.032247
1756998190.112,latency_s,0.031991
1756998190.112,latency_s,0.030370
1756998190.129,latency_s,0.018102
1756998190.131,latency_s,0.017964
1756998190.139,latency_s,0.019166
1756998190.139,latency_s,0.019230
1756998190.140,latency_s,0.018288
1756998190.143,latency_s,0.017555
1756998190.147,latency_s,0.018602
1756998190.147,latency_s,0.018424
1756998190.147,latency_s,0.018574
1756998190.147,latency_s,0.018095
1756998190.157,latency_s,0.026923
1756998190.157,latency_s,0.024303
1756998190.157,latency_s,0.023872
1756998190.157,latency_s,0.024286
1756998190.157,latency_s,0.018729
1756998190.198,latency_s,0.019542
1756998190.199,latency_s,0.019642
1756998190.199,latency_s,0.018887
1756998190.199,latency_s,0.019764
1756998190.199,latency_s,0.018487
1756998190.199,latency_s,0.018409
1756998190.201,latency_s,0.017680
1756998190.230,latency_s,0.018921
1756998190.231,latency_s,0.017897
1756998190.241,latency_s,0.020461
1756998190.241,latency_s,0.019821
1756998190.242,latency_s,0.019984
1756998190.244,latency_s,0.017934
1756998190.246,latency_s,0.017963
1756998190.247,latency_s,0.018187
1756998190.247,latency_s,0.018280
1756998190.247,latency_s,0.017351
1756998190.247,latency_s,0.017445
1756998190.257,latency_s,0.024169
1756998190.257,latency_s,0.023962
1756998190.257,latency_s,0.023942
1756998190.257,latency_s,0.018435
1756998190.301,latency_s,0.021389
1756998190.301,latency_s,0.021423
1756998190.301,latency_s,0.021501
1756998190.301,latency_s,0.020498
1756998190.301,latency_s,0.020170
1756998190.301,latency_s,0.020860
1756998190.303,latency_s,0.018598
1756998190.318,latency_s,0.141005
1756998190.318,latency_s,0.040859
1756998190.333,latency_s,0.020035
1756998190.333,latency_s,0.018306
1756998190.341,latency_s,0.020270
1756998190.342,latency_s,0.019540
1756998190.342,latency_s,0.019486
1756998190.344,latency_s,0.017834
1756998190.348,latency_s,0.019556
1756998190.348,latency_s,0.019089
1756998190.350,latency_s,0.019976
1756998190.350,latency_s,0.019821
1756998190.350,latency_s,0.020976
1756998190.352,latency_s,0.018468
1756998190.353,latency_s,0.019920
1756998190.354,latency_s,0.020027
1756998190.358,latency_s,0.018274
1756998190.396,latency_s,0.018672
1756998190.399,latency_s,0.018934
1756998190.399,latency_s,0.018684
1756998190.399,latency_s,0.018303
1756998190.399,latency_s,0.019200
1756998190.400,latency_s,0.019352
1756998190.400,latency_s,0.018896
1756998190.405,latency_s,0.018903
1756998190.432,latency_s,0.018984
1756998190.433,latency_s,0.017798
1756998190.443,latency_s,0.020073
1756998190.443,latency_s,0.018251
1756998190.443,latency_s,0.018517
1756998190.445,latency_s,0.018785
1756998190.450,latency_s,0.021182
1756998190.450,latency_s,0.020513
1756998190.450,latency_s,0.020569
1756998190.450,latency_s,0.020231
1756998190.450,latency_s,0.020186
1756998190.460,latency_s,0.026155
1756998190.460,latency_s,0.026123
1756998190.460,latency_s,0.024288
1756998190.460,latency_s,0.020257
1756998190.499,latency_s,0.021030
1756998190.499,latency_s,0.018276
1756998190.499,latency_s,0.018184
1756998190.499,latency_s,0.018017
1756998190.499,latency_s,0.018527
1756998190.499,latency_s,0.017907
1756998190.499,latency_s,0.017715
1756998190.506,latency_s,0.019007
1756998190.534,latency_s,0.019640
1756998190.535,latency_s,0.018653
1756998190.542,latency_s,0.018622
1756998190.544,latency_s,0.018607
1756998190.544,latency_s,0.018688
1756998190.545,latency_s,0.017666
1756998190.548,latency_s,0.018371
1756998190.550,latency_s,0.020188
1756998190.550,latency_s,0.020113
1756998190.550,latency_s,0.019624
1756998190.551,latency_s,0.019793
1756998190.552,latency_s,0.018384
1756998190.557,latency_s,0.023087
1756998190.558,latency_s,0.021239
1756998190.558,latency_s,0.017912
1756998190.597,latency_s,0.018429
1756998190.600,latency_s,0.018839
1756998190.600,latency_s,0.018909
1756998190.600,latency_s,0.018892
1756998190.600,latency_s,0.019476
1756998190.603,latency_s,0.020229
1756998190.603,latency_s,0.020547
1756998190.606,latency_s,0.018311
1756998190.634,latency_s,0.018592
1756998190.634,latency_s,0.017595
1756998190.643,latency_s,0.018553
1756998190.643,latency_s,0.017618
1756998190.645,latency_s,0.019256
1756998190.645,latency_s,0.017735
1756998190.649,latency_s,0.019542
1756998190.649,latency_s,0.019152
1756998190.649,latency_s,0.018838
1756998190.649,latency_s,0.018684
1756998190.650,latency_s,0.018478
1756998190.653,latency_s,0.018410
1756998190.653,latency_s,0.018614
1756998190.659,latency_s,0.020947
1756998190.659,latency_s,0.018109
1756998190.697,latency_s,0.018188
1756998190.702,latency_s,0.020322
1756998190.718,latency_s,0.036266
1756998190.718,latency_s,0.036646
1756998190.718,latency_s,0.036642
1756998190.718,latency_s,0.034750
1756998190.718,latency_s,0.034783
1756998190.718,latency_s,0.029843
1756998190.733,latency_s,0.017747
1756998190.735,latency_s,0.018595
1756998190.745,latency_s,0.020262
1756998190.745,latency_s,0.019374
1756998190.746,latency_s,0.019492
1756998190.746,latency_s,0.017909
1756998190.748,latency_s,0.018211
1756998190.750,latency_s,0.018839
1756998190.750,latency_s,0.018744
1756998190.761,latency_s,0.030012
1756998190.761,latency_s,0.029496
1756998190.761,latency_s,0.025779
1756998190.761,latency_s,0.025869
1756998190.762,latency_s,0.023285
1756998190.762,latency_s,0.020614
1756998190.799,latency_s,0.019200
1756998190.804,latency_s,0.021944
1756998190.804,latency_s,0.022089
1756998190.804,latency_s,0.021893
1756998190.804,latency_s,0.021755
1756998190.804,latency_s,0.019783
1756998190.804,latency_s,0.019526
1756998190.808,latency_s,0.019124
1756998190.833,latency_s,0.017610
1756998190.836,latency_s,0.018151
1756998190.846,latency_s,0.018986
1756998190.846,latency_s,0.018982
1756998190.846,latency_s,0.019147
1756998190.847,latency_s,0.018206
1756998190.849,latency_s,0.018153
1756998190.851,latency_s,0.018717
1756998190.851,latency_s,0.018384
1756998190.851,latency_s,0.018746
1756998190.861,latency_s,0.028111
1756998190.861,latency_s,0.024788
1756998190.861,latency_s,0.024834
1756998190.861,latency_s,0.021944
1756998190.861,latency_s,0.018434
1756998190.900,latency_s,0.019685
1756998190.903,latency_s,0.020548
1756998190.903,latency_s,0.020368
1756998190.903,latency_s,0.020779
1756998190.903,latency_s,0.020645
1756998190.904,latency_s,0.018780
1756998190.904,latency_s,0.018827
1756998190.908,latency_s,0.018198
1756998190.936,latency_s,0.018832
1756998190.936,latency_s,0.018402
1756998190.946,latency_s,0.018922
1756998190.946,latency_s,0.018137
1756998190.950,latency_s,0.019621
1756998190.950,latency_s,0.019214
1756998190.950,latency_s,0.019333
1756998190.951,latency_s,0.018940
1756998190.951,latency_s,0.018887
1756998190.951,latency_s,0.018551
1756998190.961,latency_s,0.028024
1756998190.961,latency_s,0.025031
1756998190.961,latency_s,0.024642
1756998190.961,latency_s,0.020855
1756998190.962,latency_s,0.018113
1756998190.999,latency_s,0.018491
1756998191.002,latency_s,0.018963
1756998191.002,latency_s,0.018794
1756998191.002,latency_s,0.018465
1756998191.002,latency_s,0.019108
1756998191.005,latency_s,0.019397
1756998191.006,latency_s,0.019845
1756998191.009,latency_s,0.017904
1756998191.036,latency_s,0.018160
1756998191.039,latency_s,0.017739
1756998191.047,latency_s,0.019857
1756998191.048,latency_s,0.019369
1756998191.051,latency_s,0.021021
1756998191.051,latency_s,0.020555
1756998191.051,latency_s,0.020325
1756998191.051,latency_s,0.018682
1756998191.051,latency_s,0.018701
1756998191.053,latency_s,0.019871
1756998191.063,latency_s,0.029765
1756998191.063,latency_s,0.026585
1756998191.063,latency_s,0.026437
1756998191.063,latency_s,0.022684
1756998191.063,latency_s,0.019738
1756998191.104,latency_s,0.022407
1756998191.104,latency_s,0.021354
1756998191.105,latency_s,0.020923
1756998191.105,latency_s,0.020171
1756998191.105,latency_s,0.020295
1756998191.105,latency_s,0.018457
1756998191.105,latency_s,0.018435
1756998191.111,latency_s,0.018186
1756998191.139,latency_s,0.019619
1756998191.140,latency_s,0.017804
1756998191.146,latency_s,0.018375
1756998191.150,latency_s,0.019685
1756998191.150,latency_s,0.019815
1756998191.151,latency_s,0.019572
1756998191.151,latency_s,0.019269
1756998191.153,latency_s,0.018803
1756998191.153,latency_s,0.018871
1756998191.153,latency_s,0.018725
1756998191.156,latency_s,0.018759
1756998191.161,latency_s,0.024140
1756998191.161,latency_s,0.023273
1756998191.161,latency_s,0.020287
1756998191.164,latency_s,0.019808
1756998191.201,latency_s,0.019191
1756998191.201,latency_s,0.017467
1756998191.203,latency_s,0.018516
1756998191.207,latency_s,0.020723
1756998191.207,latency_s,0.020624
1756998191.207,latency_s,0.019879
1756998191.207,latency_s,0.020105
1756998191.211,latency_s,0.017923
1756998191.239,latency_s,0.019073
1756998191.241,latency_s,0.017602
1756998191.248,latency_s,0.019271
1756998191.251,latency_s,0.020290
1756998191.251,latency_s,0.020144
1756998191.251,latency_s,0.020109
1756998191.251,latency_s,0.019535
1756998191.254,latency_s,0.019331
1756998191.254,latency_s,0.019147
1756998191.254,latency_s,0.019554
1756998191.258,latency_s,0.019732
1756998191.258,latency_s,0.019422
1756998191.264,latency_s,0.025750
1756998191.264,latency_s,0.022304
1756998191.264,latency_s,0.018993
1756998191.301,latency_s,0.018811
1756998191.304,latency_s,0.018364
1756998191.304,latency_s,0.018163
1756998191.304,latency_s,0.017845
1756998191.304,latency_s,0.017423
1756998191.307,latency_s,0.019844
1756998191.307,latency_s,0.019968
1756998191.312,latency_s,0.018427
1756998191.339,latency_s,0.018427
1756998191.342,latency_s,0.018587
1756998191.346,latency_s,0.017782
1756998191.351,latency_s,0.019894
1756998191.351,latency_s,0.019715
1756998191.351,latency_s,0.019336
1756998191.351,latency_s,0.018967
1756998191.354,latency_s,0.018856
1756998191.354,latency_s,0.018817
1756998191.354,latency_s,0.019059
1756998191.357,latency_s,0.019130
1756998191.357,latency_s,0.018806
1756998191.358,latency_s,0.018799
1756998191.362,latency_s,0.020001
1756998191.366,latency_s,0.019608
1756998191.401,latency_s,0.018397
1756998191.404,latency_s,0.018862
1756998191.405,latency_s,0.018657
1756998191.405,latency_s,0.018031
1756998191.405,latency_s,0.017951
1756998191.407,latency_s,0.019083
1756998191.407,latency_s,0.019202
1756998191.413,latency_s,0.018973
1756998191.440,latency_s,0.018625
1756998191.444,latency_s,0.018372
1756998191.447,latency_s,0.017823
1756998191.452,latency_s,0.020344
1756998191.452,latency_s,0.020249
1756998191.452,latency_s,0.019425
1756998191.452,latency_s,0.019604
1756998191.455,latency_s,0.019101
1756998191.455,latency_s,0.018891
1756998191.456,latency_s,0.019491
1756998191.458,latency_s,0.019190
1756998191.458,latency_s,0.018097
1756998191.458,latency_s,0.018307
1756998191.461,latency_s,0.019341
1756998191.467,latency_s,0.019067
1756998191.504,latency_s,0.020112
1756998191.507,latency_s,0.020316
1756998191.507,latency_s,0.020187
1756998191.507,latency_s,0.020082
1756998191.508,latency_s,0.020275
1756998191.508,latency_s,0.019806
1756998191.508,latency_s,0.020103
1756998191.512,latency_s,0.017561
1756998191.540,latency_s,0.018503
1756998191.544,latency_s,0.018164
1756998191.547,latency_s,0.017703
1756998191.553,latency_s,0.021503
1756998191.553,latency_s,0.021413
1756998191.554,latency_s,0.020587
1756998191.554,latency_s,0.020947
1756998191.556,latency_s,0.019800
1756998191.557,latency_s,0.020791
1756998191.557,latency_s,0.020687
1756998191.557,latency_s,0.018550
1756998191.558,latency_s,0.018394
1756998191.559,latency_s,0.018938
1756998191.561,latency_s,0.018356
1756998191.568,latency_s,0.020044
1756998191.606,latency_s,0.021979
1756998191.606,latency_s,0.019132
1756998191.606,latency_s,0.018810
1756998191.606,latency_s,0.018932
1756998191.606,latency_s,0.018637
1756998191.606,latency_s,0.018245
1756998191.607,latency_s,0.018501
1756998191.612,latency_s,0.017854
1756998191.641,latency_s,0.018927
1756998191.644,latency_s,0.017860
1756998191.648,latency_s,0.018432
1756998191.651,latency_s,0.018996
1756998191.651,latency_s,0.018951
1756998191.651,latency_s,0.018281
1756998191.651,latency_s,0.018292
1756998191.655,latency_s,0.018769
1756998191.656,latency_s,0.017979
1756998191.656,latency_s,0.017956
1756998191.658,latency_s,0.019005
1756998191.658,latency_s,0.018080
1756998191.658,latency_s,0.017929
1756998191.660,latency_s,0.017770
1756998191.667,latency_s,0.018477
1756998191.703,latency_s,0.019013
1756998191.711,latency_s,0.023479
1756998191.711,latency_s,0.022340
1756998191.711,latency_s,0.022580
1756998191.711,latency_s,0.022390
1756998191.711,latency_s,0.022631
1756998191.712,latency_s,0.023307
1756998191.715,latency_s,0.019887
1756998191.741,latency_s,0.018947
1756998191.745,latency_s,0.017814
1756998191.749,latency_s,0.018775
1756998191.753,latency_s,0.019984
1756998191.753,latency_s,0.019839
1756998191.753,latency_s,0.019066
1756998191.755,latency_s,0.021030
1756998191.755,latency_s,0.017784
1756998191.756,latency_s,0.017964
1756998191.756,latency_s,0.017965
1756998191.758,latency_s,0.018158
1756998191.758,latency_s,0.017267
1756998191.758,latency_s,0.017468
1756998191.763,latency_s,0.018721
1756998191.768,latency_s,0.018790
1756998191.805,latency_s,0.020216
1756998191.806,latency_s,0.018117
1756998191.809,latency_s,0.020101
1756998191.809,latency_s,0.020120
1756998191.809,latency_s,0.019925
1756998191.809,latency_s,0.020201
1756998191.809,latency_s,0.019877
1756998191.814,latency_s,0.018950
1756998191.842,latency_s,0.018604
1756998191.849,latency_s,0.018235
1756998191.850,latency_s,0.017917
1756998191.852,latency_s,0.018877
1756998191.852,latency_s,0.019132
1756998191.852,latency_s,0.018325
1756998191.852,latency_s,0.018401
1756998191.855,latency_s,0.018097
1756998191.857,latency_s,0.017957
1756998191.857,latency_s,0.018163
1756998191.858,latency_s,0.017988
1756998191.859,latency_s,0.017862
1756998191.859,latency_s,0.017880
1756998191.863,latency_s,0.018759
1756998191.868,latency_s,0.018675
1756998191.903,latency_s,0.018291
1756998191.908,latency_s,0.019486
1756998191.908,latency_s,0.018593
1756998191.908,latency_s,0.018573
1756998191.908,latency_s,0.018397
1756998191.908,latency_s,0.018413
1756998191.908,latency_s,0.017586
1756998191.914,latency_s,0.018622
1756998191.943,latency_s,0.018720
1756998191.951,latency_s,0.019660
1756998191.954,latency_s,0.020717
1756998191.954,latency_s,0.020785
1756998191.954,latency_s,0.020868
1756998191.954,latency_s,0.019969
1756998191.955,latency_s,0.020018
1756998191.957,latency_s,0.019043
1756998191.959,latency_s,0.019607
1756998191.959,latency_s,0.019334
1756998191.959,latency_s,0.019496
1756998191.959,latency_s,0.017955
1756998191.960,latency_s,0.018153
1756998191.964,latency_s,0.018739
1756998191.970,latency_s,0.019820
1756998192.004,latency_s,0.018613
1756998192.009,latency_s,0.019721
1756998192.009,latency_s,0.019519
1756998192.009,latency_s,0.019362
1756998192.009,latency_s,0.019260
1756998192.009,latency_s,0.019383
1756998192.009,latency_s,0.018638
1756998192.015,latency_s,0.018581
1756998192.043,latency_s,0.018757
1756998192.050,latency_s,0.018050
1756998192.054,latency_s,0.019694
1756998192.054,latency_s,0.019731
1756998192.054,latency_s,0.019538
1756998192.054,latency_s,0.019378
1756998192.054,latency_s,0.019169
1756998192.056,latency_s,0.018255
1756998192.076,latency_s,0.035652
1756998192.076,latency_s,0.035577
1756998192.076,latency_s,0.035210
1756998192.076,latency_s,0.034212
1756998192.076,latency_s,0.034211
1756998192.076,latency_s,0.030729
1756998192.076,latency_s,0.025875
1756998192.105,latency_s,0.019249
1756998192.107,latency_s,0.017893
1756998192.113,latency_s,0.022722
1756998192.113,latency_s,0.023126
1756998192.113,latency_s,0.022703
1756998192.113,latency_s,0.022827
1756998192.113,latency_s,0.021304
1756998192.117,latency_s,0.018926
1756998192.143,latency_s,0.018429
1756998192.151,latency_s,0.018267
1756998192.154,latency_s,0.019656
1756998192.154,latency_s,0.019255
1756998192.155,latency_s,0.019261
1756998192.155,latency_s,0.019431
1756998192.155,latency_s,0.019394
1756998192.156,latency_s,0.017855
1756998192.159,latency_s,0.018503
1756998192.159,latency_s,0.018678
1756998192.160,latency_s,0.018178
1756998192.160,latency_s,0.017832
1756998192.169,latency_s,0.026914
1756998192.169,latency_s,0.022294
1756998192.169,latency_s,0.019058
1756998192.205,latency_s,0.018918
1756998192.207,latency_s,0.017717
1756998192.210,latency_s,0.019304
1756998192.210,latency_s,0.019359
1756998192.210,latency_s,0.019335
1756998192.210,latency_s,0.019390
1756998192.211,latency_s,0.018421
1756998192.217,latency_s,0.018243
1756998192.245,latency_s,0.019509
1756998192.252,latency_s,0.018277
1756998192.255,latency_s,0.018883
1756998192.255,latency_s,0.018923
1756998192.255,latency_s,0.019019
1756998192.255,latency_s,0.019052
1756998192.255,latency_s,0.019303
1756998192.257,latency_s,0.018594
1756998192.260,latency_s,0.018777
1756998192.260,latency_s,0.018575
1756998192.261,latency_s,0.019074
1756998192.262,latency_s,0.019409
1756998192.271,latency_s,0.028547
1756998192.271,latency_s,0.024054
1756998192.271,latency_s,0.020375
1756998192.305,latency_s,0.018790
1756998192.308,latency_s,0.018635
1756998192.312,latency_s,0.019846
1756998192.312,latency_s,0.020079
1756998192.312,latency_s,0.020084
1756998192.312,latency_s,0.020180
1756998192.312,latency_s,0.019712
1756998192.317,latency_s,0.017855
1756998192.344,latency_s,0.018582
1756998192.353,latency_s,0.018167
1756998192.356,latency_s,0.019826
1756998192.356,latency_s,0.019900
1756998192.356,latency_s,0.019966
1756998192.356,latency_s,0.019358
1756998192.357,latency_s,0.021001
1756998192.357,latency_s,0.018085
1756998192.359,latency_s,0.017612
1756998192.361,latency_s,0.019504
1756998192.361,latency_s,0.019029
1756998192.361,latency_s,0.018704
1756998192.371,latency_s,0.027694
1756998192.371,latency_s,0.023387
1756998192.371,latency_s,0.019855
1756998192.407,latency_s,0.019502
1756998192.427,latency_s,0.036637
1756998192.427,latency_s,0.034720
1756998192.427,latency_s,0.034231
1756998192.427,latency_s,0.034616
1756998192.427,latency_s,0.034939
1756998192.427,latency_s,0.034524
1756998192.427,latency_s,0.027893
1756998192.445,latency_s,0.018673
1756998192.456,latency_s,0.020645
1756998192.456,latency_s,0.020270
1756998192.456,latency_s,0.020309
1756998192.456,latency_s,0.020086
1756998192.456,latency_s,0.019410
1756998192.457,latency_s,0.019400
1756998192.458,latency_s,0.018509
1756998192.461,latency_s,0.019109
1756998192.473,latency_s,0.029679
1756998192.473,latency_s,0.029680
1756998192.473,latency_s,0.029270
1756998192.473,latency_s,0.029259
1756998192.473,latency_s,0.024750
1756998192.473,latency_s,0.021115
1756998192.506,latency_s,0.018922
1756998192.509,latency_s,0.018334
1756998192.512,latency_s,0.019169
1756998192.512,latency_s,0.019181
1756998192.512,latency_s,0.019286
1756998192.512,latency_s,0.019163
1756998192.512,latency_s,0.019186
1756998192.518,latency_s,0.017571
1756998192.546,latency_s,0.019681
1756998192.558,latency_s,0.020529
1756998192.558,latency_s,0.020635
1756998192.558,latency_s,0.020476
1756998192.558,latency_s,0.020378
1756998192.558,latency_s,0.020423
1756998192.562,latency_s,0.024122
1756998192.562,latency_s,0.020846
1756998192.562,latency_s,0.020509
1756998192.562,latency_s,0.018506
1756998192.574,latency_s,0.029710
1756998192.574,latency_s,0.029633
1756998192.574,latency_s,0.029662
1756998192.574,latency_s,0.025666
1756998192.574,latency_s,0.021599
1756998192.607,latency_s,0.019408
1756998192.608,latency_s,0.017665
1756998192.614,latency_s,0.020581
1756998192.614,latency_s,0.020895
1756998192.614,latency_s,0.020656
1756998192.614,latency_s,0.020805
1756998192.614,latency_s,0.020962
1756998192.619,latency_s,0.018361
1756998192.646,latency_s,0.018451
1756998192.657,latency_s,0.018762
1756998192.657,latency_s,0.018995
1756998192.657,latency_s,0.019249
1756998192.657,latency_s,0.018996
1756998192.657,latency_s,0.019221
1756998192.657,latency_s,0.018880
1756998192.661,latency_s,0.019134
1756998192.661,latency_s,0.018895
1756998192.663,latency_s,0.017938
1756998192.672,latency_s,0.027058
1756998192.672,latency_s,0.027167
1756998192.672,latency_s,0.025687
1756998192.672,latency_s,0.023381
1756998192.672,latency_s,0.019399
1756998192.715,latency_s,0.025101
1756998192.715,latency_s,0.023254
1756998192.715,latency_s,0.021261
1756998192.715,latency_s,0.021111
1756998192.715,latency_s,0.021179
1756998192.715,latency_s,0.021109
1756998192.715,latency_s,0.021010
1756998192.719,latency_s,0.018682
1756998192.746,latency_s,0.018370
1756998192.758,latency_s,0.019229
1756998192.758,latency_s,0.019478
1756998192.758,latency_s,0.019291
1756998192.758,latency_s,0.019049
1756998192.758,latency_s,0.019415
1756998192.758,latency_s,0.019578
1756998192.761,latency_s,0.019241
1756998192.761,latency_s,0.019040
1756998192.765,latency_s,0.019556
1756998192.765,latency_s,0.019153
1756998192.773,latency_s,0.027948
1756998192.773,latency_s,0.025667
1756998192.773,latency_s,0.023845
1756998192.774,latency_s,0.019116
1756998192.809,latency_s,0.018869
1756998192.810,latency_s,0.018002
1756998192.814,latency_s,0.020174
1756998192.814,latency_s,0.020161
1756998192.814,latency_s,0.019868
1756998192.814,latency_s,0.019933
1756998192.814,latency_s,0.019863
1756998192.820,latency_s,0.018351
1756998192.847,latency_s,0.018573
1756998192.858,latency_s,0.019513
1756998192.858,latency_s,0.019085
1756998192.858,latency_s,0.019445
1756998192.858,latency_s,0.019330
1756998192.858,latency_s,0.019725
1756998192.858,latency_s,0.019412
1756998192.862,latency_s,0.020407
1756998192.863,latency_s,0.020265
1756998192.865,latency_s,0.019469
1756998192.865,latency_s,0.019615
1756998192.873,latency_s,0.027148
1756998192.873,latency_s,0.025148
1756998192.873,latency_s,0.023485
1756998192.873,latency_s,0.018251
1756998192.910,latency_s,0.019428
1756998192.911,latency_s,0.017902
1756998192.915,latency_s,0.020083
1756998192.915,latency_s,0.020005
1756998192.915,latency_s,0.020053
1756998192.915,latency_s,0.020064
1756998192.915,latency_s,0.020116
1756998192.921,latency_s,0.018211
1756998192.948,latency_s,0.019682
1756998192.960,latency_s,0.020873
1756998192.960,latency_s,0.020698
1756998192.960,latency_s,0.020843
1756998192.960,latency_s,0.020942
1756998192.960,latency_s,0.020389
1756998192.960,latency_s,0.020392
1756998192.961,latency_s,0.017900
1756998192.961,latency_s,0.018034
1756998192.965,latency_s,0.018645
1756998192.965,latency_s,0.018672
1756998192.965,latency_s,0.018381
1756998192.975,latency_s,0.026605
1756998192.975,latency_s,0.024729
1756998192.975,latency_s,0.019120
1756998193.010,latency_s,0.019285
1756998193.012,latency_s,0.018946
1756998193.014,latency_s,0.018865
1756998193.014,latency_s,0.019204
1756998193.014,latency_s,0.019050
1756998193.014,latency_s,0.019256
1756998193.014,latency_s,0.019275
1756998193.022,latency_s,0.018566
1756998193.048,latency_s,0.018471
1756998193.060,latency_s,0.020394
1756998193.060,latency_s,0.020445
1756998193.060,latency_s,0.020144
1756998193.060,latency_s,0.020455
1756998193.060,latency_s,0.020130
1756998193.060,latency_s,0.020178
1756998193.062,latency_s,0.018081
1756998193.062,latency_s,0.018755
1756998193.066,latency_s,0.019343
1756998193.066,latency_s,0.019369
1756998193.066,latency_s,0.019308
1756998193.075,latency_s,0.026390
1756998193.075,latency_s,0.024538
1756998193.076,latency_s,0.018807
1756998193.113,latency_s,0.020131
1756998193.116,latency_s,0.020442
1756998193.116,latency_s,0.020256
1756998193.116,latency_s,0.020375
1756998193.116,latency_s,0.020075
1756998193.116,latency_s,0.019843
1756998193.122,latency_s,0.018382
1756998193.148,latency_s,0.018555
1756998193.162,latency_s,0.021855
1756998193.162,latency_s,0.022362
1756998193.162,latency_s,0.022564
1756998193.163,latency_s,0.022283
1756998193.163,latency_s,0.022280
1756998193.163,latency_s,0.021998
1756998193.163,latency_s,0.018553
1756998193.163,latency_s,0.018566
1756998193.166,latency_s,0.017925
1756998193.166,latency_s,0.017999
1756998193.166,latency_s,0.017915
1756998193.169,latency_s,0.018946
1756998193.177,latency_s,0.025592
1756998193.177,latency_s,0.019414
1756998193.212,latency_s,0.018147
1756998193.216,latency_s,0.019879
1756998193.216,latency_s,0.019956
1756998193.216,latency_s,0.020051
1756998193.216,latency_s,0.019966
1756998193.216,latency_s,0.018114
1756998193.223,latency_s,0.018325
1756998193.230,latency_s,0.138566
1756998193.230,latency_s,0.036980
1756998193.248,latency_s,0.018600
1756998193.261,latency_s,0.020760
1756998193.261,latency_s,0.020566
1756998193.261,latency_s,0.020970
1756998193.261,latency_s,0.020743
1756998193.261,latency_s,0.020412
1756998193.261,latency_s,0.020796
1756998193.264,latency_s,0.019001
1756998193.264,latency_s,0.019089
1756998193.268,latency_s,0.018904
1756998193.268,latency_s,0.019070
1756998193.268,latency_s,0.018865
1756998193.268,latency_s,0.017288
1756998193.270,latency_s,0.018066
1756998193.277,latency_s,0.018000
1756998193.312,latency_s,0.019134
1756998193.312,latency_s,0.018356
1756998193.316,latency_s,0.019640
1756998193.316,latency_s,0.019574
1756998193.316,latency_s,0.019489
1756998193.337,latency_s,0.039181
1756998193.337,latency_s,0.038375
1756998193.337,latency_s,0.032363
1756998193.352,latency_s,0.021581
1756998193.361,latency_s,0.019921
1756998193.361,latency_s,0.020108
1756998193.361,latency_s,0.020139
1756998193.361,latency_s,0.019988
1756998193.361,latency_s,0.020109
1756998193.361,latency_s,0.019902
1756998193.364,latency_s,0.018684
1756998193.364,latency_s,0.018889
1756998193.368,latency_s,0.018949
1756998193.376,latency_s,0.026272
1756998193.376,latency_s,0.026174
1756998193.376,latency_s,0.024537
1756998193.376,latency_s,0.023487
1756998193.380,latency_s,0.019811
1756998193.413,latency_s,0.018808
1756998193.413,latency_s,0.018446
1756998193.417,latency_s,0.020615
1756998193.417,latency_s,0.020294
1756998193.417,latency_s,0.020311
1756998193.418,latency_s,0.018935
1756998193.418,latency_s,0.018809
1756998193.424,latency_s,0.018838
1756998193.450,latency_s,0.018709
1756998193.463,latency_s,0.021222
1756998193.463,latency_s,0.021124
1756998193.464,latency_s,0.022093
1756998193.464,latency_s,0.022197
1756998193.464,latency_s,0.022337
1756998193.464,latency_s,0.022506
1756998193.464,latency_s,0.018699
1756998193.464,latency_s,0.018754
1756998193.469,latency_s,0.018474
1756998193.469,latency_s,0.018595
1756998193.469,latency_s,0.018582
1756998193.478,latency_s,0.026490
1756998193.479,latency_s,0.025626
1756998193.479,latency_s,0.018035
1756998193.513,latency_s,0.019016
1756998193.513,latency_s,0.018915
1756998193.516,latency_s,0.018812
1756998193.516,latency_s,0.018505
1756998193.517,latency_s,0.019505
1756998193.517,latency_s,0.017829
1756998193.517,latency_s,0.017773
1756998193.524,latency_s,0.018309
1756998193.550,latency_s,0.018845
1756998193.561,latency_s,0.019456
1756998193.562,latency_s,0.019582
1756998193.562,latency_s,0.019662
1756998193.562,latency_s,0.020112
1756998193.562,latency_s,0.019905
1756998193.562,latency_s,0.020086
1756998193.566,latency_s,0.019830
1756998193.566,latency_s,0.020209
1756998193.571,latency_s,0.019838
1756998193.571,latency_s,0.019759
1756998193.571,latency_s,0.019828
1756998193.577,latency_s,0.024515
1756998193.577,latency_s,0.022737
1756998193.581,latency_s,0.018962
1756998193.614,latency_s,0.019521
1756998193.614,latency_s,0.019938
1756998193.619,latency_s,0.021381
1756998193.619,latency_s,0.021275
1756998193.619,latency_s,0.020998
1756998193.619,latency_s,0.020092
1756998193.620,latency_s,0.019821
1756998193.626,latency_s,0.018062
1756998193.651,latency_s,0.018656
1756998193.662,latency_s,0.019367
1756998193.662,latency_s,0.019326
1756998193.662,latency_s,0.019145
1756998193.662,latency_s,0.018599
1756998193.662,latency_s,0.019199
1756998193.662,latency_s,0.019116
1756998193.666,latency_s,0.019040
1756998193.666,latency_s,0.018868
1756998193.671,latency_s,0.019547
1756998193.671,latency_s,0.019810
1756998193.677,latency_s,0.025128
1756998193.677,latency_s,0.024220
1756998193.677,latency_s,0.022336
1756998193.681,latency_s,0.017723
1756998193.715,latency_s,0.020042
1756998193.715,latency_s,0.019948
1756998193.717,latency_s,0.018594
1756998193.717,latency_s,0.018430
1756998193.717,latency_s,0.018108
1756998193.717,latency_s,0.017396
1756998193.719,latency_s,0.018705
1756998193.726,latency_s,0.018297
1756998193.752,latency_s,0.019833
1756998193.763,latency_s,0.019697
1756998193.763,latency_s,0.019996
1756998193.763,latency_s,0.020007
1756998193.763,latency_s,0.019468
1756998193.763,latency_s,0.019804
1756998193.763,latency_s,0.019910
1756998193.768,latency_s,0.019605
1756998193.768,latency_s,0.019698
1756998193.773,latency_s,0.020253
1756998193.773,latency_s,0.020383
1756998193.773,latency_s,0.020111
1756998193.779,latency_s,0.025731
1756998193.779,latency_s,0.023660
1756998193.783,latency_s,0.017948
1756998193.816,latency_s,0.019883
1756998193.816,latency_s,0.019860
1756998193.819,latency_s,0.020315
1756998193.819,latency_s,0.019903
1756998193.819,latency_s,0.020255
1756998193.819,latency_s,0.018603
1756998193.819,latency_s,0.018486
1756998193.826,latency_s,0.017939
1756998193.851,latency_s,0.018670
1756998193.864,latency_s,0.019536
1756998193.864,latency_s,0.019638
1756998193.864,latency_s,0.019864
1756998193.864,latency_s,0.019909
1756998193.864,latency_s,0.019449
1756998193.864,latency_s,0.019756
1756998193.867,latency_s,0.019005
1756998193.867,latency_s,0.018736
1756998193.872,latency_s,0.018987
1756998193.872,latency_s,0.019037
1756998193.873,latency_s,0.019086
1756998193.873,latency_s,0.019202
1756998193.879,latency_s,0.023226
1756998193.884,latency_s,0.017920
1756998193.916,latency_s,0.019728
1756998193.916,latency_s,0.019545
1756998193.918,latency_s,0.018770
1756998193.918,latency_s,0.018771
1756998193.918,latency_s,0.018555
1756998193.920,latency_s,0.018446
1756998193.920,latency_s,0.018652
1756998193.927,latency_s,0.018068
1756998193.953,latency_s,0.019476
1756998193.964,latency_s,0.019649
1756998193.964,latency_s,0.019836
1756998193.964,latency_s,0.019848
1756998193.965,latency_s,0.019546
1756998193.965,latency_s,0.019563
1756998193.965,latency_s,0.020108
1756998193.968,latency_s,0.018717
1756998193.968,latency_s,0.019071
1756998193.974,latency_s,0.020265
1756998193.974,latency_s,0.020403
1756998193.974,latency_s,0.020450
1756998193.974,latency_s,0.020473
1756998193.974,latency_s,0.018453
1756998193.985,latency_s,0.019064
1756998194.016,latency_s,0.019321
1756998194.016,latency_s,0.019545
1756998194.019,latency_s,0.019615
1756998194.019,latency_s,0.019221
1756998194.019,latency_s,0.019784
1756998194.022,latency_s,0.020161
1756998194.023,latency_s,0.020705
1756998194.028,latency_s,0.018962
1756998194.053,latency_s,0.019239
1756998194.064,latency_s,0.019313
1756998194.064,latency_s,0.018945
1756998194.064,latency_s,0.019300
1756998194.064,latency_s,0.019489
1756998194.064,latency_s,0.019007
1756998194.064,latency_s,0.019419
1756998194.069,latency_s,0.019665
1756998194.070,latency_s,0.019534
1756998194.073,latency_s,0.019085
1756998194.073,latency_s,0.019152
1756998194.073,latency_s,0.019032
1756998194.073,latency_s,0.019099
1756998194.074,latency_s,0.017720
1756998194.085,latency_s,0.018246
1756998194.116,latency_s,0.018966
1756998194.116,latency_s,0.019005
1756998194.120,latency_s,0.019929
1756998194.120,latency_s,0.019786
1756998194.120,latency_s,0.020729
1756998194.120,latency_s,0.018433
1756998194.121,latency_s,0.018455
1756998194.128,latency_s,0.018576
1756998194.153,latency_s,0.018599
1756998194.167,latency_s,0.021313
1756998194.167,latency_s,0.021356
1756998194.167,latency_s,0.021203
1756998194.167,latency_s,0.021372
1756998194.168,latency_s,0.021030
1756998194.168,latency_s,0.021776
1756998194.170,latency_s,0.018856
1756998194.170,latency_s,0.018961
1756998194.173,latency_s,0.017926
1756998194.173,latency_s,0.018416
1756998194.173,latency_s,0.017938
1756998194.173,latency_s,0.018819
1756998194.175,latency_s,0.018073
1756998194.185,latency_s,0.018087
1756998194.221,latency_s,0.023186
1756998194.221,latency_s,0.022784
1756998194.221,latency_s,0.021210
1756998194.221,latency_s,0.021039
1756998194.221,latency_s,0.021001
1756998194.221,latency_s,0.018717
1756998194.221,latency_s,0.018623
1756998194.228,latency_s,0.017840
1756998194.253,latency_s,0.018615
1756998194.266,latency_s,0.020338
1756998194.266,latency_s,0.020220
1756998194.267,latency_s,0.020119
1756998194.267,latency_s,0.020347
1756998194.267,latency_s,0.020770
1756998194.270,latency_s,0.023178
1756998194.270,latency_s,0.018707
1756998194.270,latency_s,0.018582
1756998194.275,latency_s,0.019665
1756998194.275,latency_s,0.019412
1756998194.275,latency_s,0.019548
1756998194.276,latency_s,0.020043
1756998194.276,latency_s,0.018380
1756998194.287,latency_s,0.019053
1756998194.316,latency_s,0.018587
1756998194.316,latency_s,0.017935
1756998194.322,latency_s,0.021108
1756998194.322,latency_s,0.021055
1756998194.322,latency_s,0.021147
1756998194.323,latency_s,0.019987
1756998194.323,latency_s,0.019940
1756998194.328,latency_s,0.017760
1756998194.354,latency_s,0.018450
1756998194.366,latency_s,0.019877
1756998194.367,latency_s,0.019955
1756998194.367,latency_s,0.019656
1756998194.367,latency_s,0.019816
1756998194.367,latency_s,0.020103
1756998194.367,latency_s,0.019622
1756998194.371,latency_s,0.017974
1756998194.371,latency_s,0.018072
1756998194.374,latency_s,0.018146
1756998194.374,latency_s,0.018178
1756998194.374,latency_s,0.018469
1756998194.375,latency_s,0.018611
1756998194.376,latency_s,0.018390
1756998194.388,latency_s,0.019568
1756998194.418,latency_s,0.019618
1756998194.418,latency_s,0.019350
1756998194.422,latency_s,0.019752
1756998194.422,latency_s,0.019628
1756998194.422,latency_s,0.019963
1756998194.422,latency_s,0.019491
1756998194.423,latency_s,0.019376
1756998194.429,latency_s,0.018523
1756998194.456,latency_s,0.019568
1756998194.467,latency_s,0.020005
1756998194.467,latency_s,0.019780
1756998194.467,latency_s,0.019823
1756998194.467,latency_s,0.020345
1756998194.468,latency_s,0.020087
1756998194.468,latency_s,0.020151
1756998194.474,latency_s,0.018710
1756998194.474,latency_s,0.018861
1756998194.476,latency_s,0.019237
1756998194.476,latency_s,0.019058
1756998194.476,latency_s,0.019552
1756998194.477,latency_s,0.019918
1756998194.477,latency_s,0.018221
1756998194.489,latency_s,0.019773
1756998194.518,latency_s,0.018578
1756998194.518,latency_s,0.018185
1756998194.522,latency_s,0.018845
1756998194.522,latency_s,0.018702
1756998194.522,latency_s,0.018300
1756998194.522,latency_s,0.018195
1756998194.522,latency_s,0.018660
1756998194.529,latency_s,0.018168
1756998194.557,latency_s,0.020310
1756998194.568,latency_s,0.020384
1756998194.568,latency_s,0.019944
1756998194.568,latency_s,0.020355
1756998194.568,latency_s,0.020249
1756998194.568,latency_s,0.020098
1756998194.568,latency_s,0.020139
1756998194.577,latency_s,0.020972
1756998194.577,latency_s,0.021091
1756998194.577,latency_s,0.020238
1756998194.577,latency_s,0.020037
1756998194.577,latency_s,0.019974
1756998194.577,latency_s,0.019860
1756998194.577,latency_s,0.018572
1756998194.588,latency_s,0.018151
1756998194.618,latency_s,0.018858
1756998194.618,latency_s,0.018190
1756998194.623,latency_s,0.019385
1756998194.623,latency_s,0.019183
1756998194.623,latency_s,0.019563
1756998194.623,latency_s,0.019093
1756998194.623,latency_s,0.018865
1756998194.630,latency_s,0.018157
1756998194.656,latency_s,0.018879
1756998194.668,latency_s,0.019880
1756998194.668,latency_s,0.019698
1756998194.668,latency_s,0.019677
1756998194.668,latency_s,0.019736
1756998194.668,latency_s,0.019671
1756998194.668,latency_s,0.019564
1756998194.676,latency_s,0.019611
1756998194.676,latency_s,0.019683
1756998194.676,latency_s,0.019456
1756998194.676,latency_s,0.019259
1756998194.676,latency_s,0.018749
1756998194.676,latency_s,0.018720
1756998194.677,latency_s,0.017996
1756998194.688,latency_s,0.018677
1756998194.719,latency_s,0.019153
1756998194.719,latency_s,0.018267
1756998194.724,latency_s,0.020292
1756998194.724,latency_s,0.020335
1756998194.724,latency_s,0.020022
1756998194.724,latency_s,0.019852
1756998194.724,latency_s,0.019453
1756998194.730,latency_s,0.017596
1756998194.756,latency_s,0.018291
1756998194.771,latency_s,0.022331
1756998194.771,latency_s,0.022357
1756998194.771,latency_s,0.022149
1756998194.771,latency_s,0.022177
1756998194.771,latency_s,0.022684
1756998194.771,latency_s,0.022487
1756998194.776,latency_s,0.018955
1756998194.776,latency_s,0.019037
1756998194.776,latency_s,0.019047
1756998194.776,latency_s,0.018594
1756998194.776,latency_s,0.018188
1756998194.777,latency_s,0.018661
1756998194.778,latency_s,0.018085
1756998194.789,latency_s,0.018456
1756998194.818,latency_s,0.018070
1756998194.820,latency_s,0.018715
1756998194.823,latency_s,0.018434
1756998194.823,latency_s,0.018281
1756998194.823,latency_s,0.018228
1756998194.823,latency_s,0.017915
1756998194.823,latency_s,0.017773
1756998194.831,latency_s,0.018296
1756998194.856,latency_s,0.018071
1756998194.870,latency_s,0.020878
1756998194.870,latency_s,0.020817
1756998194.870,latency_s,0.020269
1756998194.870,latency_s,0.020542
1756998194.870,latency_s,0.021053
1756998194.870,latency_s,0.020693
1756998194.877,latency_s,0.019834
1756998194.877,latency_s,0.020000
1756998194.877,latency_s,0.020039
1756998194.877,latency_s,0.019444
1756998194.877,latency_s,0.018941
1756998194.878,latency_s,0.019276
1756998194.878,latency_s,0.017423
1756998194.889,latency_s,0.018045
1756998194.919,latency_s,0.018411
1756998194.920,latency_s,0.018241
1756998194.925,latency_s,0.020453
1756998194.925,latency_s,0.020255
1756998194.925,latency_s,0.020295
1756998194.925,latency_s,0.019802
1756998194.925,latency_s,0.019919
1756998194.931,latency_s,0.018391
1756998194.957,latency_s,0.018613
1756998194.969,latency_s,0.020072
1756998194.969,latency_s,0.019751
1756998194.969,latency_s,0.019160
1756998194.969,latency_s,0.019086
1756998194.969,latency_s,0.018619
1756998194.970,latency_s,0.019211
1756998194.976,latency_s,0.018912
1756998194.977,latency_s,0.019069
1756998194.977,latency_s,0.018689
1756998194.977,latency_s,0.018440
1756998194.977,latency_s,0.018048
1756998194.977,latency_s,0.018154
1756998194.979,latency_s,0.017722
1756998194.991,latency_s,0.018693
1756998195.021,latency_s,0.019656
1756998195.021,latency_s,0.017798
1756998195.026,latency_s,0.020557
1756998195.026,latency_s,0.020256
1756998195.026,latency_s,0.020488
1756998195.026,latency_s,0.020071
1756998195.026,latency_s,0.020324
1756998195.031,latency_s,0.017709
1756998195.058,latency_s,0.018119
1756998195.068,latency_s,0.017899
1756998195.068,latency_s,0.017915
1756998195.071,latency_s,0.020092
1756998195.071,latency_s,0.020080
1756998195.071,latency_s,0.020108
1756998195.071,latency_s,0.020008
1756998195.079,latency_s,0.020526
1756998195.079,latency_s,0.020644
1756998195.079,latency_s,0.020333
1756998195.079,latency_s,0.020133
1756998195.079,latency_s,0.019791
1756998195.079,latency_s,0.020896
1756998195.081,latency_s,0.018301
1756998195.091,latency_s,0.018605
1756998195.120,latency_s,0.018705
1756998195.122,latency_s,0.018227
1756998195.125,latency_s,0.019819
1756998195.125,latency_s,0.019600
1756998195.126,latency_s,0.019433
1756998195.126,latency_s,0.019353
1756998195.126,latency_s,0.019519
1756998195.133,latency_s,0.018736
1756998195.159,latency_s,0.018399
1756998195.169,latency_s,0.018878
1756998195.170,latency_s,0.018975
1756998195.170,latency_s,0.018179
1756998195.170,latency_s,0.018576
1756998195.170,latency_s,0.017957
1756998195.170,latency_s,0.018605
1756998195.180,latency_s,0.021411
1756998195.180,latency_s,0.021456
1756998195.180,latency_s,0.021756
1756998195.181,latency_s,0.021626
1756998195.181,latency_s,0.021523
1756998195.202,latency_s,0.042995
1756998195.203,latency_s,0.039684
1756998195.203,latency_s,0.029898
1756998195.221,latency_s,0.019106
1756998195.223,latency_s,0.018482
1756998195.226,latency_s,0.020211
1756998195.227,latency_s,0.019918
1756998195.227,latency_s,0.020375
1756998195.227,latency_s,0.020054
1756998195.227,latency_s,0.019890
1756998195.233,latency_s,0.018216
1756998195.260,latency_s,0.019313
1756998195.271,latency_s,0.020544
1756998195.271,latency_s,0.020409
1756998195.271,latency_s,0.019764
1756998195.271,latency_s,0.020019
1756998195.271,latency_s,0.019658
1756998195.272,latency_s,0.019815
1756998195.278,latency_s,0.019324
1756998195.278,latency_s,0.018999
1756998195.279,latency_s,0.018909
1756998195.287,latency_s,0.027298
1756998195.287,latency_s,0.027128
1756998195.287,latency_s,0.026750
1756998195.287,latency_s,0.022298
1756998195.291,latency_s,0.018050
1756998195.321,latency_s,0.018783
1756998195.328,latency_s,0.021648
1756998195.328,latency_s,0.021123
1756998195.328,latency_s,0.020922
1756998195.328,latency_s,0.020857
1756998195.328,latency_s,0.021115
1756998195.328,latency_s,0.019247
1756998195.335,latency_s,0.019696
1756998195.359,latency_s,0.018198
1756998195.369,latency_s,0.018302
1756998195.372,latency_s,0.020712
1756998195.373,latency_s,0.021461
1756998195.374,latency_s,0.021605
1756998195.374,latency_s,0.021522
1756998195.374,latency_s,0.021285
1756998195.378,latency_s,0.018608
1756998195.378,latency_s,0.018495
1756998195.378,latency_s,0.018605
1756998195.380,latency_s,0.019399
1756998195.389,latency_s,0.028124
1756998195.389,latency_s,0.028327
1756998195.389,latency_s,0.023544
1756998195.393,latency_s,0.019131
1756998195.421,latency_s,0.018119
1756998195.427,latency_s,0.019845
1756998195.427,latency_s,0.019791
1756998195.427,latency_s,0.019989
1756998195.427,latency_s,0.019866
1756998195.427,latency_s,0.019761
1756998195.429,latency_s,0.019571
1756998195.433,latency_s,0.017768
1756998195.461,latency_s,0.019161
1756998195.472,latency_s,0.020342
1756998195.472,latency_s,0.020305
1756998195.472,latency_s,0.020139
1756998195.472,latency_s,0.019530
1756998195.472,latency_s,0.019331
1756998195.473,latency_s,0.019655
1756998195.477,latency_s,0.017342
1756998195.478,latency_s,0.017599
1756998195.479,latency_s,0.019042
1756998195.479,latency_s,0.018622
1756998195.487,latency_s,0.026560
1756998195.488,latency_s,0.027476
1756998195.488,latency_s,0.022281
1756998195.493,latency_s,0.018669
1756998195.523,latency_s,0.018877
1756998195.528,latency_s,0.020613
1756998195.528,latency_s,0.020648
1756998195.528,latency_s,0.020626
1756998195.528,latency_s,0.020717
1756998195.528,latency_s,0.020603
1756998195.528,latency_s,0.018744
1756998195.534,latency_s,0.017665
1756998195.561,latency_s,0.018906
1756998195.571,latency_s,0.019333
1756998195.571,latency_s,0.019246
1756998195.572,latency_s,0.019106
1756998195.574,latency_s,0.019664
1756998195.574,latency_s,0.019533
1756998195.574,latency_s,0.019793
1756998195.578,latency_s,0.017498
1756998195.579,latency_s,0.018360
1756998195.579,latency_s,0.018108
1756998195.579,latency_s,0.017779
1756998195.586,latency_s,0.025609
1756998195.587,latency_s,0.025191
1756998195.587,latency_s,0.019948
1756998195.594,latency_s,0.018257
1756998195.622,latency_s,0.018510
1756998195.629,latency_s,0.020927
1756998195.629,latency_s,0.020890
1756998195.629,latency_s,0.020504
1756998195.629,latency_s,0.020797
1756998195.629,latency_s,0.019288
1756998195.635,latency_s,0.018132
1756998195.661,latency_s,0.018404
1756998195.673,latency_s,0.020029
1756998195.673,latency_s,0.020223
1756998195.673,latency_s,0.020075
1756998195.673,latency_s,0.018183
1756998195.673,latency_s,0.018003
1756998195.673,latency_s,0.018046
1756998195.679,latency_s,0.018745
1756998195.679,latency_s,0.018657
1756998195.679,latency_s,0.018497
1756998195.679,latency_s,0.017943
1756998195.679,latency_s,0.017769
1756998195.680,latency_s,0.018402
1756998195.688,latency_s,0.020360
1756998195.696,latency_s,0.017948
1756998195.723,latency_s,0.018996
1756998195.730,latency_s,0.019819
1756998195.730,latency_s,0.019921
1756998195.730,latency_s,0.019877
1756998195.730,latency_s,0.019879
1756998195.730,latency_s,0.019660
1756998195.736,latency_s,0.018903
1756998195.752,latency_s,0.143099
1756998195.752,latency_s,0.041749
1756998195.761,latency_s,0.018140
1756998195.773,latency_s,0.020137
1756998195.773,latency_s,0.019942
1756998195.774,latency_s,0.020216
1756998195.776,latency_s,0.019376
1756998195.776,latency_s,0.019426
1756998195.776,latency_s,0.019743
1756998195.783,latency_s,0.020971
1756998195.783,latency_s,0.020924
1756998195.783,latency_s,0.020991
1756998195.783,latency_s,0.020245
1756998195.783,latency_s,0.020409
1756998195.787,latency_s,0.023852
1756998195.787,latency_s,0.018949
1756998195.798,latency_s,0.019228
1756998195.823,latency_s,0.017979
1756998195.831,latency_s,0.020693
1756998195.831,latency_s,0.020762
1756998195.831,latency_s,0.020611
1756998195.831,latency_s,0.020027
1756998195.831,latency_s,0.020834
1756998195.831,latency_s,0.020338
1756998195.837,latency_s,0.019576
1756998195.861,latency_s,0.018065
1756998195.874,latency_s,0.018855
1756998195.874,latency_s,0.018938
1756998195.874,latency_s,0.018959
1756998195.877,latency_s,0.019304
1756998195.877,latency_s,0.019450
1756998195.877,latency_s,0.019524
1756998195.882,latency_s,0.019765
1756998195.882,latency_s,0.018934
1756998195.882,latency_s,0.019393
1756998195.882,latency_s,0.019721
1756998195.882,latency_s,0.020201
1756998195.882,latency_s,0.018691
1756998195.889,latency_s,0.018569
1756998195.898,latency_s,0.018137
1756998195.923,latency_s,0.018343
1756998195.932,latency_s,0.021145
1756998195.932,latency_s,0.021332
1756998195.932,latency_s,0.021267
1756998195.932,latency_s,0.020868
1756998195.932,latency_s,0.020896
1756998195.932,latency_s,0.021369
1756998195.936,latency_s,0.017866
1756998195.962,latency_s,0.018051
1756998195.974,latency_s,0.018681
1756998195.974,latency_s,0.018791
1756998195.974,latency_s,0.018724
1756998195.978,latency_s,0.019100
1756998195.978,latency_s,0.018792
1756998195.978,latency_s,0.019110
1756998195.981,latency_s,0.018759
1756998195.981,latency_s,0.018480
1756998195.982,latency_s,0.019460
1756998195.982,latency_s,0.019214
1756998195.982,latency_s,0.019133
1756998195.982,latency_s,0.018161
1756998195.991,latency_s,0.019523
1756998195.998,latency_s,0.018085
1756998196.025,latency_s,0.018877
1756998196.031,latency_s,0.019496
1756998196.031,latency_s,0.019398
1756998196.031,latency_s,0.019361
1756998196.031,latency_s,0.019100
1756998196.031,latency_s,0.019269
1756998196.037,latency_s,0.018951
1756998196.063,latency_s,0.018569
1756998196.075,latency_s,0.019211
1756998196.075,latency_s,0.019052
1756998196.075,latency_s,0.019054
1756998196.078,latency_s,0.019016
1756998196.080,latency_s,0.019689
1756998196.080,latency_s,0.020869
1756998196.081,latency_s,0.018122
1756998196.082,latency_s,0.018986
1756998196.082,latency_s,0.019028
1756998196.082,latency_s,0.018751
1756998196.083,latency_s,0.019336
1756998196.083,latency_s,0.017926
1756998196.089,latency_s,0.017705
1756998196.099,latency_s,0.018076
1756998196.125,latency_s,0.019165
1756998196.131,latency_s,0.019717
1756998196.131,latency_s,0.019616
1756998196.131,latency_s,0.019462
1756998196.131,latency_s,0.019331
1756998196.132,latency_s,0.019434
1756998196.137,latency_s,0.018225
1756998196.150,latency_s,0.137629
1756998196.151,latency_s,0.038423
1756998196.164,latency_s,0.018707
1756998196.175,latency_s,0.018587
1756998196.175,latency_s,0.018396
1756998196.181,latency_s,0.019611
1756998196.181,latency_s,0.019301
1756998196.181,latency_s,0.017828
1756998196.181,latency_s,0.017658
1756998196.181,latency_s,0.017588
1756998196.183,latency_s,0.019348
1756998196.184,latency_s,0.017985
1756998196.184,latency_s,0.017999
1756998196.184,latency_s,0.018142
1756998196.191,latency_s,0.018079
1756998196.200,latency_s,0.018992
1756998196.226,latency_s,0.018867
1756998196.233,latency_s,0.020678
1756998196.233,latency_s,0.020531
1756998196.245,latency_s,0.033575
1756998196.246,latency_s,0.033209
1756998196.246,latency_s,0.033140
1756998196.246,latency_s,0.032858
1756998196.246,latency_s,0.026468
1756998196.264,latency_s,0.019290
1756998196.277,latency_s,0.020120
1756998196.278,latency_s,0.020209
1756998196.282,latency_s,0.019918
1756998196.282,latency_s,0.019771
1756998196.284,latency_s,0.020278
1756998196.284,latency_s,0.020329
1756998196.284,latency_s,0.020258
1756998196.284,latency_s,0.020108
1756998196.284,latency_s,0.018489
1756998196.296,latency_s,0.029891
1756998196.296,latency_s,0.029929
1756998196.296,latency_s,0.022413
1756998196.296,latency_s,0.139609
1756998196.296,latency_s,0.038591
1756998196.302,latency_s,0.020670
1756998196.326,latency_s,0.019341
1756998196.333,latency_s,0.020607
1756998196.333,latency_s,0.020834
1756998196.334,latency_s,0.020450
1756998196.334,latency_s,0.020288
1756998196.334,latency_s,0.020064
1756998196.334,latency_s,0.020139
1756998196.337,latency_s,0.017967
1756998196.364,latency_s,0.018649
1756998196.377,latency_s,0.019219
1756998196.377,latency_s,0.019432
1756998196.377,latency_s,0.019200
1756998196.381,latency_s,0.018539
1756998196.381,latency_s,0.018502
1756998196.383,latency_s,0.018408
1756998196.383,latency_s,0.018704
1756998196.383,latency_s,0.018701
1756998196.384,latency_s,0.019400
1756998196.384,latency_s,0.018002
1756998196.384,latency_s,0.017821
1756998196.395,latency_s,0.028815
1756998196.395,latency_s,0.021426
1756998196.400,latency_s,0.018837
1756998196.426,latency_s,0.018285
1756998196.431,latency_s,0.018005
1756998196.433,latency_s,0.019702
1756998196.433,latency_s,0.019526
1756998196.433,latency_s,0.020193
1756998196.433,latency_s,0.019472
1756998196.433,latency_s,0.019520
1756998196.439,latency_s,0.017786
1756998196.465,latency_s,0.018878
1756998196.477,latency_s,0.018579
1756998196.477,latency_s,0.018784
1756998196.477,latency_s,0.017825
1756998196.482,latency_s,0.019027
1756998196.483,latency_s,0.018309
1756998196.484,latency_s,0.019069
1756998196.486,latency_s,0.021669
1756998196.487,latency_s,0.021860
1756998196.487,latency_s,0.020586
1756998196.487,latency_s,0.020494
1756998196.494,latency_s,0.027645
1756998196.495,latency_s,0.020081
1756998196.501,latency_s,0.019233
1756998196.527,latency_s,0.018824
1756998196.531,latency_s,0.018104
1756998196.532,latency_s,0.018432
1756998196.532,latency_s,0.018438
1756998196.532,latency_s,0.018209
1756998196.532,latency_s,0.019028
1756998196.533,latency_s,0.018023
1756998196.541,latency_s,0.018913
1756998196.565,latency_s,0.018748
1756998196.580,latency_s,0.021321
1756998196.580,latency_s,0.021197
1756998196.581,latency_s,0.020612
1756998196.583,latency_s,0.018700
1756998196.583,latency_s,0.018176
1756998196.583,latency_s,0.018243
1756998196.583,latency_s,0.018438
1756998196.584,latency_s,0.018654
1756998196.586,latency_s,0.019742
1756998196.586,latency_s,0.019679
1756998196.596,latency_s,0.028582
1756998196.596,latency_s,0.020433
1756998196.599,latency_s,0.135248
1756998196.599,latency_s,0.034743
1756998196.601,latency_s,0.018713
1756998196.628,latency_s,0.018642
1756998196.635,latency_s,0.021479
1756998196.635,latency_s,0.021628
1756998196.635,latency_s,0.021427
1756998196.636,latency_s,0.021369
1756998196.636,latency_s,0.021407
1756998196.636,latency_s,0.021116
1756998196.641,latency_s,0.017862
1756998196.665,latency_s,0.018624
1756998196.679,latency_s,0.019753
1756998196.679,latency_s,0.019520
1756998196.679,latency_s,0.019090
1756998196.685,latency_s,0.020485
1756998196.685,latency_s,0.020439
1756998196.685,latency_s,0.020725
1756998196.685,latency_s,0.020401
1756998196.685,latency_s,0.020055
1756998196.686,latency_s,0.020094
1756998196.686,latency_s,0.019392
1756998196.686,latency_s,0.019052
1756998196.694,latency_s,0.027015
1756998196.695,latency_s,0.018248
1756998196.702,latency_s,0.018523
1756998196.728,latency_s,0.018407
1756998196.734,latency_s,0.019099
1756998196.734,latency_s,0.019105
1756998196.734,latency_s,0.018766
1756998196.734,latency_s,0.019365
1756998196.734,latency_s,0.019052
1756998196.734,latency_s,0.019391
1756998196.743,latency_s,0.018641
1756998196.766,latency_s,0.018698
1756998196.779,latency_s,0.018851
1756998196.779,latency_s,0.018827
1756998196.779,latency_s,0.018740
1756998196.785,latency_s,0.019805
1756998196.785,latency_s,0.019702
1756998196.785,latency_s,0.020099
1756998196.785,latency_s,0.020291
1756998196.785,latency_s,0.019784
1756998196.785,latency_s,0.019513
1756998196.785,latency_s,0.018278
1756998196.786,latency_s,0.017852
1756998196.794,latency_s,0.026264
1756998196.796,latency_s,0.019225
1756998196.802,latency_s,0.018345
1756998196.829,latency_s,0.018264
1756998196.848,latency_s,0.033372
1756998196.848,latency_s,0.032843
1756998196.848,latency_s,0.033393
1756998196.848,latency_s,0.033172
1756998196.848,latency_s,0.033160
1756998196.848,latency_s,0.032564
1756998196.848,latency_s,0.023521
1756998196.868,latency_s,0.019001
1756998196.879,latency_s,0.018523
1756998196.880,latency_s,0.019059
1756998196.881,latency_s,0.018847
1756998196.887,latency_s,0.021835
1756998196.887,latency_s,0.021843
1756998196.887,latency_s,0.021777
1756998196.887,latency_s,0.021208
1756998196.888,latency_s,0.022499
1756998196.897,latency_s,0.030516
1756998196.897,latency_s,0.029513
1756998196.897,latency_s,0.029298
1756998196.897,latency_s,0.029185
1756998196.897,latency_s,0.019877
1756998196.903,latency_s,0.018610
1756998196.930,latency_s,0.018306
1756998196.937,latency_s,0.021266
1756998196.937,latency_s,0.021251
1756998196.937,latency_s,0.021060
1756998196.937,latency_s,0.020721
1756998196.937,latency_s,0.021649
1756998196.937,latency_s,0.020899
1756998196.943,latency_s,0.017964
1756998196.969,latency_s,0.019275
1756998196.980,latency_s,0.019484
1756998196.980,latency_s,0.018734
1756998196.982,latency_s,0.017936
1756998196.988,latency_s,0.021494
1756998196.988,latency_s,0.021638
1756998196.988,latency_s,0.021771
1756998196.988,latency_s,0.021616
1756998196.988,latency_s,0.021879
1756998196.988,latency_s,0.021705
1756998196.989,latency_s,0.020099
1756998196.995,latency_s,0.026901
1756998196.995,latency_s,0.026564
1756998196.995,latency_s,0.017697
1756998197.003,latency_s,0.018589
1756998197.031,latency_s,0.019224
1756998197.034,latency_s,0.018189
1756998197.034,latency_s,0.018555
1756998197.038,latency_s,0.021640
1756998197.038,latency_s,0.021618
1756998197.038,latency_s,0.021188
1756998197.038,latency_s,0.021471
1756998197.045,latency_s,0.018456
1756998197.068,latency_s,0.018241
1756998197.082,latency_s,0.021009
1756998197.082,latency_s,0.020169
1756998197.083,latency_s,0.017495
1756998197.084,latency_s,0.017562
1756998197.086,latency_s,0.019470
1756998197.086,latency_s,0.019804
1756998197.087,latency_s,0.019855
1756998197.087,latency_s,0.019586
1756998197.087,latency_s,0.019531
1756998197.098,latency_s,0.028754
1756998197.098,latency_s,0.028760
1756998197.098,latency_s,0.028848
1756998197.098,latency_s,0.020451
1756998197.105,latency_s,0.019057
1756998197.131,latency_s,0.018544
1756998197.138,latency_s,0.021059
1756998197.138,latency_s,0.021129
1756998197.138,latency_s,0.020771
1756998197.138,latency_s,0.021017
1756998197.138,latency_s,0.020952
1756998197.138,latency_s,0.020447
1756998197.146,latency_s,0.019328
1756998197.169,latency_s,0.018879
1756998197.180,latency_s,0.018438
1756998197.181,latency_s,0.018215
1756998197.203,latency_s,0.035486
1756998197.203,latency_s,0.036093
1756998197.203,latency_s,0.035680
1756998197.203,latency_s,0.036463
1756998197.203,latency_s,0.035595
1756998197.203,latency_s,0.035748
1756998197.204,latency_s,0.035816
1756998197.204,latency_s,0.033390
1756998197.204,latency_s,0.033087
1756998197.204,latency_s,0.033059
1756998197.204,latency_s,0.025204
1756998197.204,latency_s,0.018488
1756998197.231,latency_s,0.018526
1756998197.239,latency_s,0.021549
1756998197.239,latency_s,0.021654
1756998197.239,latency_s,0.021835
1756998197.239,latency_s,0.021645
1756998197.240,latency_s,0.021095
1756998197.245,latency_s,0.027282
1756998197.246,latency_s,0.017923
1756998197.269,latency_s,0.018485
1756998197.281,latency_s,0.018943
1756998197.281,latency_s,0.017755
1756998197.287,latency_s,0.019594
1756998197.287,latency_s,0.019294
1756998197.287,latency_s,0.019599
1756998197.287,latency_s,0.019258
1756998197.287,latency_s,0.019490
1756998197.288,latency_s,0.019627
1756998197.297,latency_s,0.028914
1756998197.297,latency_s,0.026853
1756998197.297,latency_s,0.026631
1756998197.297,latency_s,0.026510
1756998197.299,latency_s,0.019095
1756998197.305,latency_s,0.018739
1756998197.332,latency_s,0.018932
1756998197.338,latency_s,0.020001
1756998197.338,latency_s,0.019839
1756998197.338,latency_s,0.019906
1756998197.338,latency_s,0.019716
1756998197.338,latency_s,0.019509
1756998197.339,latency_s,0.019465
1756998197.347,latency_s,0.018857
1756998197.370,latency_s,0.019097
1756998197.382,latency_s,0.019578
1756998197.382,latency_s,0.017911
1756998197.388,latency_s,0.020110
1756998197.388,latency_s,0.019965
1756998197.388,latency_s,0.019614
1756998197.388,latency_s,0.019794
1756998197.388,latency_s,0.019573
1756998197.388,latency_s,0.019535
1756998197.397,latency_s,0.028000
1756998197.397,latency_s,0.026432
1756998197.397,latency_s,0.026179
1756998197.397,latency_s,0.026313
1756998197.398,latency_s,0.018502
1756998197.406,latency_s,0.018331
1756998197.433,latency_s,0.019926
1756998197.439,latency_s,0.019774
1756998197.439,latency_s,0.019936
1756998197.439,latency_s,0.019521
1756998197.439,latency_s,0.019188
1756998197.439,latency_s,0.019473
1756998197.439,latency_s,0.019918
1756998197.448,latency_s,0.018049
1756998197.470,latency_s,0.018521
1756998197.481,latency_s,0.017924
1756998197.484,latency_s,0.018601
1756998197.490,latency_s,0.021171
1756998197.490,latency_s,0.020900
1756998197.490,latency_s,0.021206
1756998197.490,latency_s,0.020739
1756998197.490,latency_s,0.021021
1756998197.490,latency_s,0.021244
1756998197.490,latency_s,0.019410
1756998197.490,latency_s,0.019014
1756998197.499,latency_s,0.027518
1756998197.499,latency_s,0.027366
1756998197.500,latency_s,0.019377
1756998197.506,latency_s,0.018542
1756998197.536,latency_s,0.020670
1756998197.538,latency_s,0.018876
1756998197.538,latency_s,0.018688
1756998197.538,latency_s,0.019068
1756998197.538,latency_s,0.018490
1756998197.538,latency_s,0.018287
1756998197.538,latency_s,0.018065
1756998197.549,latency_s,0.018059
1756998197.571,latency_s,0.018694
1756998197.582,latency_s,0.018209
1756998197.585,latency_s,0.018955
1756998197.588,latency_s,0.018470
1756998197.603,latency_s,0.034681
1756998197.604,latency_s,0.034271
1756998197.604,latency_s,0.034678
1756998197.604,latency_s,0.034641
1756998197.604,latency_s,0.034139
1756998197.604,latency_s,0.032827
1756998197.604,latency_s,0.032529
1756998197.604,latency_s,0.031998
1756998197.604,latency_s,0.031793
1756998197.604,latency_s,0.022538
1756998197.610,latency_s,0.018909
1756998197.635,latency_s,0.018344
1756998197.639,latency_s,0.019444
1756998197.639,latency_s,0.019185
1756998197.639,latency_s,0.019373
1756998197.639,latency_s,0.018965
1756998197.639,latency_s,0.018555
1756998197.650,latency_s,0.019474
1756998197.671,latency_s,0.018735
1756998197.682,latency_s,0.018440
1756998197.690,latency_s,0.023103
1756998197.691,latency_s,0.021519
1756998197.691,latency_s,0.021462
1756998197.691,latency_s,0.021076
1756998197.691,latency_s,0.021279
1756998197.691,latency_s,0.020948
1756998197.691,latency_s,0.021110
1756998197.703,latency_s,0.031378
1756998197.703,latency_s,0.031298
1756998197.703,latency_s,0.030949
1756998197.703,latency_s,0.030607
1756998197.703,latency_s,0.020302
1756998197.712,latency_s,0.019136
1756998197.736,latency_s,0.018774
1756998197.739,latency_s,0.018456
1756998197.739,latency_s,0.018510
1756998197.739,latency_s,0.018375
1756998197.742,latency_s,0.020421
1756998197.742,latency_s,0.020223
1756998197.751,latency_s,0.018316
1756998197.759,latency_s,0.139111
1756998197.759,latency_s,0.037192
1756998197.772,latency_s,0.018738
1756998197.783,latency_s,0.018208
1756998197.787,latency_s,0.018931
1756998197.788,latency_s,0.018852
1756998197.788,latency_s,0.018516
1756998197.788,latency_s,0.018764
1756998197.788,latency_s,0.018730
1756998197.788,latency_s,0.018325
1756998197.789,latency_s,0.018584
1756998197.798,latency_s,0.026088
1756998197.798,latency_s,0.026136
1756998197.798,latency_s,0.025671
1756998197.798,latency_s,0.026111
1756998197.805,latency_s,0.021072
1756998197.813,latency_s,0.019131
1756998197.837,latency_s,0.018428
1756998197.840,latency_s,0.019799
1756998197.840,latency_s,0.019614
1756998197.840,latency_s,0.019943
1756998197.840,latency_s,0.017645
1756998197.841,latency_s,0.017925
1756998197.841,latency_s,0.017933
1756998197.852,latency_s,0.019094
1756998197.873,latency_s,0.018193
1756998197.888,latency_s,0.018354
1756998197.892,latency_s,0.022324
1756998197.892,latency_s,0.022012
1756998197.892,latency_s,0.022487
1756998197.893,latency_s,0.021291
1756998197.893,latency_s,0.021282
1756998197.893,latency_s,0.020589
1756998197.893,latency_s,0.021050
1756998197.893,latency_s,0.019972
1756998197.893,latency_s,0.020505
1756998197.893,latency_s,0.020508
1756998197.904,latency_s,0.019319
1756998197.913,latency_s,0.019021
1756998197.939,latency_s,0.018907
1756998197.939,latency_s,0.017981
1756998197.939,latency_s,0.018021
1756998197.939,latency_s,0.017981
1756998197.942,latency_s,0.018876
1756998197.942,latency_s,0.019069
1756998197.942,latency_s,0.019263
1756998197.954,latency_s,0.019009
1756998197.972,latency_s,0.017434
1756998197.994,latency_s,0.023403
1756998197.994,latency_s,0.023163
1756998197.994,latency_s,0.023036
1756998197.994,latency_s,0.021926
1756998197.994,latency_s,0.022053
1756998197.994,latency_s,0.021764
1756998197.994,latency_s,0.021831
1756998197.994,latency_s,0.021591
1756998197.994,latency_s,0.021435
1756998197.994,latency_s,0.021476
1756998197.994,latency_s,0.021537
1756998198.007,latency_s,0.020235
1756998198.007,latency_s,0.142250
1756998198.008,latency_s,0.042310
1756998198.014,latency_s,0.018279
1756998198.039,latency_s,0.018292
1756998198.042,latency_s,0.020622
1756998198.042,latency_s,0.020799
1756998198.042,latency_s,0.020759
1756998198.042,latency_s,0.019088
1756998198.043,latency_s,0.018890
1756998198.043,latency_s,0.019010
1756998198.055,latency_s,0.019003
1756998198.074,latency_s,0.018530
1756998198.084,latency_s,0.018630
1756998198.093,latency_s,0.023007
1756998198.094,latency_s,0.022556
1756998198.094,latency_s,0.021714
1756998198.094,latency_s,0.022740
1756998198.094,latency_s,0.021770
1756998198.094,latency_s,0.021692
1756998198.094,latency_s,0.021317
1756998198.094,latency_s,0.021193
1756998198.094,latency_s,0.021157
1756998198.106,latency_s,0.032626
1756998198.106,latency_s,0.032519
1756998198.107,latency_s,0.019068
1756998198.117,latency_s,0.019868
1756998198.145,latency_s,0.023589
1756998198.145,latency_s,0.023385
1756998198.145,latency_s,0.023419
1756998198.145,latency_s,0.023562
1756998198.145,latency_s,0.021447
1756998198.146,latency_s,0.021709
1756998198.146,latency_s,0.021630
1756998198.158,latency_s,0.019102
1756998198.174,latency_s,0.018481
1756998198.186,latency_s,0.018571
1756998198.190,latency_s,0.018736
1756998198.190,latency_s,0.018930
1756998198.194,latency_s,0.021971
1756998198.195,latency_s,0.021713
1756998198.195,latency_s,0.021604
1756998198.195,latency_s,0.021920
1756998198.195,latency_s,0.021278
1756998198.195,latency_s,0.021409
1756998198.195,latency_s,0.021342
1756998198.195,latency_s,0.021182
1756998198.195,latency_s,0.021509
1756998198.207,latency_s,0.018668
1756998198.218,latency_s,0.018127
1756998198.241,latency_s,0.018461
1756998198.243,latency_s,0.018949
1756998198.243,latency_s,0.018903
1756998198.243,latency_s,0.018879
1756998198.243,latency_s,0.018983
1756998198.243,latency_s,0.018513
1756998198.243,latency_s,0.018971
1756998198.259,latency_s,0.019211
1756998198.275,latency_s,0.018646
1756998198.288,latency_s,0.020113
1756998198.292,latency_s,0.020831
1756998198.293,latency_s,0.020991
1756998198.293,latency_s,0.019707
1756998198.293,latency_s,0.019356
1756998198.293,latency_s,0.019151
1756998198.293,latency_s,0.019557
1756998198.293,latency_s,0.018944
1756998198.293,latency_s,0.019214
1756998198.293,latency_s,0.019318
1756998198.293,latency_s,0.019009
1756998198.306,latency_s,0.031726
1756998198.309,latency_s,0.019169
1756998198.318,latency_s,0.018435
1756998198.342,latency_s,0.019240
1756998198.345,latency_s,0.020902
1756998198.345,latency_s,0.020481
1756998198.345,latency_s,0.020229
1756998198.345,latency_s,0.020154
1756998198.345,latency_s,0.020403
1756998198.346,latency_s,0.020876
1756998198.360,latency_s,0.019777
1756998198.375,latency_s,0.018628
1756998198.387,latency_s,0.018717
1756998198.393,latency_s,0.020919
1756998198.393,latency_s,0.020216
1756998198.393,latency_s,0.019278
1756998198.393,latency_s,0.019143
1756998198.393,latency_s,0.018929
1756998198.393,latency_s,0.019294
1756998198.393,latency_s,0.019278
1756998198.393,latency_s,0.019289
1756998198.393,latency_s,0.019641
1756998198.393,latency_s,0.019005
1756998198.394,latency_s,0.018978
1756998198.410,latency_s,0.019288
1756998198.420,latency_s,0.019599
1756998198.441,latency_s,0.018056
1756998198.444,latency_s,0.019471
1756998198.444,latency_s,0.018751
1756998198.444,latency_s,0.018672
1756998198.444,latency_s,0.018772
1756998198.444,latency_s,0.018959
1756998198.444,latency_s,0.018861
1756998198.459,latency_s,0.017926
1756998198.476,latency_s,0.018282
1756998198.487,latency_s,0.018721
1756998198.490,latency_s,0.018229
1756998198.491,latency_s,0.018359
1756998198.492,latency_s,0.018237
1756998198.492,latency_s,0.018133
1756998198.494,latency_s,0.019136
1756998198.494,latency_s,0.019115
1756998198.494,latency_s,0.019353
1756998198.495,latency_s,0.019279
1756998198.495,latency_s,0.019208
1756998198.495,latency_s,0.019258
1756998198.495,latency_s,0.019449
1756998198.510,latency_s,0.019040
1756998198.520,latency_s,0.019399
1756998198.543,latency_s,0.018563
1756998198.546,latency_s,0.021376
1756998198.546,latency_s,0.020559
1756998198.546,latency_s,0.020525
1756998198.546,latency_s,0.020614
1756998198.546,latency_s,0.020403
1756998198.547,latency_s,0.020466
1756998198.563,latency_s,0.021667
1756998198.577,latency_s,0.018281
1756998198.589,latency_s,0.019570
1756998198.590,latency_s,0.018002
1756998198.591,latency_s,0.018212
1756998198.593,latency_s,0.017485
1756998198.596,latency_s,0.019930
1756998198.596,latency_s,0.020112
1756998198.596,latency_s,0.020050
1756998198.596,latency_s,0.020283
1756998198.596,latency_s,0.019301
1756998198.596,latency_s,0.019325
1756998198.596,latency_s,0.018930
1756998198.596,latency_s,0.018945
1756998198.611,latency_s,0.019167
1756998198.621,latency_s,0.019557
1756998198.646,latency_s,0.021471
1756998198.647,latency_s,0.021429
1756998198.647,latency_s,0.020695
1756998198.647,latency_s,0.020725
1756998198.669,latency_s,0.042988
1756998198.669,latency_s,0.042920
1756998198.669,latency_s,0.042933
1756998198.669,latency_s,0.027228
1756998198.677,latency_s,0.018239
1756998198.688,latency_s,0.018438
1756998198.693,latency_s,0.020102
1756998198.693,latency_s,0.019235
1756998198.694,latency_s,0.017999
1756998198.694,latency_s,0.017895
1756998198.696,latency_s,0.020290
1756998198.697,latency_s,0.020376
1756998198.697,latency_s,0.020522
1756998198.697,latency_s,0.019915
1756998198.709,latency_s,0.032034
1756998198.709,latency_s,0.031564
1756998198.709,latency_s,0.031567
1756998198.711,latency_s,0.018318
1756998198.720,latency_s,0.018543
1756998198.745,latency_s,0.019692
1756998198.745,latency_s,0.019771
1756998198.746,latency_s,0.018968
1756998198.746,latency_s,0.019031
1756998198.746,latency_s,0.018828
1756998198.748,latency_s,0.021023
1756998198.748,latency_s,0.020541
1756998198.760,latency_s,0.018113
1756998198.778,latency_s,0.018125
1756998198.789,latency_s,0.018983
1756998198.792,latency_s,0.018705
1756998198.795,latency_s,0.019316
1756998198.795,latency_s,0.019319
1756998198.795,latency_s,0.019198
1756998198.795,latency_s,0.019040
1756998198.795,latency_s,0.018910
1756998198.796,latency_s,0.019281
1756998198.796,latency_s,0.018548
1756998198.796,latency_s,0.018516
1756998198.808,latency_s,0.030140
1756998198.808,latency_s,0.030088
1756998198.812,latency_s,0.018318
1756998198.821,latency_s,0.018698
1756998198.844,latency_s,0.017746
1756998198.846,latency_s,0.018589
1756998198.846,latency_s,0.018554
1756998198.846,latency_s,0.018239
1756998198.846,latency_s,0.018731
1756998198.846,latency_s,0.018531
1756998198.846,latency_s,0.018112
1756998198.863,latency_s,0.019807
1756998198.879,latency_s,0.018667
1756998198.889,latency_s,0.018190
1756998198.893,latency_s,0.019272
1756998198.895,latency_s,0.018747
1756998198.895,latency_s,0.018507
1756998198.895,latency_s,0.018663
1756998198.895,latency_s,0.018918
1756998198.895,latency_s,0.018579
1756998198.896,latency_s,0.018789
1756998198.896,latency_s,0.018363
1756998198.896,latency_s,0.018425
1756998198.896,latency_s,0.017997
1756998198.898,latency_s,0.020669
1756998198.913,latency_s,0.019188
1756998198.921,latency_s,0.018147
1756998198.945,latency_s,0.018411
1756998198.947,latency_s,0.019248
1756998198.947,latency_s,0.019210
1756998198.947,latency_s,0.019330
1756998198.947,latency_s,0.019019
1756998198.947,latency_s,0.018945
1756998198.947,latency_s,0.018880
1756998198.964,latency_s,0.019272
1756998198.979,latency_s,0.019133
1756998198.989,latency_s,0.018483
1756998198.992,latency_s,0.017868
1756998198.998,latency_s,0.021309
1756998198.998,latency_s,0.021343
1756998198.998,latency_s,0.020868
1756998198.998,latency_s,0.021241
1756998198.998,latency_s,0.020774
1756998198.998,latency_s,0.020700
1756998198.998,latency_s,0.021249
1756998199.004,latency_s,0.026981
1756998199.004,latency_s,0.026322
1756998199.004,latency_s,0.026371
1756998199.012,latency_s,0.017901
1756998199.022,latency_s,0.018687
1756998199.049,latency_s,0.021996
1756998199.049,latency_s,0.021363
1756998199.049,latency_s,0.021222
1756998199.049,latency_s,0.020916
1756998199.049,latency_s,0.020687
1756998199.049,latency_s,0.020654
1756998199.049,latency_s,0.021275
1756998199.065,latency_s,0.018754
1756998199.080,latency_s,0.018993
1756998199.090,latency_s,0.018286
1756998199.094,latency_s,0.019457
1756998199.095,latency_s,0.018217
1756998199.095,latency_s,0.017802
1756998199.095,latency_s,0.017948
1756998199.095,latency_s,0.018065
1756998199.099,latency_s,0.020868
1756998199.099,latency_s,0.021022
1756998199.099,latency_s,0.021274
1756998199.099,latency_s,0.020355
1756998199.099,latency_s,0.020360
1756998199.099,latency_s,0.020437
1756998199.113,latency_s,0.018498
1756998199.123,latency_s,0.018863
1756998199.148,latency_s,0.020264
1756998199.148,latency_s,0.020106
1756998199.148,latency_s,0.019274
1756998199.148,latency_s,0.018530
1756998199.148,latency_s,0.018632
1756998199.148,latency_s,0.018573
1756998199.148,latency_s,0.018882
1756998199.165,latency_s,0.018610
1756998199.180,latency_s,0.017988
1756998199.191,latency_s,0.018602
1756998199.194,latency_s,0.018910
1756998199.200,latency_s,0.021721
1756998199.200,latency_s,0.021618
1756998199.200,latency_s,0.021464
1756998199.200,latency_s,0.021004
1756998199.200,latency_s,0.020916
1756998199.200,latency_s,0.021186
1756998199.200,latency_s,0.020968
1756998199.200,latency_s,0.021084
1756998199.200,latency_s,0.020982
1756998199.220,latency_s,0.024392
1756998199.225,latency_s,0.020323
1756998199.250,latency_s,0.022368
1756998199.250,latency_s,0.022236
1756998199.250,latency_s,0.020525
1756998199.250,latency_s,0.020543
1756998199.250,latency_s,0.020305
1756998199.250,latency_s,0.020422
1756998199.251,latency_s,0.020361
1756998199.267,latency_s,0.020021
1756998199.281,latency_s,0.019161
1756998199.291,latency_s,0.018650
1756998199.296,latency_s,0.020195
1756998199.297,latency_s,0.018824
1756998199.297,latency_s,0.018163
1756998199.308,latency_s,0.028792
1756998199.308,latency_s,0.029081
1756998199.308,latency_s,0.028613
1756998199.308,latency_s,0.028234
1756998199.308,latency_s,0.028820
1756998199.308,latency_s,0.028831
1756998199.315,latency_s,0.019624
1756998199.320,latency_s,0.140954
1756998199.320,latency_s,0.040848
1756998199.324,latency_s,0.018278
1756998199.348,latency_s,0.019646
1756998199.349,latency_s,0.020137
1756998199.349,latency_s,0.018219
1756998199.349,latency_s,0.017957
1756998199.349,latency_s,0.018089
1756998199.349,latency_s,0.018389
1756998199.349,latency_s,0.018181
1756998199.367,latency_s,0.018739
1756998199.381,latency_s,0.018788
1756998199.392,latency_s,0.018882
1756998199.395,latency_s,0.018568
1756998199.401,latency_s,0.022327
1756998199.401,latency_s,0.021976
1756998199.401,latency_s,0.021878
1756998199.401,latency_s,0.021794
1756998199.401,latency_s,0.021612
1756998199.401,latency_s,0.021245
1756998199.401,latency_s,0.021592
1756998199.401,latency_s,0.021726
1756998199.407,latency_s,0.027153
1756998199.413,latency_s,0.135233
1756998199.415,latency_s,0.019212
1756998199.416,latency_s,0.037849
1756998199.424,latency_s,0.018455
1756998199.448,latency_s,0.019066
1756998199.448,latency_s,0.018844
1756998199.450,latency_s,0.019016
1756998199.450,latency_s,0.019178
1756998199.450,latency_s,0.019126
1756998199.450,latency_s,0.019052
1756998199.450,latency_s,0.017709
1756998199.467,latency_s,0.018727
1756998199.481,latency_s,0.018322
1756998199.494,latency_s,0.020264
1756998199.495,latency_s,0.018346
1756998199.496,latency_s,0.018000
1756998199.497,latency_s,0.017849
1756998199.501,latency_s,0.020827
1756998199.501,latency_s,0.020994
1756998199.501,latency_s,0.021051
1756998199.501,latency_s,0.021038
1756998199.501,latency_s,0.021214
1756998199.501,latency_s,0.020951
1756998199.501,latency_s,0.020793
1756998199.509,latency_s,0.028944
1756998199.515,latency_s,0.018955
1756998199.525,latency_s,0.018358
1756998199.548,latency_s,0.018635
1756998199.548,latency_s,0.018545
1756998199.552,latency_s,0.020098
1756998199.552,latency_s,0.020015
1756998199.552,latency_s,0.019150
1756998199.552,latency_s,0.019293
1756998199.552,latency_s,0.018927
1756998199.568,latency_s,0.018814
1756998199.583,latency_s,0.019214
1756998199.592,latency_s,0.018260
1756998199.596,latency_s,0.019050
1756998199.597,latency_s,0.017747
1756998199.597,latency_s,0.017894
1756998199.601,latency_s,0.020200
1756998199.601,latency_s,0.020606
1756998199.601,latency_s,0.020054
1756998199.601,latency_s,0.020415
1756998199.601,latency_s,0.020453
1756998199.601,latency_s,0.020332
1756998199.601,latency_s,0.019927
1756998199.601,latency_s,0.019854
1756998199.615,latency_s,0.018744
1756998199.626,latency_s,0.018757
1756998199.650,latency_s,0.020065
1756998199.650,latency_s,0.020017
1756998199.650,latency_s,0.018223
1756998199.650,latency_s,0.018085
1756998199.653,latency_s,0.019575
1756998199.653,latency_s,0.019660
1756998199.654,latency_s,0.020726
1756998199.668,latency_s,0.018110
1756998199.683,latency_s,0.018731
1756998199.696,latency_s,0.018316
1756998199.699,latency_s,0.019421
1756998199.699,latency_s,0.019598
1756998199.699,latency_s,0.018433
1756998199.699,latency_s,0.018587
1756998199.699,latency_s,0.018096
1756998199.699,latency_s,0.018049
1756998199.699,latency_s,0.017983
1756998199.699,latency_s,0.018087
1756998199.699,latency_s,0.017715
1756998199.699,latency_s,0.017800
1756998199.715,latency_s,0.018691
1756998199.726,latency_s,0.018559
1756998199.755,latency_s,0.024317
1756998199.755,latency_s,0.024271
1756998199.755,latency_s,0.022289
1756998199.755,latency_s,0.022592
1756998199.755,latency_s,0.020731
1756998199.755,latency_s,0.020741
1756998199.755,latency_s,0.020831
1756998199.770,latency_s,0.018993
1756998199.784,latency_s,0.018561
1756998199.797,latency_s,0.019210
1756998199.800,latency_s,0.019907
1756998199.800,latency_s,0.019903
1756998199.815,latency_s,0.034212
1756998199.816,latency_s,0.034177
1756998199.816,latency_s,0.033805
1756998199.816,latency_s,0.033431
1756998199.816,latency_s,0.033847
1756998199.816,latency_s,0.034218
1756998199.816,latency_s,0.034337
1756998199.816,latency_s,0.034281
1756998199.816,latency_s,0.141753
1756998199.818,latency_s,0.020880
1756998199.818,latency_s,0.043665
1756998199.827,latency_s,0.018705
1756998199.852,latency_s,0.021894
1756998199.853,latency_s,0.021861
1756998199.853,latency_s,0.019810
1756998199.853,latency_s,0.019814
1756998199.853,latency_s,0.017850
1756998199.853,latency_s,0.017872
1756998199.853,latency_s,0.017970
1756998199.870,latency_s,0.019344
1756998199.885,latency_s,0.018584
1756998199.895,latency_s,0.019217
1756998199.897,latency_s,0.018334
1756998199.900,latency_s,0.019718
1756998199.900,latency_s,0.019624
1756998199.900,latency_s,0.018210
1756998199.900,latency_s,0.018719
1756998199.903,latency_s,0.019682
1756998199.910,latency_s,0.028495
1756998199.910,latency_s,0.027734
1756998199.911,latency_s,0.027475
1756998199.911,latency_s,0.028245
1756998199.918,latency_s,0.020168
1756998199.927,latency_s,0.018644
1756998199.950,latency_s,0.019029
1756998199.950,latency_s,0.019344
1756998199.952,latency_s,0.018728
1756998199.952,latency_s,0.018681
1756998199.956,latency_s,0.019305
1756998199.956,latency_s,0.019368
1756998199.956,latency_s,0.019417
1756998199.971,latency_s,0.019223
1756998199.986,latency_s,0.019611
1756998199.995,latency_s,0.018358
1756998199.997,latency_s,0.018527
1756998199.999,latency_s,0.018526
1756998200.000,latency_s,0.018609
1756998200.000,latency_s,0.018256
1756998200.003,latency_s,0.020293
1756998200.003,latency_s,0.020790
1756998200.003,latency_s,0.020726
1756998200.003,latency_s,0.020483
1756998200.004,latency_s,0.020033
1756998200.012,latency_s,0.028957
1756998200.017,latency_s,0.018932
1756998200.023,latency_s,0.140951
1756998200.024,latency_s,0.040621
1756998200.028,latency_s,0.018931
1756998200.049,latency_s,0.018410
1756998200.049,latency_s,0.018332
1756998200.054,latency_s,0.020347
1756998200.054,latency_s,0.020583
1756998200.055,latency_s,0.018697
1756998200.055,latency_s,0.018496
1756998200.056,latency_s,0.018831
1756998200.072,latency_s,0.019082
1756998200.087,latency_s,0.019031
1756998200.096,latency_s,0.019061
1756998200.098,latency_s,0.018808
1756998200.102,latency_s,0.020311
1756998200.102,latency_s,0.020266
1756998200.102,latency_s,0.019955
1756998200.102,latency_s,0.019247
1756998200.102,latency_s,0.019489
1756998200.102,latency_s,0.018830
1756998200.111,latency_s,0.027942
1756998200.111,latency_s,0.027924
1756998200.111,latency_s,0.027750
1756998200.111,latency_s,0.027364
1756998200.118,latency_s,0.019009
1756998200.153,latency_s,0.021104
1756998200.153,latency_s,0.021117
1756998200.154,latency_s,0.019270
1756998200.154,latency_s,0.018168
1756998200.156,latency_s,0.018693
1756998200.156,latency_s,0.018940
1756998200.156,latency_s,0.018694
1756998200.173,latency_s,0.019690
1756998200.187,latency_s,0.018316
1756998200.196,latency_s,0.018543
1756998200.198,latency_s,0.018364
1756998200.201,latency_s,0.019035
1756998200.201,latency_s,0.018954
1756998200.202,latency_s,0.019783
1756998200.202,latency_s,0.019538
1756998200.202,latency_s,0.019415
1756998200.203,latency_s,0.018947
1756998200.211,latency_s,0.027484
1756998200.211,latency_s,0.027703
1756998200.211,latency_s,0.027400
1756998200.211,latency_s,0.026245
1756998200.219,latency_s,0.020166
1756998200.253,latency_s,0.019924
1756998200.253,latency_s,0.143444
1756998200.253,latency_s,0.019804
1756998200.253,latency_s,0.043197
1756998200.254,latency_s,0.019173
1756998200.277,latency_s,0.040696
1756998200.277,latency_s,0.038916
1756998200.277,latency_s,0.038937
1756998200.277,latency_s,0.038757
1756998200.277,latency_s,0.023697
1756998200.288,latency_s,0.019344
1756998200.296,latency_s,0.018056
1756998200.299,latency_s,0.018962
1756998200.301,latency_s,0.019146
1756998200.301,latency_s,0.019100
1756998200.302,latency_s,0.019379
1756998200.302,latency_s,0.019146
1756998200.305,latency_s,0.021420
1756998200.305,latency_s,0.020792
1756998200.305,latency_s,0.020996
1756998200.305,latency_s,0.020784
1756998200.305,latency_s,0.020618
1756998200.318,latency_s,0.018219
1756998200.328,latency_s,0.017890
1756998200.352,latency_s,0.018637
1756998200.353,latency_s,0.017698
1756998200.354,latency_s,0.018776
1756998200.355,latency_s,0.018455
1756998200.357,latency_s,0.018520
1756998200.357,latency_s,0.018233
1756998200.357,latency_s,0.018248
1756998200.372,latency_s,0.018644
1756998200.390,latency_s,0.019257
1756998200.397,latency_s,0.018873
1756998200.403,latency_s,0.019933
1756998200.403,latency_s,0.019793
1756998200.403,latency_s,0.019945
1756998200.403,latency_s,0.019660
1756998200.403,latency_s,0.019335
1756998200.403,latency_s,0.018977
1756998200.405,latency_s,0.020669
1756998200.405,latency_s,0.020543
1756998200.405,latency_s,0.020398
1756998200.420,latency_s,0.019362
1756998200.421,latency_s,0.135839
1756998200.422,latency_s,0.035612
1756998200.430,latency_s,0.019240
1756998200.452,latency_s,0.018789
1756998200.454,latency_s,0.018358
1756998200.454,latency_s,0.018235
1756998200.455,latency_s,0.018964
1756998200.458,latency_s,0.019055
1756998200.458,latency_s,0.018909
1756998200.458,latency_s,0.018774
1756998200.472,latency_s,0.018843
1756998200.488,latency_s,0.017517
1756998200.499,latency_s,0.019482
1756998200.501,latency_s,0.018095
1756998200.501,latency_s,0.018156
1756998200.501,latency_s,0.018132
1756998200.502,latency_s,0.017655
1756998200.502,latency_s,0.017938
1756998200.505,latency_s,0.020449
1756998200.505,latency_s,0.020319
1756998200.505,latency_s,0.020242
1756998200.505,latency_s,0.020598
1756998200.517,latency_s,0.030195
1756998200.519,latency_s,0.138316
1756998200.519,latency_s,0.038228
1756998200.519,latency_s,0.018538
1756998200.529,latency_s,0.017950
1756998200.552,latency_s,0.017804
1756998200.555,latency_s,0.018904
1756998200.555,latency_s,0.019072
1756998200.555,latency_s,0.018277
1756998200.557,latency_s,0.018717
1756998200.557,latency_s,0.017928
1756998200.558,latency_s,0.017950
1756998200.572,latency_s,0.018090
1756998200.590,latency_s,0.018502
1756998200.599,latency_s,0.019333
1756998200.600,latency_s,0.018193
1756998200.602,latency_s,0.018426
1756998200.602,latency_s,0.018502
1756998200.602,latency_s,0.018591
1756998200.602,latency_s,0.018233
1756998200.602,latency_s,0.018247
1756998200.606,latency_s,0.021332
1756998200.606,latency_s,0.021245
1756998200.606,latency_s,0.021276
1756998200.606,latency_s,0.021156
1756998200.606,latency_s,0.018183
1756998200.623,latency_s,0.021278
1756998200.630,latency_s,0.018215
1756998200.654,latency_s,0.019531
1756998200.657,latency_s,0.019138
1756998200.657,latency_s,0.019047
1756998200.657,latency_s,0.019335
1756998200.659,latency_s,0.019181
1756998200.659,latency_s,0.019170
1756998200.660,latency_s,0.019979
1756998200.674,latency_s,0.019624
1756998200.691,latency_s,0.018566
1756998200.698,latency_s,0.018029
1756998200.702,latency_s,0.020037
1756998200.702,latency_s,0.018293
1756998200.703,latency_s,0.018344
1756998200.703,latency_s,0.018282
1756998200.703,latency_s,0.018102
1756998200.703,latency_s,0.017843
1756998200.703,latency_s,0.018519
1756998200.707,latency_s,0.021602
1756998200.707,latency_s,0.021494
1756998200.707,latency_s,0.021609
1756998200.707,latency_s,0.018474
1756998200.722,latency_s,0.019653
1756998200.732,latency_s,0.019303
1756998200.754,latency_s,0.018783
1756998200.757,latency_s,0.018889
1756998200.757,latency_s,0.018782
1756998200.757,latency_s,0.018868
1756998200.760,latency_s,0.020169
1756998200.760,latency_s,0.020063
1756998200.760,latency_s,0.019449
1756998200.774,latency_s,0.019114
1756998200.791,latency_s,0.018115
1756998200.802,latency_s,0.021104
1756998200.803,latency_s,0.019101
1756998200.806,latency_s,0.021086
1756998200.806,latency_s,0.021242
1756998200.807,latency_s,0.021855
1756998200.807,latency_s,0.021127
1756998200.807,latency_s,0.022141
1756998200.807,latency_s,0.021833
1756998200.807,latency_s,0.021822
1756998200.807,latency_s,0.021573
1756998200.808,latency_s,0.021441
1756998200.808,latency_s,0.018763
1756998200.821,latency_s,0.018609
1756998200.831,latency_s,0.018262
1756998200.853,latency_s,0.018156
1756998200.860,latency_s,0.021361
1756998200.860,latency_s,0.021473
1756998200.860,latency_s,0.021361
1756998200.860,latency_s,0.019530
1756998200.860,latency_s,0.019655
1756998200.860,latency_s,0.018715
1756998200.875,latency_s,0.019927
1756998200.892,latency_s,0.018653
1756998200.900,latency_s,0.017933
1756998200.902,latency_s,0.018119
1756998200.905,latency_s,0.019634
1756998200.905,latency_s,0.019388
1756998200.905,latency_s,0.019392
1756998200.905,latency_s,0.019237
1756998200.905,latency_s,0.018967
1756998200.905,latency_s,0.018760
1756998200.905,latency_s,0.018974
1756998200.907,latency_s,0.020681
1756998200.907,latency_s,0.020591
1756998200.917,latency_s,0.027229
1756998200.922,latency_s,0.018358
1756998200.932,latency_s,0.018588
1756998200.954,latency_s,0.018068
1756998200.961,latency_s,0.021852
1756998200.961,latency_s,0.022163
1756998200.961,latency_s,0.021924
1756998200.961,latency_s,0.019918
1756998200.961,latency_s,0.019915
1756998200.961,latency_s,0.019482
1756998200.974,latency_s,0.019409
1756998200.993,latency_s,0.018330
1756998201.001,latency_s,0.018271
1756998201.004,latency_s,0.019916
1756998201.005,latency_s,0.019638
1756998201.005,latency_s,0.019476
1756998201.006,latency_s,0.019616
1756998201.006,latency_s,0.019490
1756998201.006,latency_s,0.018800
1756998201.008,latency_s,0.021660
1756998201.009,latency_s,0.021907
1756998201.009,latency_s,0.021850
1756998201.009,latency_s,0.021964
1756998201.009,latency_s,0.019196
1756998201.024,latency_s,0.020418
1756998201.032,latency_s,0.018413
1756998201.055,latency_s,0.019068
1756998201.061,latency_s,0.021288
1756998201.061,latency_s,0.021245
1756998201.061,latency_s,0.021446
1756998201.061,latency_s,0.019331
1756998201.061,latency_s,0.019222
1756998201.061,latency_s,0.018680
1756998201.074,latency_s,0.018758
1756998201.094,latency_s,0.018983
1756998201.105,latency_s,0.019422
1756998201.105,latency_s,0.018955
1756998201.105,latency_s,0.018589
1756998201.105,latency_s,0.018616
1756998201.108,latency_s,0.020980
1756998201.108,latency_s,0.021160
1756998201.108,latency_s,0.021401
1756998201.108,latency_s,0.020881
1756998201.108,latency_s,0.020720
1756998201.108,latency_s,0.021396
1756998201.108,latency_s,0.018670
1756998201.123,latency_s,0.019264
1756998201.132,latency_s,0.018511
1756998201.156,latency_s,0.018628
1756998201.161,latency_s,0.020570
1756998201.161,latency_s,0.020447
1756998201.161,latency_s,0.020180
1756998201.161,latency_s,0.019045
1756998201.161,latency_s,0.018706
1756998201.176,latency_s,0.020167
1756998201.193,latency_s,0.018172
1756998201.208,latency_s,0.022848
1756998201.208,latency_s,0.022561
1756998201.208,latency_s,0.021860
1756998201.208,latency_s,0.022072
1756998201.209,latency_s,0.021209
1756998201.209,latency_s,0.020890
1756998201.209,latency_s,0.021064
1756998201.209,latency_s,0.020926
1756998201.209,latency_s,0.019854
1756998201.209,latency_s,0.019880
1756998201.209,latency_s,0.018543
1756998201.224,latency_s,0.019295
1756998201.230,latency_s,0.147178
1756998201.230,latency_s,0.046730
1756998201.232,latency_s,0.018182
1756998201.257,latency_s,0.019684
1756998201.261,latency_s,0.020806
1756998201.262,latency_s,0.020949
1756998201.262,latency_s,0.020918
1756998201.262,latency_s,0.019358
1756998201.262,latency_s,0.019325
1756998201.275,latency_s,0.018654
1756998201.277,latency_s,0.134654
1756998201.277,latency_s,0.034531
1756998201.293,latency_s,0.018322
1756998201.303,latency_s,0.018979
1756998201.304,latency_s,0.017946
1756998201.304,latency_s,0.018010
1756998201.310,latency_s,0.022926
1756998201.310,latency_s,0.023205
1756998201.310,latency_s,0.022609
1756998201.310,latency_s,0.022395
1756998201.310,latency_s,0.022252
1756998201.310,latency_s,0.022451
1756998201.310,latency_s,0.021177
1756998201.311,latency_s,0.021274
1756998201.311,latency_s,0.020282
1756998201.324,latency_s,0.019378
1756998201.333,latency_s,0.018434
1756998201.361,latency_s,0.023382
1756998201.361,latency_s,0.020469
1756998201.361,latency_s,0.020265
1756998201.361,latency_s,0.020197
1756998201.363,latency_s,0.019338
1756998201.364,latency_s,0.019411
1756998201.364,latency_s,0.019511
1756998201.376,latency_s,0.018950
1756998201.395,latency_s,0.019210
1756998201.403,latency_s,0.019158
1756998201.407,latency_s,0.020641
1756998201.407,latency_s,0.020619
1756998201.407,latency_s,0.019869
1756998201.407,latency_s,0.019683
1756998201.407,latency_s,0.019941
1756998201.407,latency_s,0.019448
1756998201.408,latency_s,0.018993
1756998201.408,latency_s,0.018974
1756998201.409,latency_s,0.019332
1756998201.409,latency_s,0.019408
1756998201.410,latency_s,0.018532
1756998201.425,latency_s,0.019901
1756998201.433,latency_s,0.018919
1756998201.457,latency_s,0.019027
1756998201.461,latency_s,0.019432
1756998201.461,latency_s,0.019334
1756998201.461,latency_s,0.019288
1756998201.464,latency_s,0.019484
1756998201.464,latency_s,0.019582
1756998201.464,latency_s,0.019452
1756998201.476,latency_s,0.018192
1756998201.495,latency_s,0.018415
1756998201.503,latency_s,0.017931
1756998201.510,latency_s,0.023742
1756998201.511,latency_s,0.023618
1756998201.511,latency_s,0.022907
1756998201.511,latency_s,0.022735
1756998201.511,latency_s,0.022664
1756998201.511,latency_s,0.022433
1756998201.511,latency_s,0.021618
1756998201.511,latency_s,0.021538
1756998201.511,latency_s,0.020719
1756998201.511,latency_s,0.020736
1756998201.511,latency_s,0.019195
1756998201.525,latency_s,0.019664
1756998201.534,latency_s,0.019027
1756998201.557,latency_s,0.018682
1756998201.560,latency_s,0.018286
1756998201.561,latency_s,0.018373
1756998201.561,latency_s,0.018442
1756998201.565,latency_s,0.019788
1756998201.565,latency_s,0.019629
1756998201.565,latency_s,0.020004
1756998201.578,latency_s,0.019858
1756998201.595,latency_s,0.017831
1756998201.604,latency_s,0.018853
1756998201.607,latency_s,0.019244
1756998201.607,latency_s,0.019477
1756998201.607,latency_s,0.018920
1756998201.607,latency_s,0.018312
1756998201.607,latency_s,0.018338
1756998201.607,latency_s,0.018142
1756998201.609,latency_s,0.019903
1756998201.609,latency_s,0.019722
1756998201.609,latency_s,0.018869
1756998201.609,latency_s,0.019065
1756998201.612,latency_s,0.019642
1756998201.627,latency_s,0.020802
1756998201.634,latency_s,0.018620
1756998201.659,latency_s,0.019680
1756998201.660,latency_s,0.018274
1756998201.662,latency_s,0.019355
1756998201.663,latency_s,0.017969
1756998201.664,latency_s,0.018173
1756998201.664,latency_s,0.018131
1756998201.664,latency_s,0.018432
1756998201.677,latency_s,0.018584
1756998201.696,latency_s,0.018641
1756998201.705,latency_s,0.018387
1756998201.709,latency_s,0.021073
1756998201.709,latency_s,0.021037
1756998201.709,latency_s,0.020826
1756998201.709,latency_s,0.020429
1756998201.709,latency_s,0.020424
1756998201.709,latency_s,0.020267
1756998201.709,latency_s,0.019322
1756998201.709,latency_s,0.019242
1756998201.709,latency_s,0.018438
1756998201.710,latency_s,0.018617
1756998201.712,latency_s,0.019333
1756998201.725,latency_s,0.018973
1756998201.735,latency_s,0.019368
1756998201.758,latency_s,0.018686
1756998201.762,latency_s,0.019630
1756998201.762,latency_s,0.018865
1756998201.765,latency_s,0.019762
1756998201.765,latency_s,0.019633
1756998201.766,latency_s,0.019706
1756998201.766,latency_s,0.020115
1756998201.779,latency_s,0.019616
1756998201.796,latency_s,0.018257
1756998201.806,latency_s,0.018436
1756998201.810,latency_s,0.020446
1756998201.810,latency_s,0.020540
1756998201.810,latency_s,0.020733
1756998201.810,latency_s,0.020634
1756998201.810,latency_s,0.020752
1756998201.810,latency_s,0.020184
1756998201.810,latency_s,0.019308
1756998201.811,latency_s,0.020259
1756998201.811,latency_s,0.020229
1756998201.811,latency_s,0.019477
1756998201.811,latency_s,0.017113
1756998201.826,latency_s,0.018952
1756998201.835,latency_s,0.019224
1756998201.859,latency_s,0.019064
1756998201.861,latency_s,0.018029
1756998201.864,latency_s,0.019209
1756998201.864,latency_s,0.017898
1756998201.864,latency_s,0.017847
1756998201.866,latency_s,0.020042
1756998201.867,latency_s,0.020372
1756998201.878,latency_s,0.018133
1756998201.896,latency_s,0.017550
1756998201.907,latency_s,0.019353
1756998201.909,latency_s,0.018907
1756998201.909,latency_s,0.018763
1756998201.909,latency_s,0.018768
1756998201.909,latency_s,0.018854
1756998201.909,latency_s,0.018759
1756998201.909,latency_s,0.018054
1756998201.925,latency_s,0.033587
1756998201.925,latency_s,0.033473
1756998201.925,latency_s,0.033257
1756998201.925,latency_s,0.033308
1756998201.925,latency_s,0.030700
1756998201.927,latency_s,0.019678
1756998201.940,latency_s,0.023291
1756998201.959,latency_s,0.018852
1756998201.964,latency_s,0.020652
1756998201.964,latency_s,0.019215
1756998201.967,latency_s,0.019842
1756998201.967,latency_s,0.019964
1756998201.967,latency_s,0.020045
1756998201.967,latency_s,0.020014
1756998201.980,latency_s,0.019508
1756998201.998,latency_s,0.018726
1756998202.011,latency_s,0.022376
1756998202.011,latency_s,0.020790
1756998202.011,latency_s,0.020603
1756998202.011,latency_s,0.020290
1756998202.024,latency_s,0.033816
1756998202.024,latency_s,0.033548
1756998202.024,latency_s,0.033173
1756998202.024,latency_s,0.032761
1756998202.024,latency_s,0.032632
1756998202.024,latency_s,0.032413
1756998202.024,latency_s,0.032432
1756998202.024,latency_s,0.030025
1756998202.027,latency_s,0.019242
1756998202.036,latency_s,0.018249
1756998202.061,latency_s,0.020087
1756998202.062,latency_s,0.017863
1756998202.065,latency_s,0.018559
1756998202.067,latency_s,0.019946
1756998202.067,latency_s,0.019842
1756998202.076,latency_s,0.028385
1756998202.076,latency_s,0.028554
1756998202.079,latency_s,0.018698
1756998202.098,latency_s,0.018384
1756998202.107,latency_s,0.018971
1756998202.112,latency_s,0.021947
1756998202.112,latency_s,0.021710
1756998202.112,latency_s,0.021821
1756998202.112,latency_s,0.021478
1756998202.113,latency_s,0.022137
1756998202.113,latency_s,0.022198
1756998202.114,latency_s,0.021701
1756998202.114,latency_s,0.021688
1756998202.114,latency_s,0.021514
1756998202.114,latency_s,0.021485
1756998202.114,latency_s,0.018788
1756998202.127,latency_s,0.019243
1756998202.137,latency_s,0.019361
1756998202.161,latency_s,0.019531
1756998202.163,latency_s,0.018694
1756998202.168,latency_s,0.021230
1756998202.168,latency_s,0.020422
1756998202.168,latency_s,0.020047
1756998202.168,latency_s,0.020033
1756998202.168,latency_s,0.020180
1756998202.181,latency_s,0.020043
1756998202.198,latency_s,0.017969
1756998202.209,latency_s,0.019728
1756998202.209,latency_s,0.018985
1756998202.209,latency_s,0.018743
1756998202.209,latency_s,0.018499
1756998202.209,latency_s,0.018474
1756998202.210,latency_s,0.017992
1756998202.214,latency_s,0.022739
1756998202.214,latency_s,0.020988
1756998202.214,latency_s,0.020843
1756998202.215,latency_s,0.021077
1756998202.215,latency_s,0.020938
1756998202.215,latency_s,0.019092
1756998202.228,latency_s,0.019465
1756998202.238,latency_s,0.019664
1756998202.261,latency_s,0.019040
1756998202.264,latency_s,0.018659
1756998202.281,latency_s,0.033576
1756998202.281,latency_s,0.033175
1756998202.281,latency_s,0.032723
1756998202.281,latency_s,0.032565
1756998202.281,latency_s,0.032557
1756998202.281,latency_s,0.019742
1756998202.299,latency_s,0.019174
1756998202.310,latency_s,0.019400
1756998202.310,latency_s,0.019684
1756998202.310,latency_s,0.019225
1756998202.310,latency_s,0.018908
1756998202.315,latency_s,0.023670
1756998202.316,latency_s,0.024223
1756998202.316,latency_s,0.023715
1756998202.316,latency_s,0.021996
1756998202.316,latency_s,0.021687
1756998202.316,latency_s,0.022019
1756998202.316,latency_s,0.021875
1756998202.316,latency_s,0.020145
1756998202.328,latency_s,0.018730
1756998202.337,latency_s,0.018530
1756998202.362,latency_s,0.019182
1756998202.364,latency_s,0.018943
1756998202.368,latency_s,0.018856
1756998202.368,latency_s,0.018857
1756998202.368,latency_s,0.018506
1756998202.368,latency_s,0.018611
1756998202.368,latency_s,0.019019
1756998202.381,latency_s,0.018963
1756998202.399,latency_s,0.018026
1756998202.413,latency_s,0.021445
1756998202.413,latency_s,0.021502
1756998202.413,latency_s,0.021568
1756998202.413,latency_s,0.021199
1756998202.413,latency_s,0.020879
1756998202.415,latency_s,0.023438
1756998202.416,latency_s,0.022900
1756998202.416,latency_s,0.021445
1756998202.416,latency_s,0.021490
1756998202.416,latency_s,0.021437
1756998202.416,latency_s,0.021430
1756998202.416,latency_s,0.019695
1756998202.429,latency_s,0.019032
1756998202.438,latency_s,0.018755
1756998202.465,latency_s,0.021950
1756998202.465,latency_s,0.019155
1756998202.469,latency_s,0.020457
1756998202.469,latency_s,0.019951
1756998202.470,latency_s,0.020392
1756998202.470,latency_s,0.020205
1756998202.470,latency_s,0.020370
1756998202.482,latency_s,0.019255
1756998202.499,latency_s,0.018139
1756998202.510,latency_s,0.018229
1756998202.511,latency_s,0.019351
1756998202.511,latency_s,0.019104
1756998202.511,latency_s,0.018604
1756998202.511,latency_s,0.018467
1756998202.515,latency_s,0.022690
1756998202.515,latency_s,0.022391
1756998202.515,latency_s,0.020463
1756998202.515,latency_s,0.020485
1756998202.515,latency_s,0.020633
1756998202.515,latency_s,0.020684
1756998202.526,latency_s,0.029784
1756998202.530,latency_s,0.019272
1756998202.540,latency_s,0.019213
1756998202.562,latency_s,0.018562
1756998202.565,latency_s,0.018401
1756998202.570,latency_s,0.020355
1756998202.570,latency_s,0.020072
1756998202.570,latency_s,0.020023
1756998202.577,latency_s,0.026637
1756998202.577,latency_s,0.025441
1756998202.582,latency_s,0.019251
1756998202.600,latency_s,0.018755
1756998202.613,latency_s,0.021160
1756998202.613,latency_s,0.021234
1756998202.613,latency_s,0.021320
1756998202.613,latency_s,0.020625
1756998202.613,latency_s,0.020441
1756998202.614,latency_s,0.020837
1756998202.616,latency_s,0.023261
1756998202.617,latency_s,0.021622
1756998202.617,latency_s,0.021667
1756998202.617,latency_s,0.021538
1756998202.617,latency_s,0.021467
1756998202.617,latency_s,0.020027
1756998202.631,latency_s,0.019667
1756998202.640,latency_s,0.018782
1756998202.664,latency_s,0.020113
1756998202.665,latency_s,0.017963
1756998202.668,latency_s,0.018188
1756998202.668,latency_s,0.018216
1756998202.668,latency_s,0.018051
1756998202.669,latency_s,0.017918
1756998202.682,latency_s,0.018747
1756998202.701,latency_s,0.018370
1756998202.716,latency_s,0.023108
1756998202.716,latency_s,0.022844
1756998202.716,latency_s,0.022702
1756998202.716,latency_s,0.023310
1756998202.716,latency_s,0.022980
1756998202.716,latency_s,0.022804
1756998202.716,latency_s,0.022420
1756998202.716,latency_s,0.020465
1756998202.716,latency_s,0.020513
1756998202.716,latency_s,0.020273
1756998202.716,latency_s,0.020457
1756998202.729,latency_s,0.031522
1756998202.731,latency_s,0.018698
1756998202.740,latency_s,0.018152
1756998202.763,latency_s,0.018844
1756998202.766,latency_s,0.019037
1756998202.771,latency_s,0.020102
1756998202.771,latency_s,0.020209
1756998202.771,latency_s,0.020139
1756998202.772,latency_s,0.020461
1756998202.783,latency_s,0.018954
1756998202.790,latency_s,0.137440
1756998202.790,latency_s,0.037296
1756998202.800,latency_s,0.017949
1756998202.815,latency_s,0.022420
1756998202.815,latency_s,0.022148
1756998202.815,latency_s,0.022261
1756998202.815,latency_s,0.022249
1756998202.815,latency_s,0.021982
1756998202.815,latency_s,0.021638
1756998202.815,latency_s,0.019346
1756998202.815,latency_s,0.019385
1756998202.815,latency_s,0.019228
1756998202.816,latency_s,0.019347
1756998202.816,latency_s,0.018260
1756998202.832,latency_s,0.019462
1756998202.840,latency_s,0.018449
1756998202.865,latency_s,0.020333
1756998202.866,latency_s,0.017891
1756998202.872,latency_s,0.019951
1756998202.872,latency_s,0.019993
1756998202.872,latency_s,0.020040
1756998202.872,latency_s,0.019780
1756998202.872,latency_s,0.019353
1756998202.885,latency_s,0.021365
1756998202.901,latency_s,0.018218
1756998202.914,latency_s,0.021000
1756998202.914,latency_s,0.021095
1756998202.914,latency_s,0.020745
1756998202.914,latency_s,0.020379
1756998202.915,latency_s,0.020969
1756998202.931,latency_s,0.037768
1756998202.931,latency_s,0.034807
1756998202.931,latency_s,0.034908
1756998202.931,latency_s,0.034823
1756998202.932,latency_s,0.034937
1756998202.932,latency_s,0.033845
1756998202.932,latency_s,0.019329
1756998202.946,latency_s,0.152570
1756998202.946,latency_s,0.052236
1756998202.946,latency_s,0.023672
1756998202.965,latency_s,0.019675
1756998202.968,latency_s,0.018281
1756998202.972,latency_s,0.019390
1756998202.972,latency_s,0.019460
1756998202.972,latency_s,0.019521
1756998202.974,latency_s,0.018734
1756998202.979,latency_s,0.023499
1756998202.987,latency_s,0.021792
1756998203.002,latency_s,0.018326
1756998203.014,latency_s,0.019681
1756998203.014,latency_s,0.019646
1756998203.014,latency_s,0.019816
1756998203.014,latency_s,0.019160
1756998203.014,latency_s,0.020213
1756998203.018,latency_s,0.023760
1756998203.018,latency_s,0.023458
1756998203.018,latency_s,0.021335
1756998203.018,latency_s,0.021329
1756998203.018,latency_s,0.021306
1756998203.018,latency_s,0.021388
1756998203.018,latency_s,0.020465
1756998203.031,latency_s,0.018408
1756998203.041,latency_s,0.018085
1756998203.065,latency_s,0.019557
1756998203.068,latency_s,0.018612
1756998203.073,latency_s,0.020004
1756998203.073,latency_s,0.020209
1756998203.074,latency_s,0.020530
1756998203.075,latency_s,0.018650
1756998203.075,latency_s,0.018744
1756998203.084,latency_s,0.018410
1756998203.102,latency_s,0.018349
1756998203.115,latency_s,0.019840
1756998203.115,latency_s,0.020265
1756998203.115,latency_s,0.019640
1756998203.115,latency_s,0.020093
1756998203.115,latency_s,0.019447
1756998203.116,latency_s,0.020282
1756998203.119,latency_s,0.024380
1756998203.119,latency_s,0.021841
1756998203.119,latency_s,0.021944
1756998203.119,latency_s,0.021998
1756998203.119,latency_s,0.021389
1756998203.119,latency_s,0.021859
1756998203.134,latency_s,0.020893
1756998203.141,latency_s,0.017910
1756998203.166,latency_s,0.019268
1756998203.169,latency_s,0.018567
1756998203.172,latency_s,0.018761
1756998203.172,latency_s,0.018873
1756998203.172,latency_s,0.018894
1756998203.175,latency_s,0.018380
1756998203.175,latency_s,0.018738
1756998203.185,latency_s,0.018783
1756998203.202,latency_s,0.018231
1756998203.218,latency_s,0.022725
1756998203.218,latency_s,0.022445
1756998203.218,latency_s,0.022617
1756998203.218,latency_s,0.022637
1756998203.218,latency_s,0.021159
1756998203.218,latency_s,0.021238
1756998203.218,latency_s,0.021235
1756998203.218,latency_s,0.019740
1756998203.232,latency_s,0.033716
1756998203.232,latency_s,0.033761
1756998203.232,latency_s,0.033510
1756998203.232,latency_s,0.033887
1756998203.232,latency_s,0.019163
1756998203.243,latency_s,0.019560
1756998203.265,latency_s,0.018653
1756998203.270,latency_s,0.018975
1756998203.274,latency_s,0.019855
1756998203.274,latency_s,0.019949
1756998203.274,latency_s,0.019730
1756998203.276,latency_s,0.019250
1756998203.276,latency_s,0.019433
1756998203.284,latency_s,0.018403
1756998203.304,latency_s,0.018776
1756998203.315,latency_s,0.019875
1756998203.315,latency_s,0.019776
1756998203.315,latency_s,0.019517
1756998203.315,latency_s,0.019913
1756998203.315,latency_s,0.018142
1756998203.315,latency_s,0.018197
1756998203.315,latency_s,0.018284
1756998203.319,latency_s,0.020153
1756998203.319,latency_s,0.020415
1756998203.319,latency_s,0.020260
1756998203.319,latency_s,0.020467
1756998203.319,latency_s,0.020178
1756998203.331,latency_s,0.018378
1756998203.343,latency_s,0.018945
1756998203.366,latency_s,0.019397
1756998203.373,latency_s,0.019521
1756998203.373,latency_s,0.019199
1756998203.373,latency_s,0.018892
1756998203.373,latency_s,0.018986
1756998203.376,latency_s,0.018142
1756998203.376,latency_s,0.018400
1756998203.385,latency_s,0.018031
1756998203.404,latency_s,0.018407
1756998203.417,latency_s,0.021355
1756998203.417,latency_s,0.021517
1756998203.417,latency_s,0.021468
1756998203.418,latency_s,0.021865
1756998203.418,latency_s,0.020124
1756998203.418,latency_s,0.020116
1756998203.418,latency_s,0.020182
1756998203.418,latency_s,0.019283
1756998203.420,latency_s,0.021407
1756998203.420,latency_s,0.021540
1756998203.420,latency_s,0.021480
1756998203.420,latency_s,0.021305
1756998203.459,latency_s,0.045514
1756998203.459,latency_s,0.034433
1756998203.475,latency_s,0.027469
1756998203.475,latency_s,0.020705
1756998203.475,latency_s,0.020486
1756998203.475,latency_s,0.020518
1756998203.475,latency_s,0.020510
1756998203.478,latency_s,0.018994
1756998203.478,latency_s,0.019124
1756998203.486,latency_s,0.018567
1756998203.504,latency_s,0.018390
1756998203.515,latency_s,0.018894
1756998203.515,latency_s,0.018492
1756998203.515,latency_s,0.018865
1756998203.515,latency_s,0.018747
1756998203.520,latency_s,0.020797
1756998203.520,latency_s,0.020628
1756998203.520,latency_s,0.020977
1756998203.520,latency_s,0.021081
1756998203.520,latency_s,0.021269
1756998203.520,latency_s,0.021064
1756998203.520,latency_s,0.020716
1756998203.520,latency_s,0.020825
1756998203.534,latency_s,0.020698
1756998203.544,latency_s,0.019092
1756998203.567,latency_s,0.019218
1756998203.574,latency_s,0.019183
1756998203.574,latency_s,0.019032
1756998203.575,latency_s,0.019597
1756998203.575,latency_s,0.019305
1756998203.581,latency_s,0.019577
1756998203.581,latency_s,0.019662
1756998203.587,latency_s,0.018889
1756998203.605,latency_s,0.018428
1756998203.618,latency_s,0.021198
1756998203.618,latency_s,0.021071
1756998203.618,latency_s,0.021284
1756998203.618,latency_s,0.020787
1756998203.618,latency_s,0.018782
1756998203.622,latency_s,0.021821
1756998203.622,latency_s,0.021987
1756998203.622,latency_s,0.021701
1756998203.622,latency_s,0.022234
1756998203.622,latency_s,0.022047
1756998203.622,latency_s,0.021678
1756998203.622,latency_s,0.022001
1756998203.634,latency_s,0.020088
1756998203.644,latency_s,0.018067
1756998203.667,latency_s,0.018706
1756998203.675,latency_s,0.019034
1756998203.675,latency_s,0.018791
1756998203.675,latency_s,0.019233
1756998203.675,latency_s,0.019149
1756998203.681,latency_s,0.018507
1756998203.681,latency_s,0.018613
1756998203.687,latency_s,0.018616
1756998203.705,latency_s,0.018268
1756998203.722,latency_s,0.024552
1756998203.722,latency_s,0.024607
1756998203.722,latency_s,0.024751
1756998203.722,latency_s,0.024308
1756998203.722,latency_s,0.021890
1756998203.722,latency_s,0.021312
1756998203.722,latency_s,0.021401
1756998203.722,latency_s,0.021460
1756998203.722,latency_s,0.021738
1756998203.722,latency_s,0.021935
1756998203.722,latency_s,0.022250
1756998203.723,latency_s,0.022059
1756998203.736,latency_s,0.021500
1756998203.744,latency_s,0.018213
1756998203.767,latency_s,0.018073
1756998203.774,latency_s,0.017670
1756998203.776,latency_s,0.018722
1756998203.776,latency_s,0.018635
1756998203.776,latency_s,0.018755
1756998203.784,latency_s,0.020775
1756998203.784,latency_s,0.020980
1756998203.787,latency_s,0.018690
1756998203.805,latency_s,0.017818
1756998203.819,latency_s,0.021944
1756998203.820,latency_s,0.021753
1756998203.820,latency_s,0.022019
1756998203.820,latency_s,0.018856
1756998203.820,latency_s,0.018748
1756998203.820,latency_s,0.018545
1756998203.820,latency_s,0.019056
1756998203.823,latency_s,0.021128
1756998203.823,latency_s,0.021644
1756998203.823,latency_s,0.022263
1756998203.834,latency_s,0.033046
1756998203.834,latency_s,0.019206
1756998203.846,latency_s,0.019251
1756998203.869,latency_s,0.018044
1756998203.875,latency_s,0.018488
1756998203.877,latency_s,0.019080
1756998203.877,latency_s,0.018879
1756998203.878,latency_s,0.019898
1756998203.883,latency_s,0.018873
1756998203.883,latency_s,0.018991
1756998203.888,latency_s,0.018809
1756998203.906,latency_s,0.018770
1756998203.918,latency_s,0.019765
1756998203.918,latency_s,0.019447
1756998203.918,latency_s,0.019372
1756998203.922,latency_s,0.020989
1756998203.922,latency_s,0.020395
1756998203.922,latency_s,0.020899
1756998203.922,latency_s,0.020744
1756998203.922,latency_s,0.021190
1756998203.922,latency_s,0.020562
1756998203.933,latency_s,0.030836
1756998203.933,latency_s,0.030595
1756998203.934,latency_s,0.018463
1756998203.936,latency_s,0.138951
1756998203.936,latency_s,0.038447
1756998203.947,latency_s,0.019748
1756998203.969,latency_s,0.018622
1756998203.976,latency_s,0.019256
1756998203.976,latency_s,0.018339
1756998203.976,latency_s,0.018092
1756998203.985,latency_s,0.018842
1756998203.985,latency_s,0.018997
1756998203.989,latency_s,0.019528
1756998204.007,latency_s,0.018811
1756998204.022,latency_s,0.023677
1756998204.022,latency_s,0.023868
1756998204.022,latency_s,0.023389
1756998204.022,latency_s,0.022811
1756998204.022,latency_s,0.020849
1756998204.022,latency_s,0.021070
1756998204.022,latency_s,0.021116
1756998204.023,latency_s,0.020857
1756998204.023,latency_s,0.020726
1756998204.023,latency_s,0.020873
1756998204.023,latency_s,0.020926
1756998204.023,latency_s,0.020416
1756998204.035,latency_s,0.018503
1756998204.046,latency_s,0.018330
1756998204.070,latency_s,0.018528
1756998204.077,latency_s,0.019005
1756998204.077,latency_s,0.018348
1756998204.080,latency_s,0.019758
1756998204.085,latency_s,0.018798
1756998204.086,latency_s,0.018888
1756998204.089,latency_s,0.019317
1756998204.094,latency_s,0.136181
1756998204.094,latency_s,0.034742
1756998204.108,latency_s,0.019111
1756998204.119,latency_s,0.020038
1756998204.119,latency_s,0.019889
1756998204.119,latency_s,0.019868
1756998204.123,latency_s,0.020472
1756998204.123,latency_s,0.020638
1756998204.123,latency_s,0.020572
1756998204.123,latency_s,0.020751
1756998204.123,latency_s,0.020247
1756998204.123,latency_s,0.020508
1756998204.123,latency_s,0.020047
1756998204.123,latency_s,0.020629
1756998204.136,latency_s,0.019012
1756998204.146,latency_s,0.018728
1756998204.171,latency_s,0.019379
1756998204.179,latency_s,0.020067
1756998204.179,latency_s,0.019009
1756998204.179,latency_s,0.019108
1756998204.189,latency_s,0.021477
1756998204.189,latency_s,0.021503
1756998204.189,latency_s,0.018657
1756998204.207,latency_s,0.018393
1756998204.221,latency_s,0.021050
1756998204.221,latency_s,0.020860
1756998204.221,latency_s,0.021140
1756998204.221,latency_s,0.018145
1756998204.221,latency_s,0.018121
1756998204.225,latency_s,0.021997
1756998204.225,latency_s,0.021996
1756998204.225,latency_s,0.021931
1756998204.225,latency_s,0.022270
1756998204.225,latency_s,0.021167
1756998204.225,latency_s,0.021977
1756998204.237,latency_s,0.020081
1756998204.238,latency_s,0.138214
1756998204.238,latency_s,0.037821
1756998204.247,latency_s,0.018817
1756998204.271,latency_s,0.018676
1756998204.278,latency_s,0.018986
1756998204.280,latency_s,0.019301
1756998204.280,latency_s,0.019237
1756998204.286,latency_s,0.018127
1756998204.287,latency_s,0.018790
1756998204.289,latency_s,0.018731
1756998204.294,latency_s,0.136415
1756998204.294,latency_s,0.035944
1756998204.309,latency_s,0.019621
1756998204.320,latency_s,0.019980
1756998204.320,latency_s,0.019373
1756998204.320,latency_s,0.019401
1756998204.320,latency_s,0.019517
1756998204.324,latency_s,0.020619
1756998204.324,latency_s,0.020681
1756998204.324,latency_s,0.020500
1756998204.324,latency_s,0.020331
1756998204.324,latency_s,0.020601
1756998204.324,latency_s,0.020099
1756998204.324,latency_s,0.020299
1756998204.324,latency_s,0.019215
1756998204.338,latency_s,0.020187
1756998204.348,latency_s,0.019497
1756998204.372,latency_s,0.019207
1756998204.377,latency_s,0.018408
1756998204.379,latency_s,0.019140
1756998204.379,latency_s,0.017947
1756998204.381,latency_s,0.019513
1756998204.387,latency_s,0.018276
1756998204.388,latency_s,0.017995
1756998204.389,latency_s,0.017643
1756998204.409,latency_s,0.018844
1756998204.419,latency_s,0.018197
1756998204.423,latency_s,0.019440
1756998204.423,latency_s,0.019275
1756998204.423,latency_s,0.019757
1756998204.423,latency_s,0.018743
1756998204.423,latency_s,0.019397
1756998204.423,latency_s,0.019016
1756998204.423,latency_s,0.019312
1756998204.424,latency_s,0.018999
1756998204.424,latency_s,0.019095
1756998204.426,latency_s,0.020378
1756998204.426,latency_s,0.021308
1756998204.438,latency_s,0.020055
1756998204.449,latency_s,0.019466
1756998204.472,latency_s,0.018787
1756998204.480,latency_s,0.021150
1756998204.480,latency_s,0.020526
1756998204.480,latency_s,0.018770
1756998204.481,latency_s,0.018935
1756998204.488,latency_s,0.019130
1756998204.491,latency_s,0.018625
1756998204.491,latency_s,0.018734
1756998204.509,latency_s,0.018845
1756998204.523,latency_s,0.021633
1756998204.523,latency_s,0.019059
1756998204.539,latency_s,0.035082
1756998204.539,latency_s,0.035143
1756998204.539,latency_s,0.034294
1756998204.539,latency_s,0.034932
1756998204.539,latency_s,0.034789
1756998204.539,latency_s,0.034665
1756998204.540,latency_s,0.034244
1756998204.540,latency_s,0.034044
1756998204.540,latency_s,0.034754
1756998204.540,latency_s,0.033875
1756998204.540,latency_s,0.021480
1756998204.549,latency_s,0.019572
1756998204.573,latency_s,0.019357
1756998204.581,latency_s,0.020462
1756998204.581,latency_s,0.020875
1756998204.581,latency_s,0.018832
1756998204.581,latency_s,0.018923
1756998204.587,latency_s,0.018133
1756998204.591,latency_s,0.018775
1756998204.591,latency_s,0.018828
1756998204.609,latency_s,0.018490
1756998204.620,latency_s,0.018734
1756998204.623,latency_s,0.019239
1756998204.624,latency_s,0.018997
1756998204.624,latency_s,0.019043
1756998204.624,latency_s,0.018686
1756998204.624,latency_s,0.019195
1756998204.624,latency_s,0.018326
1756998204.626,latency_s,0.021039
1756998204.626,latency_s,0.020337
1756998204.626,latency_s,0.020767
1756998204.626,latency_s,0.019931
1756998204.626,latency_s,0.020141
1756998204.640,latency_s,0.021018
1756998204.649,latency_s,0.018629
1756998204.673,latency_s,0.018874
1756998204.679,latency_s,0.018486
1756998204.682,latency_s,0.020121
1756998204.682,latency_s,0.019964
1756998204.682,latency_s,0.018806
1756998204.688,latency_s,0.018708
1756998204.691,latency_s,0.018007
1756998204.691,latency_s,0.018045
1756998204.711,latency_s,0.019040
1756998204.720,latency_s,0.018167
1756998204.724,latency_s,0.019213
1756998204.724,latency_s,0.019489
1756998204.725,latency_s,0.019473
1756998204.725,latency_s,0.019221
1756998204.725,latency_s,0.019245
1756998204.725,latency_s,0.019517
1756998204.725,latency_s,0.018713
1756998204.725,latency_s,0.018569
1756998204.725,latency_s,0.018036
1756998204.740,latency_s,0.033535
1756998204.740,latency_s,0.020970
1756998204.750,latency_s,0.018224
1756998204.774,latency_s,0.019274
1756998204.781,latency_s,0.018695
1756998204.781,latency_s,0.018524
1756998204.781,latency_s,0.017912
1756998204.783,latency_s,0.018706
1756998204.788,latency_s,0.018470
1756998204.792,latency_s,0.018637
1756998204.792,latency_s,0.018703
1756998204.810,latency_s,0.018455
1756998204.821,latency_s,0.018773
1756998204.827,latency_s,0.020873
1756998204.827,latency_s,0.021184
1756998204.827,latency_s,0.020913
1756998204.827,latency_s,0.020833
1756998204.827,latency_s,0.021067
1756998204.827,latency_s,0.020949
1756998204.827,latency_s,0.020515
1756998204.827,latency_s,0.020108
1756998204.827,latency_s,0.019863
1756998204.827,latency_s,0.020665
1756998204.841,latency_s,0.021044
1756998204.849,latency_s,0.142966
1756998204.849,latency_s,0.042899
1756998204.851,latency_s,0.018809
1756998204.874,latency_s,0.018822
1756998204.881,latency_s,0.018721
1756998204.881,latency_s,0.018566
1756998204.884,latency_s,0.018200
1756998204.886,latency_s,0.018420
1756998204.889,latency_s,0.018379
1756998204.892,latency_s,0.018498
1756998204.892,latency_s,0.018149
1756998204.911,latency_s,0.018628
1756998204.923,latency_s,0.020322
1756998204.924,latency_s,0.018381
1756998204.925,latency_s,0.018430
1756998204.925,latency_s,0.018623
1756998204.925,latency_s,0.018306
1756998204.925,latency_s,0.018132
1756998204.928,latency_s,0.021407
1756998204.928,latency_s,0.020679
1756998204.928,latency_s,0.020884
1756998204.928,latency_s,0.021659
1756998204.928,latency_s,0.020476
1756998204.940,latency_s,0.019909
1756998204.952,latency_s,0.019207
1756998204.974,latency_s,0.017983
1756998204.981,latency_s,0.018328
1756998204.981,latency_s,0.018463
1756998204.984,latency_s,0.017670
1756998204.986,latency_s,0.017854
1756998204.988,latency_s,0.017354
1756998204.993,latency_s,0.018928
1756998204.993,latency_s,0.018012
1756998205.012,latency_s,0.018806
1756998205.022,latency_s,0.018493
1756998205.025,latency_s,0.019205
1756998205.026,latency_s,0.019065
1756998205.026,latency_s,0.018947
1756998205.026,latency_s,0.018805
1756998205.026,latency_s,0.018439
1756998205.026,latency_s,0.018503
1756998205.028,latency_s,0.020712
1756998205.029,latency_s,0.021478
1756998205.029,latency_s,0.021257
1756998205.029,latency_s,0.021086
1756998205.040,latency_s,0.018493
1756998205.046,latency_s,0.140367
1756998205.046,latency_s,0.040071
1756998205.052,latency_s,0.018508
1756998205.075,latency_s,0.019213
1756998205.082,latency_s,0.018306
1756998205.084,latency_s,0.019301
1756998205.085,latency_s,0.018157
1756998205.087,latency_s,0.018577
1756998205.090,latency_s,0.018574
1756998205.094,latency_s,0.018777
1756998205.094,latency_s,0.017895
1756998205.113,latency_s,0.018677
1756998205.123,latency_s,0.018410
1756998205.128,latency_s,0.022198
1756998205.129,latency_s,0.021967
1756998205.129,latency_s,0.021601
1756998205.129,latency_s,0.021917
1756998205.129,latency_s,0.021025
1756998205.129,latency_s,0.021015
1756998205.129,latency_s,0.021641
1756998205.129,latency_s,0.020468
1756998205.129,latency_s,0.020546
1756998205.129,latency_s,0.020880
1756998205.129,latency_s,0.020613
1756998205.140,latency_s,0.018990
1756998205.152,latency_s,0.018665
1756998205.175,latency_s,0.018430
1756998205.183,latency_s,0.018214
1756998205.187,latency_s,0.020627
1756998205.187,latency_s,0.020022
1756998205.187,latency_s,0.018224
1756998205.191,latency_s,0.019103
1756998205.195,latency_s,0.018266
1756998205.195,latency_s,0.018237
1756998205.213,latency_s,0.018723
1756998205.228,latency_s,0.020666
1756998205.228,latency_s,0.020883
1756998205.229,latency_s,0.020925
1756998205.229,latency_s,0.020648
1756998205.229,latency_s,0.020881
1756998205.244,latency_s,0.035081
1756998205.244,latency_s,0.034761
1756998205.244,latency_s,0.034996
1756998205.244,latency_s,0.034806
1756998205.244,latency_s,0.035761
1756998205.244,latency_s,0.034909
1756998205.244,latency_s,0.034837
1756998205.244,latency_s,0.021796
1756998205.253,latency_s,0.019131
1756998205.275,latency_s,0.018625
1756998205.283,latency_s,0.018270
1756998205.287,latency_s,0.019723
1756998205.287,latency_s,0.019867
1756998205.288,latency_s,0.018263
1756998205.290,latency_s,0.017924
1756998205.296,latency_s,0.019305
1756998205.296,latency_s,0.018959
1756998205.314,latency_s,0.019022
1756998205.328,latency_s,0.019695
1756998205.328,latency_s,0.019830
1756998205.328,latency_s,0.019852
1756998205.328,latency_s,0.019773
1756998205.328,latency_s,0.019200
1756998205.328,latency_s,0.019113
1756998205.330,latency_s,0.021075
1756998205.331,latency_s,0.020730
1756998205.331,latency_s,0.020876
1756998205.331,latency_s,0.020349
1756998205.344,latency_s,0.033563
1756998205.344,latency_s,0.020475
1756998205.353,latency_s,0.018269
1756998205.376,latency_s,0.018798
1756998205.384,latency_s,0.018575
1756998205.389,latency_s,0.020571
1756998205.389,latency_s,0.020656
1756998205.390,latency_s,0.019797
1756998205.391,latency_s,0.018020
1756998205.396,latency_s,0.018562
1756998205.396,latency_s,0.018281
1756998205.414,latency_s,0.018622
1756998205.427,latency_s,0.018634
1756998205.427,latency_s,0.018532
1756998205.427,latency_s,0.018601
1756998205.429,latency_s,0.020766
1756998205.429,latency_s,0.020396
1756998205.429,latency_s,0.020053
1756998205.429,latency_s,0.019688
1756998205.429,latency_s,0.019383
1756998205.429,latency_s,0.019417
1756998205.430,latency_s,0.019101
1756998205.430,latency_s,0.019047
1756998205.445,latency_s,0.021011
1756998205.448,latency_s,0.139706
1756998205.448,latency_s,0.039530
1756998205.455,latency_s,0.019680
1756998205.477,latency_s,0.019462
1756998205.485,latency_s,0.018231
1756998205.490,latency_s,0.020813
1756998205.490,latency_s,0.019775
1756998205.490,latency_s,0.021101
1756998205.492,latency_s,0.018638
1756998205.497,latency_s,0.018389
1756998205.497,latency_s,0.018349
1756998205.515,latency_s,0.018555
1756998205.529,latency_s,0.019834
1756998205.529,latency_s,0.019552
1756998205.529,latency_s,0.020218
1756998205.529,latency_s,0.019267
1756998205.529,latency_s,0.020004
1756998205.529,latency_s,0.020233
1756998205.532,latency_s,0.020991
1756998205.532,latency_s,0.021154
1756998205.532,latency_s,0.021629
1756998205.532,latency_s,0.021484
1756998205.533,latency_s,0.021575
1756998205.546,latency_s,0.034938
1756998205.546,latency_s,0.021711
1756998205.556,latency_s,0.019313
1756998205.576,latency_s,0.018324
1756998205.585,latency_s,0.018569
1756998205.590,latency_s,0.018621
1756998205.590,latency_s,0.017751
1756998205.590,latency_s,0.017549
1756998205.592,latency_s,0.018463
1756998205.600,latency_s,0.019301
1756998205.600,latency_s,0.019664
1756998205.616,latency_s,0.019645
1756998205.629,latency_s,0.019977
1756998205.629,latency_s,0.018961
1756998205.629,latency_s,0.018925
1756998205.629,latency_s,0.019194
1756998205.629,latency_s,0.018724
1756998205.629,latency_s,0.019253
1756998205.629,latency_s,0.018000
1756998205.630,latency_s,0.018047
1756998205.632,latency_s,0.020994
1756998205.633,latency_s,0.020701
1756998205.633,latency_s,0.021071
1756998205.645,latency_s,0.033328
1756998205.645,latency_s,0.020276
1756998205.656,latency_s,0.018945
1756998205.678,latency_s,0.019668
1756998205.685,latency_s,0.018362
1756998205.692,latency_s,0.019900
1756998205.692,latency_s,0.019586
1756998205.695,latency_s,0.019739
1756998205.695,latency_s,0.020429
1756998205.699,latency_s,0.018487
1756998205.699,latency_s,0.018346
1756998205.715,latency_s,0.018379
1756998205.731,latency_s,0.021146
1756998205.731,latency_s,0.020324
1756998205.746,latency_s,0.035665
1756998205.746,latency_s,0.035702
1756998205.746,latency_s,0.035238
1756998205.746,latency_s,0.035743
1756998205.746,latency_s,0.033634
1756998205.746,latency_s,0.033484
1756998205.746,latency_s,0.033092
1756998205.746,latency_s,0.033773
1756998205.746,latency_s,0.033412
1756998205.747,latency_s,0.033311
1756998205.747,latency_s,0.021258
1756998205.793,latency_s,0.055773
1756998205.793,latency_s,0.034083
1756998205.794,latency_s,0.025800
1756998205.794,latency_s,0.019903
1756998205.794,latency_s,0.019896
1756998205.802,latency_s,0.027025
1756998205.802,latency_s,0.026398
1756998205.802,latency_s,0.020200
1756998205.802,latency_s,0.020259
1756998205.816,latency_s,0.018280
1756998205.829,latency_s,0.018484
1756998205.829,latency_s,0.017670
1756998205.829,latency_s,0.017804
1756998205.831,latency_s,0.019966
1756998205.831,latency_s,0.019481
1756998205.831,latency_s,0.019418
1756998205.844,latency_s,0.030403
1756998205.844,latency_s,0.030678
1756998205.844,latency_s,0.030964
1756998205.844,latency_s,0.030178
1756998205.844,latency_s,0.030107
1756998205.844,latency_s,0.031079
1756998205.845,latency_s,0.019966
1756998205.857,latency_s,0.019026
1756998205.879,latency_s,0.018762
1756998205.886,latency_s,0.017935
1756998205.894,latency_s,0.019400
1756998205.894,latency_s,0.019535
1756998205.894,latency_s,0.018703
1756998205.894,latency_s,0.018176
1756998205.908,latency_s,0.025831
1756998205.908,latency_s,0.025295
1756998205.916,latency_s,0.018414
1756998205.929,latency_s,0.018657
1756998205.933,latency_s,0.020942
1756998205.933,latency_s,0.020993
1756998205.933,latency_s,0.020928
1756998205.944,latency_s,0.032201
1756998205.944,latency_s,0.031770
1756998205.944,latency_s,0.030808
1756998205.944,latency_s,0.030203
1756998205.944,latency_s,0.030447
1756998205.944,latency_s,0.030113
1756998205.944,latency_s,0.030457
1756998205.944,latency_s,0.030075
1756998205.945,latency_s,0.019334
1756998205.959,latency_s,0.020487
1756998205.979,latency_s,0.018884
1756998205.987,latency_s,0.018836
1756998205.995,latency_s,0.020059
1756998205.995,latency_s,0.020068
1756998205.995,latency_s,0.019062
1756998205.995,latency_s,0.018472
1756998206.009,latency_s,0.026308
1756998206.009,latency_s,0.026209
1756998206.018,latency_s,0.019392
1756998206.032,latency_s,0.021510
1756998206.032,latency_s,0.020443
1756998206.033,latency_s,0.020422
1756998206.033,latency_s,0.020299
1756998206.033,latency_s,0.020222
1756998206.044,latency_s,0.031074
1756998206.044,latency_s,0.030171
1756998206.044,latency_s,0.029670
1756998206.044,latency_s,0.029760
1756998206.044,latency_s,0.030657
1756998206.044,latency_s,0.029504
1756998206.044,latency_s,0.030143
1756998206.047,latency_s,0.020213
1756998206.058,latency_s,0.019514
1756998206.081,latency_s,0.019046
1756998206.087,latency_s,0.018037
1756998206.096,latency_s,0.019562
1756998206.096,latency_s,0.019024
1756998206.096,latency_s,0.019547
1756998206.096,latency_s,0.019126
1756998206.103,latency_s,0.018264
1756998206.103,latency_s,0.018497
1756998206.118,latency_s,0.018454
1756998206.131,latency_s,0.018966
1756998206.131,latency_s,0.018871
1756998206.131,latency_s,0.018777
1756998206.131,latency_s,0.018649
1756998206.133,latency_s,0.019429
1756998206.133,latency_s,0.019448
1756998206.133,latency_s,0.018733
1756998206.133,latency_s,0.017928
1756998206.146,latency_s,0.032042
1756998206.147,latency_s,0.032305
1756998206.147,latency_s,0.031896
1756998206.147,latency_s,0.020465
1756998206.159,latency_s,0.018959
1756998206.181,latency_s,0.018939
1756998206.188,latency_s,0.018734
1756998206.197,latency_s,0.020717
1756998206.197,latency_s,0.020786
1756998206.197,latency_s,0.020636
1756998206.197,latency_s,0.019124
1756998206.203,latency_s,0.018047
1756998206.204,latency_s,0.018263
1756998206.218,latency_s,0.019112
1756998206.231,latency_s,0.018607
1756998206.231,latency_s,0.018260
1756998206.231,latency_s,0.017962
1756998206.231,latency_s,0.018232
1756998206.248,latency_s,0.033877
1756998206.248,latency_s,0.033953
1756998206.248,latency_s,0.033479
1756998206.248,latency_s,0.033139
1756998206.248,latency_s,0.033063
1756998206.248,latency_s,0.033991
1756998206.248,latency_s,0.032597
1756998206.248,latency_s,0.020874
1756998206.261,latency_s,0.145668
1756998206.261,latency_s,0.045530
1756998206.261,latency_s,0.021031
1756998206.281,latency_s,0.018632
1756998206.288,latency_s,0.018123
1756998206.296,latency_s,0.019400
1756998206.296,latency_s,0.019268
1756998206.296,latency_s,0.019325
1756998206.298,latency_s,0.018692
1756998206.310,latency_s,0.024254
1756998206.310,latency_s,0.023796
1756998206.319,latency_s,0.018638
1756998206.333,latency_s,0.020741
1756998206.333,latency_s,0.020299
1756998206.333,latency_s,0.020302
1756998206.333,latency_s,0.020206
1756998206.333,latency_s,0.019168
1756998206.348,latency_s,0.034060
1756998206.349,latency_s,0.034473
1756998206.349,latency_s,0.033918
1756998206.349,latency_s,0.032902
1756998206.349,latency_s,0.033106
1756998206.349,latency_s,0.033429
1756998206.349,latency_s,0.033435
1756998206.349,latency_s,0.020959
1756998206.359,latency_s,0.019014
1756998206.383,latency_s,0.019888
1756998206.389,latency_s,0.018416
1756998206.398,latency_s,0.020298
1756998206.398,latency_s,0.020204
1756998206.398,latency_s,0.019220
1756998206.398,latency_s,0.018477
1756998206.406,latency_s,0.019129
1756998206.412,latency_s,0.025393
1756998206.418,latency_s,0.017947
1756998206.432,latency_s,0.019031
1756998206.432,latency_s,0.018976
1756998206.432,latency_s,0.018830
1756998206.436,latency_s,0.022144
1756998206.436,latency_s,0.021642
1756998206.447,latency_s,0.032487
1756998206.447,latency_s,0.032062
1756998206.447,latency_s,0.032435
1756998206.447,latency_s,0.031483
1756998206.447,latency_s,0.031347
1756998206.447,latency_s,0.031286
1756998206.447,latency_s,0.030826
1756998206.447,latency_s,0.019158
1756998206.461,latency_s,0.019582
1756998206.482,latency_s,0.018731
1756998206.489,latency_s,0.018176
1756998206.497,latency_s,0.018893
1756998206.499,latency_s,0.018801
1756998206.501,latency_s,0.019150
1756998206.501,latency_s,0.019248
1756998206.505,latency_s,0.017909
1756998206.505,latency_s,0.018121
1756998206.519,latency_s,0.018563
1756998206.535,latency_s,0.021607
1756998206.535,latency_s,0.021727
1756998206.535,latency_s,0.021858
1756998206.535,latency_s,0.020834
1756998206.535,latency_s,0.020598
1756998206.535,latency_s,0.020612
1756998206.536,latency_s,0.020222
1756998206.550,latency_s,0.033879
1756998206.550,latency_s,0.035061
1756998206.550,latency_s,0.033242
1756998206.550,latency_s,0.033100
1756998206.550,latency_s,0.032724
1756998206.550,latency_s,0.021623
1756998206.560,latency_s,0.018953
1756998206.583,latency_s,0.018937
1756998206.590,latency_s,0.019146
1756998206.597,latency_s,0.018016
1756998206.599,latency_s,0.017953
1756998206.601,latency_s,0.018087
1756998206.601,latency_s,0.018369
1756998206.606,latency_s,0.018736
1756998206.606,latency_s,0.018566
1756998206.620,latency_s,0.018494
1756998206.634,latency_s,0.020433
1756998206.634,latency_s,0.020305
1756998206.634,latency_s,0.020398
1756998206.634,latency_s,0.019292
1756998206.634,latency_s,0.019434
1756998206.635,latency_s,0.019144
1756998206.635,latency_s,0.018924
1756998206.635,latency_s,0.019575
1756998206.635,latency_s,0.018350
1756998206.650,latency_s,0.033054
1756998206.650,latency_s,0.032817
1756998206.650,latency_s,0.032350
1756998206.650,latency_s,0.021413
1756998206.661,latency_s,0.018909
1756998206.683,latency_s,0.018743
1756998206.690,latency_s,0.018272
1756998206.698,latency_s,0.019119
1756998206.699,latency_s,0.017718
1756998206.701,latency_s,0.018453
1756998206.701,latency_s,0.018193
1756998206.708,latency_s,0.018990
1756998206.708,latency_s,0.018244
1756998206.720,latency_s,0.018413
1756998206.736,latency_s,0.021938
1756998206.736,latency_s,0.021962
1756998206.736,latency_s,0.021967
1756998206.736,latency_s,0.021060
1756998206.736,latency_s,0.020924
1756998206.736,latency_s,0.020658
1756998206.736,latency_s,0.020584
1756998206.736,latency_s,0.021234
1756998206.736,latency_s,0.019091
1756998206.749,latency_s,0.032733
1756998206.750,latency_s,0.031639
1756998206.750,latency_s,0.031233
1756998206.750,latency_s,0.020120
1756998206.761,latency_s,0.019123
1756998206.784,latency_s,0.019364
1756998206.792,latency_s,0.019355
1756998206.799,latency_s,0.019654
1756998206.800,latency_s,0.018258
1756998206.802,latency_s,0.018800
1756998206.802,latency_s,0.018577
1756998206.808,latency_s,0.019574
1756998206.808,latency_s,0.018658
1756998206.821,latency_s,0.018417
1756998206.833,latency_s,0.018363
1756998206.833,latency_s,0.017616
1756998206.836,latency_s,0.020085
1756998206.836,latency_s,0.020225
1756998206.836,latency_s,0.019823
1756998206.836,latency_s,0.019893
1756998206.836,latency_s,0.020263
1756998206.836,latency_s,0.019903
1756998206.836,latency_s,0.018995
1756998206.850,latency_s,0.032149
1756998206.850,latency_s,0.031018
1756998206.850,latency_s,0.031075
1756998206.850,latency_s,0.019564
1756998206.861,latency_s,0.018991
1756998206.884,latency_s,0.018562
1756998206.892,latency_s,0.018137
1756998206.899,latency_s,0.019246
1756998206.901,latency_s,0.018398
1756998206.906,latency_s,0.018840
1756998206.906,latency_s,0.018766
1756998206.907,latency_s,0.018158
1756998206.909,latency_s,0.018311
1756998206.922,latency_s,0.019212
1756998206.936,latency_s,0.020531
1756998206.936,latency_s,0.019185
1756998206.936,latency_s,0.018908
1756998206.936,latency_s,0.019039
1756998206.936,latency_s,0.019098
1756998206.936,latency_s,0.019358
1756998206.936,latency_s,0.018975
1756998206.936,latency_s,0.018308
1756998206.936,latency_s,0.018218
1756998206.938,latency_s,0.020054
1756998206.951,latency_s,0.031997
1756998206.951,latency_s,0.031791
1756998206.951,latency_s,0.020786
1756998206.961,latency_s,0.018379
1756998206.984,latency_s,0.018149
1756998206.993,latency_s,0.018542
1756998207.000,latency_s,0.019269
1756998207.002,latency_s,0.018484
1756998207.008,latency_s,0.018812
1756998207.008,latency_s,0.018620
1756998207.008,latency_s,0.017883
1756998207.021,latency_s,0.018253
1756998207.039,latency_s,0.023911
1756998207.040,latency_s,0.022846
1756998207.040,latency_s,0.023047
1756998207.040,latency_s,0.022712
1756998207.040,latency_s,0.022712
1756998207.040,latency_s,0.022672
1756998207.040,latency_s,0.021466
1756998207.040,latency_s,0.021335
1756998207.040,latency_s,0.021266
1756998207.040,latency_s,0.021290
1756998207.052,latency_s,0.031764
1756998207.052,latency_s,0.031684
1756998207.052,latency_s,0.020666
1756998207.062,latency_s,0.018755
1756998207.085,latency_s,0.018825
1756998207.094,latency_s,0.018858
1756998207.100,latency_s,0.019424
1756998207.103,latency_s,0.018460
1756998207.109,latency_s,0.018520
1756998207.109,latency_s,0.018154
1756998207.111,latency_s,0.018084
1756998207.122,latency_s,0.018236
1756998207.128,latency_s,0.139258
1756998207.128,latency_s,0.037705
1756998207.134,latency_s,0.018751
1756998207.135,latency_s,0.017832
1756998207.137,latency_s,0.019563
1756998207.137,latency_s,0.019583
1756998207.137,latency_s,0.019436
1756998207.139,latency_s,0.021148
1756998207.139,latency_s,0.019871
1756998207.139,latency_s,0.019795
1756998207.139,latency_s,0.019954
1756998207.139,latency_s,0.019485
1756998207.144,latency_s,0.023767
1756998207.144,latency_s,0.023524
1756998207.151,latency_s,0.019654
1756998207.162,latency_s,0.018147
1756998207.185,latency_s,0.018149
1756998207.195,latency_s,0.019342
1756998207.201,latency_s,0.020236
1756998207.205,latency_s,0.018087
1756998207.212,latency_s,0.021135
1756998207.212,latency_s,0.021000
1756998207.212,latency_s,0.020720
1756998207.212,latency_s,0.018543
1756998207.222,latency_s,0.018410
1756998207.238,latency_s,0.021373
1756998207.239,latency_s,0.020797
1756998207.239,latency_s,0.020869
1756998207.239,latency_s,0.021307
1756998207.239,latency_s,0.021066
1756998207.239,latency_s,0.021259
1756998207.239,latency_s,0.020416
1756998207.239,latency_s,0.020196
1756998207.239,latency_s,0.019990
1756998207.240,latency_s,0.019779
1756998207.240,latency_s,0.018993
1756998207.253,latency_s,0.032136
1756998207.253,latency_s,0.020759
1756998207.263,latency_s,0.018298
1756998207.286,latency_s,0.018833
1756998207.294,latency_s,0.018494
1756998207.300,latency_s,0.018094
1756998207.306,latency_s,0.018213
1756998207.309,latency_s,0.018578
1756998207.310,latency_s,0.018478
1756998207.310,latency_s,0.018288
1756998207.312,latency_s,0.017919
1756998207.323,latency_s,0.018354
1756998207.339,latency_s,0.022237
1756998207.339,latency_s,0.021412
1756998207.352,latency_s,0.034091
1756998207.352,latency_s,0.034180
1756998207.352,latency_s,0.034195
1756998207.353,latency_s,0.034176
1756998207.353,latency_s,0.033300
1756998207.353,latency_s,0.032927
1756998207.353,latency_s,0.033587
1756998207.353,latency_s,0.032409
1756998207.353,latency_s,0.031566
1756998207.353,latency_s,0.031529
1756998207.353,latency_s,0.020146
1756998207.365,latency_s,0.020100
1756998207.386,latency_s,0.018640
1756998207.395,latency_s,0.018818
1756998207.402,latency_s,0.019743
1756998207.408,latency_s,0.019169
1756998207.410,latency_s,0.018820
1756998207.411,latency_s,0.018965
1756998207.411,latency_s,0.018913
1756998207.413,latency_s,0.018068
1756998207.424,latency_s,0.018405
1756998207.439,latency_s,0.021693
1756998207.440,latency_s,0.021236
1756998207.440,latency_s,0.021426
1756998207.440,latency_s,0.021074
1756998207.440,latency_s,0.020865
1756998207.440,latency_s,0.020543
1756998207.440,latency_s,0.020543
1756998207.440,latency_s,0.020896
1756998207.440,latency_s,0.020264
1756998207.454,latency_s,0.032174
1756998207.454,latency_s,0.031206
1756998207.454,latency_s,0.031638
1756998207.454,latency_s,0.019720
1756998207.464,latency_s,0.018523
1756998207.487,latency_s,0.019045
1756998207.495,latency_s,0.018599
1756998207.502,latency_s,0.018862
1756998207.508,latency_s,0.018250
1756998207.511,latency_s,0.019065
1756998207.511,latency_s,0.019041
1756998207.511,latency_s,0.019141
1756998207.515,latency_s,0.018536
1756998207.523,latency_s,0.017924
1756998207.540,latency_s,0.021966
1756998207.540,latency_s,0.021339
1756998207.540,latency_s,0.021314
1756998207.540,latency_s,0.021195
1756998207.541,latency_s,0.021106
1756998207.541,latency_s,0.020762
1756998207.541,latency_s,0.020684
1756998207.541,latency_s,0.021070
1756998207.541,latency_s,0.020661
1756998207.554,latency_s,0.031512
1756998207.554,latency_s,0.030784
1756998207.554,latency_s,0.030846
1756998207.554,latency_s,0.019222
1756998207.565,latency_s,0.018725
1756998207.588,latency_s,0.019355
1756998207.595,latency_s,0.018477
1756998207.603,latency_s,0.019806
1756998207.610,latency_s,0.019688
1756998207.613,latency_s,0.019765
1756998207.613,latency_s,0.020144
1756998207.613,latency_s,0.019933
1756998207.616,latency_s,0.018847
1756998207.626,latency_s,0.019681
1756998207.640,latency_s,0.021465
1756998207.640,latency_s,0.020548
1756998207.640,latency_s,0.020116
1756998207.640,latency_s,0.020109
1756998207.640,latency_s,0.020105
1756998207.640,latency_s,0.019975
1756998207.640,latency_s,0.019151
1756998207.643,latency_s,0.020589
1756998207.643,latency_s,0.019404
1756998207.643,latency_s,0.019437
1756998207.655,latency_s,0.020404
1756998207.667,latency_s,0.019340
1756998207.688,latency_s,0.018500
1756998207.696,latency_s,0.018432
1756998207.703,latency_s,0.018678
1756998207.710,latency_s,0.018797
1756998207.711,latency_s,0.018344
1756998207.711,latency_s,0.018449
1756998207.712,latency_s,0.018372
1756998207.718,latency_s,0.018239
1756998207.725,latency_s,0.017993
1756998207.743,latency_s,0.023953
1756998207.743,latency_s,0.023310
1756998207.743,latency_s,0.023171
1756998207.743,latency_s,0.023008
1756998207.743,latency_s,0.022938
1756998207.744,latency_s,0.023215
1756998207.744,latency_s,0.022184
1756998207.744,latency_s,0.020901
1756998207.744,latency_s,0.019444
1756998207.744,latency_s,0.019619
1756998207.754,latency_s,0.018582
1756998207.758,latency_s,0.138267
1756998207.759,latency_s,0.139354
1756998207.759,latency_s,0.037437
1756998207.759,latency_s,0.039178
1756998207.766,latency_s,0.018494
1756998207.789,latency_s,0.018950
1756998207.796,latency_s,0.017753
1756998207.804,latency_s,0.018619
1756998207.814,latency_s,0.021483
1756998207.814,latency_s,0.020201
1756998207.814,latency_s,0.019995
1756998207.814,latency_s,0.020736
1756998207.819,latency_s,0.018768
1756998207.825,latency_s,0.017702
1756998207.840,latency_s,0.020240
1756998207.840,latency_s,0.019474
1756998207.840,latency_s,0.019202
1756998207.840,latency_s,0.018932
1756998207.840,latency_s,0.019404
1756998207.840,latency_s,0.019373
1756998207.840,latency_s,0.018609
1756998207.840,latency_s,0.018672
1756998207.843,latency_s,0.019821
1756998207.855,latency_s,0.029552
1756998207.855,latency_s,0.018842
1756998207.869,latency_s,0.019993
1756998207.890,latency_s,0.019360
1756998207.898,latency_s,0.019356
1756998207.905,latency_s,0.018976
1756998207.915,latency_s,0.020675
1756998207.915,latency_s,0.020539
1756998207.915,latency_s,0.020559
1756998207.915,latency_s,0.020463
1756998207.920,latency_s,0.018835
1756998207.925,latency_s,0.017850
1756998207.940,latency_s,0.020557
1756998207.941,latency_s,0.019478
1756998207.941,latency_s,0.019420
1756998207.941,latency_s,0.019193
1756998207.941,latency_s,0.019210
1756998207.941,latency_s,0.018884
1756998207.959,latency_s,0.037376
1756998207.959,latency_s,0.037693
1756998207.960,latency_s,0.035615
1756998207.960,latency_s,0.033672
1756998207.960,latency_s,0.023325
1756998207.960,latency_s,0.138182
1756998207.960,latency_s,0.037993
1756998207.970,latency_s,0.144644
1756998207.970,latency_s,0.043661
1756998207.970,latency_s,0.021486
1756998207.989,latency_s,0.018899
1756998207.998,latency_s,0.019137
1756998208.006,latency_s,0.020337
1756998208.013,latency_s,0.018659
1756998208.015,latency_s,0.020559
1756998208.015,latency_s,0.018270
1756998208.015,latency_s,0.018208
1756998208.023,latency_s,0.020422
1756998208.027,latency_s,0.018603
1756998208.040,latency_s,0.019657
1756998208.040,latency_s,0.018904
1756998208.042,latency_s,0.020622
1756998208.042,latency_s,0.020353
1756998208.042,latency_s,0.020567
1756998208.042,latency_s,0.019848
1756998208.043,latency_s,0.020091
1756998208.055,latency_s,0.032509
1756998208.056,latency_s,0.033756
1756998208.056,latency_s,0.030613
1756998208.056,latency_s,0.028132
1756998208.056,latency_s,0.028149
1756998208.056,latency_s,0.018827
1756998208.068,latency_s,0.018413
1756998208.091,latency_s,0.019633
1756998208.098,latency_s,0.019140
1756998208.106,latency_s,0.019649
1756998208.115,latency_s,0.019703
1756998208.115,latency_s,0.019699
1756998208.116,latency_s,0.019175
1756998208.116,latency_s,0.018906
1756998208.122,latency_s,0.017564
1756998208.128,latency_s,0.018602
1756998208.140,latency_s,0.019065
1756998208.140,latency_s,0.018293
1756998208.140,latency_s,0.018330
1756998208.144,latency_s,0.021413
1756998208.144,latency_s,0.021461
1756998208.144,latency_s,0.021282
1756998208.144,latency_s,0.021250
1756998208.144,latency_s,0.020948
1756998208.144,latency_s,0.021035
1756998208.145,latency_s,0.019039
1756998208.156,latency_s,0.028214
1756998208.157,latency_s,0.027997
1756998208.157,latency_s,0.017859
1756998208.169,latency_s,0.018703
1756998208.191,latency_s,0.018980
1756998208.199,latency_s,0.018523
1756998208.230,latency_s,0.043552
1756998208.231,latency_s,0.035573
1756998208.231,latency_s,0.035123
1756998208.231,latency_s,0.033458
1756998208.231,latency_s,0.033143
1756998208.231,latency_s,0.026124
1756998208.231,latency_s,0.021385
1756998208.242,latency_s,0.020309
1756998208.245,latency_s,0.022131
1756998208.245,latency_s,0.022055
1756998208.245,latency_s,0.021841
1756998208.245,latency_s,0.022439
1756998208.245,latency_s,0.021073
1756998208.245,latency_s,0.021930
1756998208.245,latency_s,0.021134
1756998208.245,latency_s,0.019501
1756998208.245,latency_s,0.019349
1756998208.260,latency_s,0.030819
1756998208.260,latency_s,0.030745
1756998208.260,latency_s,0.021379
1756998208.268,latency_s,0.018295
1756998208.291,latency_s,0.018978
1756998208.299,latency_s,0.018700
1756998208.306,latency_s,0.018505
1756998208.314,latency_s,0.019015
1756998208.314,latency_s,0.018404
1756998208.317,latency_s,0.019000
1756998208.317,latency_s,0.018779
1756998208.324,latency_s,0.018941
1756998208.329,latency_s,0.019423
1756998208.340,latency_s,0.018270
1756998208.340,latency_s,0.017678
1756998208.341,latency_s,0.017761
1756998208.343,latency_s,0.020100
1756998208.344,latency_s,0.020053
1756998208.355,latency_s,0.030158
1756998208.355,latency_s,0.030243
1756998208.355,latency_s,0.030204
1756998208.355,latency_s,0.029303
1756998208.355,latency_s,0.028952
1756998208.356,latency_s,0.024464
1756998208.356,latency_s,0.024485
1756998208.358,latency_s,0.018619
1756998208.370,latency_s,0.018944
1756998208.392,latency_s,0.019840
1756998208.399,latency_s,0.018486
1756998208.407,latency_s,0.018709
1756998208.414,latency_s,0.018805
1756998208.418,latency_s,0.019124
1756998208.418,latency_s,0.018096
1756998208.418,latency_s,0.018277
1756998208.424,latency_s,0.018842
1756998208.428,latency_s,0.018217
1756998208.441,latency_s,0.018927
1756998208.442,latency_s,0.019068
1756998208.442,latency_s,0.019038
1756998208.442,latency_s,0.018704
1756998208.443,latency_s,0.018580
1756998208.458,latency_s,0.032371
1756998208.458,latency_s,0.032320
1756998208.458,latency_s,0.032030
1756998208.458,latency_s,0.031609
1756998208.458,latency_s,0.031367
1756998208.458,latency_s,0.026839
1756998208.458,latency_s,0.026835
1756998208.459,latency_s,0.018847
1756998208.470,latency_s,0.018526
1756998208.491,latency_s,0.018191
1756998208.500,latency_s,0.018558
1756998208.507,latency_s,0.018991
1756998208.514,latency_s,0.018550
1756998208.519,latency_s,0.020029
1756998208.519,latency_s,0.018058
1756998208.519,latency_s,0.018164
1756998208.525,latency_s,0.018322
1756998208.528,latency_s,0.017768
1756998208.540,latency_s,0.018364
1756998208.546,latency_s,0.022514
1756998208.547,latency_s,0.022726
1756998208.547,latency_s,0.022850
1756998208.547,latency_s,0.022344
1756998208.547,latency_s,0.021418
1756998208.547,latency_s,0.021128
1756998208.556,latency_s,0.028776
1756998208.556,latency_s,0.028871
1756998208.556,latency_s,0.028575
1756998208.556,latency_s,0.023522
1756998208.556,latency_s,0.023083
1756998208.559,latency_s,0.018979
1756998208.572,latency_s,0.020067
1756998208.593,latency_s,0.019109
1756998208.601,latency_s,0.018293
1756998208.607,latency_s,0.018508
1756998208.615,latency_s,0.018537
1756998208.618,latency_s,0.018695
1756998208.621,latency_s,0.019352
1756998208.621,latency_s,0.019429
1756998208.626,latency_s,0.018288
1756998208.629,latency_s,0.018382
1756998208.641,latency_s,0.018970
1756998208.645,latency_s,0.020934
1756998208.645,latency_s,0.020815
1756998208.645,latency_s,0.020864
1756998208.645,latency_s,0.020340
1756998208.645,latency_s,0.019478
1756998208.645,latency_s,0.018634
1756998208.645,latency_s,0.018346
1756998208.655,latency_s,0.028348
1756998208.656,latency_s,0.028195
1756998208.656,latency_s,0.023207
1756998208.656,latency_s,0.022026
1756998208.660,latency_s,0.019879
1756998208.671,latency_s,0.019277
1756998208.694,latency_s,0.019806
1756998208.702,latency_s,0.018922
1756998208.709,latency_s,0.019284
1756998208.715,latency_s,0.018086
1756998208.719,latency_s,0.018414
1756998208.720,latency_s,0.018389
1756998208.720,latency_s,0.018360
1756998208.726,latency_s,0.018100
1756998208.730,latency_s,0.019039
1756998208.741,latency_s,0.018312
1756998208.745,latency_s,0.020327
1756998208.745,latency_s,0.020285
1756998208.745,latency_s,0.020537
1756998208.745,latency_s,0.020223
1756998208.745,latency_s,0.018608
1756998208.745,latency_s,0.018451
1756998208.748,latency_s,0.020722
1756998208.760,latency_s,0.033152
1756998208.761,latency_s,0.032924
1756998208.761,latency_s,0.025797
1756998208.761,latency_s,0.025786
1756998208.761,latency_s,0.019249
1756998208.773,latency_s,0.019769
1756998208.793,latency_s,0.019047
1756998208.802,latency_s,0.018667
1756998208.808,latency_s,0.018655
1756998208.815,latency_s,0.017922
1756998208.821,latency_s,0.019056
1756998208.823,latency_s,0.018853
1756998208.823,latency_s,0.019186
1756998208.828,latency_s,0.018199
1756998208.831,latency_s,0.018556
1756998208.843,latency_s,0.019315
1756998208.844,latency_s,0.018521
1756998208.844,latency_s,0.018264
1756998208.844,latency_s,0.018680
1756998208.844,latency_s,0.018395
1756998208.848,latency_s,0.020689
1756998208.848,latency_s,0.021156
1756998208.848,latency_s,0.020860
1756998208.858,latency_s,0.029918
1756998208.858,latency_s,0.029599
1756998208.858,latency_s,0.022852
1756998208.861,latency_s,0.018670
1756998208.873,latency_s,0.019479
1756998208.894,latency_s,0.019354
1756998208.903,latency_s,0.018470
1756998208.909,latency_s,0.018643
1756998208.917,latency_s,0.018693
1756998208.921,latency_s,0.018754
1756998208.925,latency_s,0.019485
1756998208.925,latency_s,0.019490
1756998208.929,latency_s,0.017705
1756998208.930,latency_s,0.017685
1756998208.942,latency_s,0.018364
1756998208.945,latency_s,0.018875
1756998208.945,latency_s,0.018954
1756998208.945,latency_s,0.018891
1756998208.945,latency_s,0.018824
1756998208.945,latency_s,0.017727
1756998208.945,latency_s,0.017650
1756998208.948,latency_s,0.020593
1756998208.948,latency_s,0.019412
1756998208.956,latency_s,0.027039
1756998208.956,latency_s,0.019860
1756998208.961,latency_s,0.018703
1756998208.972,latency_s,0.018266
1756998208.976,latency_s,0.140221
1756998208.976,latency_s,0.039877
1756998208.996,latency_s,0.020395
1756998209.003,latency_s,0.018737
1756998209.010,latency_s,0.018754
1756998209.018,latency_s,0.018776
1756998209.021,latency_s,0.018263
1756998209.025,latency_s,0.019620
1756998209.025,latency_s,0.019501
1756998209.030,latency_s,0.018274
1756998209.032,latency_s,0.018888
1756998209.042,latency_s,0.017636
1756998209.045,latency_s,0.018544
1756998209.045,latency_s,0.018328
1756998209.045,latency_s,0.018815
1756998209.045,latency_s,0.018906
1756998209.045,latency_s,0.017609
1756998209.048,latency_s,0.019826
1756998209.048,latency_s,0.020251
1756998209.049,latency_s,0.018649
1756998209.049,latency_s,0.018799
1756998209.055,latency_s,0.018116
1756998209.057,latency_s,0.019129
1756998209.061,latency_s,0.018502
1756998209.072,latency_s,0.018046
1756998209.096,latency_s,0.019882
1756998209.104,latency_s,0.018821
1756998209.111,latency_s,0.019176
1756998209.139,latency_s,0.038349
1756998209.139,latency_s,0.035972
1756998209.139,latency_s,0.032982
1756998209.139,latency_s,0.033008
1756998209.139,latency_s,0.025765
1756998209.139,latency_s,0.025426
1756998209.143,latency_s,0.018215
1756998209.148,latency_s,0.020995
1756998209.148,latency_s,0.020818
1756998209.148,latency_s,0.021053
1756998209.148,latency_s,0.021180
1756998209.148,latency_s,0.020207
1756998209.148,latency_s,0.019871
1756998209.148,latency_s,0.019213
1756998209.154,latency_s,0.022373
1756998209.154,latency_s,0.022506
1756998209.155,latency_s,0.017565
1756998209.159,latency_s,0.019948
1756998209.162,latency_s,0.018684
1756998209.219,latency_s,0.063840
1756998209.219,latency_s,0.042300
1756998209.219,latency_s,0.033013
1756998209.219,latency_s,0.027047
1756998209.226,latency_s,0.024350
1756998209.226,latency_s,0.021739
1756998209.233,latency_s,0.026940
1756998209.234,latency_s,0.026568
1756998209.234,latency_s,0.019971
1756998209.234,latency_s,0.019383
1756998209.243,latency_s,0.017884
1756998209.247,latency_s,0.020620
1756998209.248,latency_s,0.020554
1756998209.250,latency_s,0.022569
1756998209.250,latency_s,0.023081
1756998209.250,latency_s,0.022422
1756998209.250,latency_s,0.021947
1756998209.250,latency_s,0.021242
1756998209.251,latency_s,0.018915
1756998209.258,latency_s,0.026420
1756998209.259,latency_s,0.019892
1756998209.263,latency_s,0.023076
1756998209.263,latency_s,0.019777
1756998209.274,latency_s,0.019157
1756998209.296,latency_s,0.018966
1756998209.305,latency_s,0.018688
1756998209.311,latency_s,0.018837
1756998209.320,latency_s,0.017962
1756998209.324,latency_s,0.019365
1756998209.325,latency_s,0.017904
1756998209.326,latency_s,0.019215
1756998209.333,latency_s,0.019089
1756998209.333,latency_s,0.018595
1756998209.344,latency_s,0.018947
1756998209.347,latency_s,0.018914
1756998209.347,latency_s,0.019125
1756998209.347,latency_s,0.019071
1756998209.348,latency_s,0.019089
1756998209.348,latency_s,0.019231
1756998209.348,latency_s,0.019183
1756998209.360,latency_s,0.030915
1756998209.360,latency_s,0.027406
1756998209.360,latency_s,0.027103
1756998209.360,latency_s,0.021078
1756998209.360,latency_s,0.020069
1756998209.362,latency_s,0.018635
1756998209.373,latency_s,0.018366
1756998209.396,latency_s,0.018625
1756998209.406,latency_s,0.018392
1756998209.411,latency_s,0.018508
1756998209.421,latency_s,0.018033
1756998209.425,latency_s,0.020131
1756998209.450,latency_s,0.043594
1756998209.451,latency_s,0.043208
1756998209.451,latency_s,0.034981
1756998209.451,latency_s,0.034765
1756998209.451,latency_s,0.024733
1756998209.451,latency_s,0.022734
1756998209.451,latency_s,0.022526
1756998209.451,latency_s,0.022211
1756998209.451,latency_s,0.021786
1756998209.451,latency_s,0.022018
1756998209.451,latency_s,0.021845
1756998209.451,latency_s,0.021027
1756998209.460,latency_s,0.026608
1756998209.460,latency_s,0.026745
1756998209.461,latency_s,0.021086
1756998209.461,latency_s,0.020234
1756998209.462,latency_s,0.018506
1756998209.474,latency_s,0.018887
1756998209.496,latency_s,0.018384
1756998209.507,latency_s,0.018475
1756998209.512,latency_s,0.018720
1756998209.522,latency_s,0.018594
1756998209.526,latency_s,0.019548
1756998209.526,latency_s,0.018616
1756998209.527,latency_s,0.018828
1756998209.535,latency_s,0.018466
1756998209.541,latency_s,0.024251
1756998209.545,latency_s,0.018114
1756998209.548,latency_s,0.019624
1756998209.576,latency_s,0.047362
1756998209.576,latency_s,0.047033
1756998209.576,latency_s,0.047179
1756998209.576,latency_s,0.046516
1756998209.576,latency_s,0.046616
1756998209.576,latency_s,0.046152
1756998209.576,latency_s,0.041322
1756998209.576,latency_s,0.041343
1756998209.576,latency_s,0.036303
1756998209.576,latency_s,0.035882
1756998209.577,latency_s,0.032372
1756998209.577,latency_s,0.020755
1756998209.597,latency_s,0.018741
1756998209.607,latency_s,0.018165
1756998209.612,latency_s,0.018039
1756998209.623,latency_s,0.018663
1756998209.628,latency_s,0.020344
1756998209.628,latency_s,0.020292
1756998209.628,latency_s,0.019534
1756998209.637,latency_s,0.020460
1756998209.637,latency_s,0.020336
1756998209.646,latency_s,0.018723
1756998209.649,latency_s,0.020506
1756998209.649,latency_s,0.020476
1756998209.652,latency_s,0.021592
1756998209.652,latency_s,0.021791
1756998209.652,latency_s,0.022224
1756998209.652,latency_s,0.022529
1756998209.652,latency_s,0.021241
1756998209.664,latency_s,0.029060
1756998209.664,latency_s,0.028782
1756998209.664,latency_s,0.022840
1756998209.664,latency_s,0.022636
1756998209.664,latency_s,0.020082
1756998209.674,latency_s,0.018302
1756998209.698,latency_s,0.019797
1756998209.707,latency_s,0.018490
1756998209.713,latency_s,0.018624
1756998209.724,latency_s,0.018638
1756998209.727,latency_s,0.019283
1756998209.728,latency_s,0.020228
1756998209.729,latency_s,0.019996
1756998209.738,latency_s,0.018565
1756998209.739,latency_s,0.019508
1756998209.746,latency_s,0.018237
1756998209.747,latency_s,0.017920
1756998209.753,latency_s,0.023265
1756998209.753,latency_s,0.022959
1756998209.753,latency_s,0.023046
1756998209.753,latency_s,0.022315
1756998209.753,latency_s,0.022368
1756998209.753,latency_s,0.020968
1756998209.756,latency_s,0.019910
1756998209.756,latency_s,0.019972
1756998209.762,latency_s,0.019322
1756998209.762,latency_s,0.019384
1756998209.764,latency_s,0.018975
1756998209.775,latency_s,0.018739
1756998209.798,latency_s,0.019074
1756998209.809,latency_s,0.019327
1756998209.813,latency_s,0.018314
1756998209.825,latency_s,0.018563
1756998209.830,latency_s,0.021859
1756998209.830,latency_s,0.021783
1756998209.831,latency_s,0.020938
1756998209.839,latency_s,0.019346
1756998209.839,latency_s,0.019367
1756998209.848,latency_s,0.019757
1756998209.848,latency_s,0.018091
1756998209.848,latency_s,0.018073
1756998209.852,latency_s,0.021355
1756998209.853,latency_s,0.023542
1756998209.854,latency_s,0.022752
1756998209.854,latency_s,0.022975
1756998209.854,latency_s,0.020863
1756998209.863,latency_s,0.026593
1756998209.863,latency_s,0.026544
1756998209.863,latency_s,0.019758
1756998209.863,latency_s,0.020001
1756998209.865,latency_s,0.019246
1756998209.876,latency_s,0.018842
1756998209.898,latency_s,0.018656
1756998209.909,latency_s,0.018747
1756998209.914,latency_s,0.018705
1756998209.929,latency_s,0.020567
1756998209.929,latency_s,0.019928
1756998209.929,latency_s,0.019939
1756998209.929,latency_s,0.018730
1756998209.939,latency_s,0.018630
1756998209.939,latency_s,0.018431
1756998209.947,latency_s,0.018154
1756998209.952,latency_s,0.021081
1756998209.952,latency_s,0.021103
1756998209.952,latency_s,0.021167
1756998209.952,latency_s,0.020879
1756998209.952,latency_s,0.020989
1756998209.953,latency_s,0.021957
1756998209.953,latency_s,0.019705
1756998209.962,latency_s,0.024468
1756998209.963,latency_s,0.025030
1756998209.963,latency_s,0.018860
1756998209.967,latency_s,0.023077
1756998209.967,latency_s,0.021466
1756998209.976,latency_s,0.019107
1756998210.000,latency_s,0.019106
1756998210.009,latency_s,0.018399
1756998210.015,latency_s,0.019245
1756998210.029,latency_s,0.019540
1756998210.029,latency_s,0.019317
1756998210.029,latency_s,0.018430
1756998210.029,latency_s,0.019008
1756998210.042,latency_s,0.020075
1756998210.042,latency_s,0.019950
1756998210.048,latency_s,0.019255
1756998210.051,latency_s,0.020509
1756998210.051,latency_s,0.020578
1756998210.051,latency_s,0.020430
1756998210.052,latency_s,0.020268
1756998210.052,latency_s,0.020268
1756998210.058,latency_s,0.026087
1756998210.058,latency_s,0.023802
1756998210.058,latency_s,0.020140
1756998210.058,latency_s,0.019930
1756998210.064,latency_s,0.019199
1756998210.064,latency_s,0.019204
1756998210.067,latency_s,0.020109
1756998210.076,latency_s,0.018015
1756998210.099,latency_s,0.018515
1756998210.111,latency_s,0.018998
1756998210.114,latency_s,0.018403
1756998210.130,latency_s,0.021239
1756998210.131,latency_s,0.021185
1756998210.131,latency_s,0.020814
1756998210.142,latency_s,0.018541
1756998210.142,latency_s,0.018584
1756998210.147,latency_s,0.017979
1756998210.151,latency_s,0.019877
1756998210.151,latency_s,0.019984
1756998210.151,latency_s,0.019753
1756998210.151,latency_s,0.020054
1756998210.152,latency_s,0.019685
1756998210.158,latency_s,0.025290
1756998210.158,latency_s,0.023226
1756998210.158,latency_s,0.019547
1756998210.158,latency_s,0.019049
1756998210.167,latency_s,0.020799
1756998210.167,latency_s,0.021181
1756998210.168,latency_s,0.020373
1756998210.179,latency_s,0.019434
1756998210.200,latency_s,0.018693
1756998210.212,latency_s,0.019186
1756998210.216,latency_s,0.019763
1756998210.249,latency_s,0.039289
1756998210.249,latency_s,0.039712
1756998210.249,latency_s,0.038717
1756998210.249,latency_s,0.025548
1756998210.249,latency_s,0.025558
1756998210.249,latency_s,0.138584
1756998210.249,latency_s,0.038021
1756998210.249,latency_s,0.019336
1756998210.258,latency_s,0.025780
1756998210.258,latency_s,0.025954
1756998210.258,latency_s,0.025369
1756998210.258,latency_s,0.025423
1756998210.258,latency_s,0.025650
1756998210.258,latency_s,0.025574
1756998210.258,latency_s,0.023174
1756998210.258,latency_s,0.018517
1756998210.263,latency_s,0.023028
1756998210.267,latency_s,0.019864
1756998210.267,latency_s,0.019505
1756998210.267,latency_s,0.020020
1756998210.279,latency_s,0.019094
1756998210.301,latency_s,0.018828
1756998210.312,latency_s,0.018561
1756998210.316,latency_s,0.019098
1756998210.329,latency_s,0.018951
1756998210.329,latency_s,0.018908
1756998210.331,latency_s,0.019140
1756998210.331,latency_s,0.019135
1756998210.344,latency_s,0.019830
1756998210.345,latency_s,0.020178
1756998210.350,latency_s,0.019414
1756998210.353,latency_s,0.020506
1756998210.353,latency_s,0.020567
1756998210.353,latency_s,0.020508
1756998210.353,latency_s,0.020460
1756998210.358,latency_s,0.025572
1756998210.358,latency_s,0.025335
1756998210.358,latency_s,0.022655
1756998210.364,latency_s,0.023218
1756998210.364,latency_s,0.023157
1756998210.368,latency_s,0.019279
1756998210.368,latency_s,0.019966
1756998210.368,latency_s,0.019707
1756998210.379,latency_s,0.018707
1756998210.401,latency_s,0.018496
1756998210.411,latency_s,0.017785
1756998210.416,latency_s,0.018429
1756998210.429,latency_s,0.018723
1756998210.429,latency_s,0.018601
1756998210.431,latency_s,0.018956
1756998210.432,latency_s,0.019064
1756998210.445,latency_s,0.020636
1756998210.446,latency_s,0.020920
1756998210.450,latency_s,0.018711
1756998210.454,latency_s,0.021026
1756998210.454,latency_s,0.021051
1756998210.454,latency_s,0.020517
1756998210.454,latency_s,0.020799
1756998210.460,latency_s,0.026184
1756998210.460,latency_s,0.026472
1756998210.461,latency_s,0.024440
1756998210.461,latency_s,0.019727
1756998210.461,latency_s,0.019217
1756998210.469,latency_s,0.020789
1756998210.469,latency_s,0.020484
1756998210.470,latency_s,0.020431
1756998210.480,latency_s,0.018757
1756998210.501,latency_s,0.018433
1756998210.512,latency_s,0.018152
1756998210.516,latency_s,0.018472
1756998210.530,latency_s,0.018940
1756998210.530,latency_s,0.019265
1756998210.532,latency_s,0.018883
1756998210.532,latency_s,0.019166
1756998210.546,latency_s,0.020527
1756998210.546,latency_s,0.020486
1756998210.554,latency_s,0.022332
1756998210.554,latency_s,0.020463
1756998210.554,latency_s,0.020422
1756998210.554,latency_s,0.020318
1756998210.554,latency_s,0.020340
1756998210.561,latency_s,0.026729
1756998210.561,latency_s,0.026808
1756998210.561,latency_s,0.024904
1756998210.561,latency_s,0.018501
1756998210.562,latency_s,0.018494
1756998210.569,latency_s,0.019688
1756998210.569,latency_s,0.019250
1756998210.569,latency_s,0.019026
1756998210.580,latency_s,0.018182
1756998210.602,latency_s,0.018647
1756998210.613,latency_s,0.018372
1756998210.617,latency_s,0.019616
1756998210.630,latency_s,0.019153
1756998210.631,latency_s,0.019042
1756998210.633,latency_s,0.019728
1756998210.634,latency_s,0.019982
1756998210.646,latency_s,0.020453
1756998210.647,latency_s,0.020442
1756998210.651,latency_s,0.019339
1756998210.655,latency_s,0.020311
1756998210.655,latency_s,0.020391
1756998210.655,latency_s,0.019899
1756998210.655,latency_s,0.019949
1756998210.655,latency_s,0.020343
1756998210.661,latency_s,0.026309
1756998210.661,latency_s,0.024078
1756998210.661,latency_s,0.017838
1756998210.663,latency_s,0.018143
1756998210.669,latency_s,0.019482
1756998210.669,latency_s,0.019723
1756998210.669,latency_s,0.019249
1756998210.681,latency_s,0.018769
1756998210.703,latency_s,0.019373
1756998210.714,latency_s,0.018527
1756998210.717,latency_s,0.018995
1756998210.731,latency_s,0.019105
1756998210.731,latency_s,0.019222
1756998210.734,latency_s,0.019899
1756998210.734,latency_s,0.020041
1756998210.748,latency_s,0.018243
1756998210.748,latency_s,0.018457
1756998210.752,latency_s,0.019935
1756998210.755,latency_s,0.021026
1756998210.755,latency_s,0.020910
1756998210.756,latency_s,0.021122
1756998210.756,latency_s,0.020125
1756998210.756,latency_s,0.020137
1756998210.756,latency_s,0.020368
1756998210.756,latency_s,0.018095
1756998210.765,latency_s,0.019863
1756998210.770,latency_s,0.024595
1756998210.770,latency_s,0.020427
1756998210.772,latency_s,0.021007
1756998210.772,latency_s,0.021748
1756998210.781,latency_s,0.018682
1756998210.803,latency_s,0.019024
1756998210.814,latency_s,0.018630
1756998210.846,latency_s,0.047798
1756998210.846,latency_s,0.034492
1756998210.847,latency_s,0.034709
1756998210.847,latency_s,0.032650
1756998210.847,latency_s,0.032708
1756998210.849,latency_s,0.018785
1756998210.850,latency_s,0.020030
1756998210.863,latency_s,0.029456
1756998210.863,latency_s,0.026643
1756998210.863,latency_s,0.026709
1756998210.863,latency_s,0.026731
1756998210.863,latency_s,0.024849
1756998210.863,latency_s,0.024257
1756998210.863,latency_s,0.024327
1756998210.863,latency_s,0.024252
1756998210.865,latency_s,0.019721
1756998210.865,latency_s,0.019216
1756998210.870,latency_s,0.019344
1756998210.870,latency_s,0.019326
1756998210.871,latency_s,0.019611
1756998210.882,latency_s,0.018761
1756998210.903,latency_s,0.017975
1756998210.915,latency_s,0.019380
1756998210.918,latency_s,0.018139
1756998210.932,latency_s,0.019319
1756998210.932,latency_s,0.019423
1756998210.933,latency_s,0.018671
1756998210.933,latency_s,0.018773
1756998210.949,latency_s,0.018936
1756998210.949,latency_s,0.019226
1756998210.953,latency_s,0.018958
1756998210.957,latency_s,0.019764
1756998210.957,latency_s,0.019917
1756998210.957,latency_s,0.019938
1756998210.957,latency_s,0.018089
1756998210.960,latency_s,0.020810
1756998210.964,latency_s,0.024976
1756998210.964,latency_s,0.025378
1756998210.968,latency_s,0.021280
1756998210.968,latency_s,0.021636
1756998210.971,latency_s,0.019536
1756998210.972,latency_s,0.021173
1756998210.973,latency_s,0.020729
1756998210.982,latency_s,0.018487
1756998211.004,latency_s,0.018164
1756998211.015,latency_s,0.018700
1756998211.018,latency_s,0.018530
1756998211.032,latency_s,0.019207
1756998211.032,latency_s,0.019283
1756998211.034,latency_s,0.019822
1756998211.034,latency_s,0.019838
1756998211.053,latency_s,0.022361
1756998211.053,latency_s,0.022497
1756998211.054,latency_s,0.019689
1756998211.055,latency_s,0.018147
1756998211.056,latency_s,0.018595
1756998211.056,latency_s,0.019143
1756998211.057,latency_s,0.018310
1756998211.057,latency_s,0.017737
1756998211.068,latency_s,0.028594
1756998211.068,latency_s,0.028899
1756998211.068,latency_s,0.020564
1756998211.068,latency_s,0.020479
1756998211.073,latency_s,0.021094
1756998211.073,latency_s,0.021415
1756998211.074,latency_s,0.021430
1756998211.083,latency_s,0.018961
1756998211.105,latency_s,0.019311
1756998211.114,latency_s,0.017963
1756998211.120,latency_s,0.018593
1756998211.132,latency_s,0.018934
1756998211.132,latency_s,0.019167
1756998211.136,latency_s,0.020688
1756998211.136,latency_s,0.020282
1756998211.151,latency_s,0.018906
1756998211.151,latency_s,0.017867
1756998211.153,latency_s,0.018878
1756998211.158,latency_s,0.020380
1756998211.158,latency_s,0.020551
1756998211.158,latency_s,0.020243
1756998211.158,latency_s,0.018771
1756998211.159,latency_s,0.018683
1756998211.166,latency_s,0.025556
1756998211.166,latency_s,0.026263
1756998211.169,latency_s,0.020078
1756998211.169,latency_s,0.021194
1756998211.172,latency_s,0.019081
1756998211.173,latency_s,0.020261
1756998211.173,latency_s,0.020399
1756998211.183,latency_s,0.018516
1756998211.205,latency_s,0.018348
1756998211.215,latency_s,0.017941
1756998211.223,latency_s,0.018867
1756998211.231,latency_s,0.017762
1756998211.235,latency_s,0.020048
1756998211.236,latency_s,0.019978
1756998211.236,latency_s,0.019566
1756998211.251,latency_s,0.018692
1756998211.252,latency_s,0.018191
1756998211.253,latency_s,0.018163
1756998211.259,latency_s,0.020449
1756998211.259,latency_s,0.020323
1756998211.259,latency_s,0.020521
1756998211.259,latency_s,0.018834
1756998211.259,latency_s,0.018401
1756998211.259,latency_s,0.018826
1756998211.267,latency_s,0.026310
1756998211.267,latency_s,0.018868
1756998211.268,latency_s,0.018344
1756998211.274,latency_s,0.020432
1756998211.274,latency_s,0.020636
1756998211.274,latency_s,0.020666
1756998211.283,latency_s,0.018146
1756998211.306,latency_s,0.018743
1756998211.317,latency_s,0.020065
1756998211.325,latency_s,0.018615
1756998211.334,latency_s,0.020360
1756998211.335,latency_s,0.018805
1756998211.335,latency_s,0.018511
1756998211.335,latency_s,0.017956
1756998211.354,latency_s,0.020198
1756998211.354,latency_s,0.019264
1756998211.354,latency_s,0.018949
1756998211.361,latency_s,0.021822
1756998211.361,latency_s,0.021913
1756998211.361,latency_s,0.021931
1756998211.361,latency_s,0.019938
1756998211.361,latency_s,0.020052
1756998211.361,latency_s,0.020107
1756998211.369,latency_s,0.028178
1756998211.369,latency_s,0.020034
1756998211.369,latency_s,0.018925
1756998211.374,latency_s,0.019639
1756998211.374,latency_s,0.019731
1756998211.376,latency_s,0.021626
1756998211.383,latency_s,0.018103
1756998211.407,latency_s,0.019210
1756998211.417,latency_s,0.019416
1756998211.425,latency_s,0.018162
1756998211.432,latency_s,0.018613
1756998211.435,latency_s,0.019175
1756998211.435,latency_s,0.018877
1756998211.436,latency_s,0.018875
1756998211.452,latency_s,0.018364
1756998211.454,latency_s,0.019240
1756998211.454,latency_s,0.019460
1756998211.461,latency_s,0.021910
1756998211.461,latency_s,0.021128
1756998211.461,latency_s,0.021137
1756998211.461,latency_s,0.019705
1756998211.461,latency_s,0.019396
1756998211.461,latency_s,0.019629
1756998211.468,latency_s,0.026234
1756998211.468,latency_s,0.018704
1756998211.469,latency_s,0.017821
1756998211.474,latency_s,0.018848
1756998211.474,latency_s,0.018876
1756998211.474,latency_s,0.018885
1756998211.484,latency_s,0.018379
1756998211.506,latency_s,0.018341
1756998211.516,latency_s,0.018567
1756998211.526,latency_s,0.018871
1756998211.532,latency_s,0.017717
1756998211.534,latency_s,0.017987
1756998211.534,latency_s,0.017478
1756998211.537,latency_s,0.018880
1756998211.556,latency_s,0.020417
1756998211.556,latency_s,0.020043
1756998211.556,latency_s,0.020272
1756998211.560,latency_s,0.020369
1756998211.560,latency_s,0.019450
1756998211.560,latency_s,0.019321
1756998211.560,latency_s,0.018443
1756998211.560,latency_s,0.018184
1756998211.560,latency_s,0.018361
1756998211.563,latency_s,0.020696
1756998211.570,latency_s,0.019066
1756998211.570,latency_s,0.018411
1756998211.575,latency_s,0.019014
1756998211.575,latency_s,0.019061
1756998211.575,latency_s,0.019338
1756998211.585,latency_s,0.017755
1756998211.607,latency_s,0.018228
1756998211.616,latency_s,0.018559
1756998211.627,latency_s,0.018926
1756998211.652,latency_s,0.037667
1756998211.652,latency_s,0.034393
1756998211.652,latency_s,0.033885
1756998211.652,latency_s,0.034387
1756998211.655,latency_s,0.018816
1756998211.656,latency_s,0.019830
1756998211.667,latency_s,0.030416
1756998211.667,latency_s,0.026598
1756998211.667,latency_s,0.026112
1756998211.667,latency_s,0.025917
1756998211.667,latency_s,0.024528
1756998211.667,latency_s,0.024741
1756998211.667,latency_s,0.024494
1756998211.667,latency_s,0.024895
1756998211.672,latency_s,0.020779
1756998211.672,latency_s,0.019748
1756998211.676,latency_s,0.019747
1756998211.676,latency_s,0.020125
1756998211.676,latency_s,0.020269
1756998211.686,latency_s,0.018911
1756998211.707,latency_s,0.018746
1756998211.716,latency_s,0.018138
1756998211.727,latency_s,0.018360
1756998211.733,latency_s,0.018488
1756998211.736,latency_s,0.018665
1756998211.737,latency_s,0.018742
1756998211.737,latency_s,0.018358
1756998211.756,latency_s,0.019813
1756998211.756,latency_s,0.019834
1756998211.756,latency_s,0.019718
1756998211.762,latency_s,0.019864
1756998211.762,latency_s,0.019702
1756998211.762,latency_s,0.019583
1756998211.762,latency_s,0.019771
1756998211.762,latency_s,0.019347
1756998211.770,latency_s,0.027147
1756998211.770,latency_s,0.027641
1756998211.770,latency_s,0.019263
1756998211.771,latency_s,0.018148
1756998211.776,latency_s,0.019812
1756998211.777,latency_s,0.020386
1756998211.777,latency_s,0.020405
1756998211.787,latency_s,0.019176
1756998211.808,latency_s,0.018768
1756998211.818,latency_s,0.019306
1756998211.828,latency_s,0.019718
1756998211.834,latency_s,0.019382
1756998211.838,latency_s,0.019564
1756998211.838,latency_s,0.019653
1756998211.838,latency_s,0.019480
1756998211.857,latency_s,0.020144
1756998211.857,latency_s,0.020002
1756998211.859,latency_s,0.021309
1756998211.860,latency_s,0.018193
1756998211.864,latency_s,0.021319
1756998211.865,latency_s,0.021628
1756998211.865,latency_s,0.020796
1756998211.865,latency_s,0.020959
1756998211.865,latency_s,0.021644
1756998211.865,latency_s,0.021178
1756998211.872,latency_s,0.019307
1756998211.897,latency_s,0.040619
1756998211.898,latency_s,0.040770
1756998211.898,latency_s,0.039778
1756998211.898,latency_s,0.029414
1756998211.908,latency_s,0.018598
1756998211.918,latency_s,0.019198
1756998211.928,latency_s,0.018615
1756998211.935,latency_s,0.019688
1756998211.938,latency_s,0.018924
1756998211.938,latency_s,0.019003
1756998211.938,latency_s,0.019123
1756998211.959,latency_s,0.021931
1756998211.959,latency_s,0.021446
1756998211.960,latency_s,0.022043
1756998211.962,latency_s,0.019529
1756998211.962,latency_s,0.019162
1756998211.962,latency_s,0.019041
1756998211.963,latency_s,0.019221
1756998211.972,latency_s,0.027868
1756998211.972,latency_s,0.027691
1756998211.972,latency_s,0.019183
1756998211.977,latency_s,0.020097
1756998211.977,latency_s,0.020111
1756998211.977,latency_s,0.019210
1756998211.987,latency_s,0.019002
1756998211.991,latency_s,0.137095
1756998211.991,latency_s,0.036535
1756998212.009,latency_s,0.018651
1756998212.018,latency_s,0.018407
1756998212.029,latency_s,0.018013
1756998212.033,latency_s,0.018341
1756998212.038,latency_s,0.018955
1756998212.038,latency_s,0.018671
1756998212.038,latency_s,0.018826
1756998212.059,latency_s,0.021413
1756998212.059,latency_s,0.021560
1756998212.059,latency_s,0.021224
1756998212.063,latency_s,0.019504
1756998212.066,latency_s,0.021870
1756998212.066,latency_s,0.022661
1756998212.067,latency_s,0.021913
1756998212.072,latency_s,0.028657
1756998212.073,latency_s,0.028474
1756998212.074,latency_s,0.020889
1756998212.077,latency_s,0.020806
1756998212.081,latency_s,0.023162
1756998212.081,latency_s,0.023129
1756998212.088,latency_s,0.143475
1756998212.088,latency_s,0.043278
1756998212.088,latency_s,0.019580
1756998212.110,latency_s,0.019360
1756998212.119,latency_s,0.019077
1756998212.130,latency_s,0.018820
1756998212.134,latency_s,0.018620
1756998212.140,latency_s,0.020530
1756998212.140,latency_s,0.020337
1756998212.141,latency_s,0.020456
1756998212.159,latency_s,0.020764
1756998212.159,latency_s,0.020688
1756998212.160,latency_s,0.020124
1756998212.165,latency_s,0.021590
1756998212.165,latency_s,0.021475
1756998212.165,latency_s,0.021275
1756998212.166,latency_s,0.021290
1756998212.166,latency_s,0.021277
1756998212.172,latency_s,0.026835
1756998212.172,latency_s,0.026286
1756998212.174,latency_s,0.019485
1756998212.177,latency_s,0.019345
1756998212.181,latency_s,0.022608
1756998212.181,latency_s,0.022878
1756998212.189,latency_s,0.019071
1756998212.199,latency_s,0.140848
1756998212.200,latency_s,0.040704
1756998212.210,latency_s,0.018929
1756998212.220,latency_s,0.018878
1756998212.234,latency_s,0.020348
1756998212.234,latency_s,0.018493
1756998212.241,latency_s,0.020136
1756998212.241,latency_s,0.020182
1756998212.241,latency_s,0.019897
1756998212.260,latency_s,0.020701
1756998212.260,latency_s,0.020793
1756998212.260,latency_s,0.019992
1756998212.266,latency_s,0.022211
1756998212.266,latency_s,0.021280
1756998212.266,latency_s,0.020958
1756998212.266,latency_s,0.020563
1756998212.266,latency_s,0.020795
1756998212.274,latency_s,0.027634
1756998212.274,latency_s,0.027462
1756998212.274,latency_s,0.019104
1756998212.279,latency_s,0.020142
1756998212.279,latency_s,0.020282
1756998212.279,latency_s,0.020437
1756998212.282,latency_s,0.022386
1756998212.289,latency_s,0.018565
1756998212.312,latency_s,0.019662
1756998212.320,latency_s,0.018387
1756998212.334,latency_s,0.019015
1756998212.335,latency_s,0.018128
1756998212.343,latency_s,0.020551
1756998212.343,latency_s,0.020665
1756998212.343,latency_s,0.020274
1756998212.361,latency_s,0.020532
1756998212.361,latency_s,0.020643
1756998212.361,latency_s,0.020001
1756998212.368,latency_s,0.023292
1756998212.368,latency_s,0.022851
1756998212.368,latency_s,0.022814
1756998212.369,latency_s,0.022382
1756998212.369,latency_s,0.022702
1756998212.369,latency_s,0.021944
1756998212.375,latency_s,0.028373
1756998212.375,latency_s,0.019218
1756998212.378,latency_s,0.018617
1756998212.380,latency_s,0.021325
1756998212.383,latency_s,0.024404
1756998212.384,latency_s,0.023702
1756998212.390,latency_s,0.018982
1756998212.412,latency_s,0.019304
1756998212.421,latency_s,0.018495
1756998212.434,latency_s,0.018353
1756998212.436,latency_s,0.018392
1756998212.442,latency_s,0.019774
1756998212.442,latency_s,0.019484
1756998212.442,latency_s,0.019452
1756998212.462,latency_s,0.020653
1756998212.462,latency_s,0.019719
1756998212.462,latency_s,0.019853
1756998212.466,latency_s,0.020119
1756998212.467,latency_s,0.020091
1756998212.467,latency_s,0.019837
1756998212.467,latency_s,0.019859
1756998212.467,latency_s,0.019633
1756998212.488,latency_s,0.040750
1756998212.488,latency_s,0.041318
1756998212.488,latency_s,0.031114
1756998212.488,latency_s,0.028615
1756998212.488,latency_s,0.028629
1756998212.488,latency_s,0.028417
1756998212.488,latency_s,0.027705
1756998212.491,latency_s,0.019034
1756998212.512,latency_s,0.018646
1756998212.522,latency_s,0.018684
1756998212.536,latency_s,0.019650
1756998212.536,latency_s,0.018601
1756998212.542,latency_s,0.018914
1756998212.542,latency_s,0.019001
1756998212.542,latency_s,0.018723
1756998212.561,latency_s,0.018927
1756998212.563,latency_s,0.019277
1756998212.563,latency_s,0.019163
1756998212.567,latency_s,0.020397
1756998212.567,latency_s,0.020525
1756998212.567,latency_s,0.020345
1756998212.567,latency_s,0.020581
1756998212.575,latency_s,0.027808
1756998212.575,latency_s,0.027807
1756998212.576,latency_s,0.027719
1756998212.579,latency_s,0.021369
1756998212.579,latency_s,0.019266
1756998212.582,latency_s,0.022306
1756998212.582,latency_s,0.021900
1756998212.582,latency_s,0.020993
1756998212.613,latency_s,0.018856
1756998212.622,latency_s,0.018414
1756998212.637,latency_s,0.019554
1756998212.637,latency_s,0.019040
1756998212.643,latency_s,0.019717
1756998212.643,latency_s,0.019809
1756998212.643,latency_s,0.019538
1756998212.663,latency_s,0.019796
1756998212.663,latency_s,0.018894
1756998212.663,latency_s,0.018428
1756998212.667,latency_s,0.019952
1756998212.667,latency_s,0.019895
1756998212.667,latency_s,0.019647
1756998212.667,latency_s,0.019817
1756998212.667,latency_s,0.019339
1756998212.667,latency_s,0.019284
1756998212.667,latency_s,0.018682
1756998212.681,latency_s,0.022157
1756998212.681,latency_s,0.020699
1756998212.681,latency_s,0.020513
1756998212.681,latency_s,0.019361
1756998212.712,latency_s,0.139585
1756998212.712,latency_s,0.039401
1756998212.714,latency_s,0.018523
1756998212.722,latency_s,0.018213
1756998212.737,latency_s,0.018941
1756998212.737,latency_s,0.019101
1756998212.744,latency_s,0.020525
1756998212.744,latency_s,0.020594
1756998212.744,latency_s,0.019764
1756998212.767,latency_s,0.022180
1756998212.767,latency_s,0.021935
1756998212.767,latency_s,0.022394
1756998212.768,latency_s,0.019949
1756998212.768,latency_s,0.019959
1756998212.768,latency_s,0.019669
1756998212.768,latency_s,0.019739
1756998212.768,latency_s,0.019977
1756998212.780,latency_s,0.030988
1756998212.780,latency_s,0.031458
1756998212.780,latency_s,0.020071
1756998212.780,latency_s,0.019789
1756998212.782,latency_s,0.020694
1756998212.782,latency_s,0.020128
1756998212.792,latency_s,0.018643
1756998212.799,latency_s,0.137830
1756998212.799,latency_s,0.036052
1756998212.814,latency_s,0.018304
1756998212.822,latency_s,0.017965
1756998212.837,latency_s,0.018849
1756998212.837,latency_s,0.018311
1756998212.845,latency_s,0.021229
1756998212.846,latency_s,0.021001
1756998212.846,latency_s,0.020614
1756998212.864,latency_s,0.019324
1756998212.864,latency_s,0.018343
1756998212.869,latency_s,0.021084
1756998212.869,latency_s,0.021265
1756998212.869,latency_s,0.021946
1756998212.870,latency_s,0.021316
1756998212.870,latency_s,0.020763
1756998212.870,latency_s,0.021097
1756998212.870,latency_s,0.020000
1756998212.870,latency_s,0.020314
1756998212.881,latency_s,0.019785
1756998212.881,latency_s,0.019773
1756998212.883,latency_s,0.021266
1756998212.883,latency_s,0.019860
1756998212.883,latency_s,0.019942
1756998212.915,latency_s,0.019021
1756998212.922,latency_s,0.018329
1756998212.938,latency_s,0.019202
1756998212.938,latency_s,0.018151
1756998212.946,latency_s,0.021046
1756998212.946,latency_s,0.020915
1756998212.946,latency_s,0.020542
1756998212.964,latency_s,0.018428
1756998212.968,latency_s,0.020676
1756998212.968,latency_s,0.020561
1756998212.969,latency_s,0.019888
1756998212.969,latency_s,0.019531
1756998212.969,latency_s,0.019436
1756998212.969,latency_s,0.020091
1756998212.969,latency_s,0.020161
1756998212.970,latency_s,0.019957
1756998212.979,latency_s,0.028631
1756998212.985,latency_s,0.022351
1756998212.985,latency_s,0.022544
1756998212.985,latency_s,0.022691
1756998212.985,latency_s,0.021627
1756998212.985,latency_s,0.021830
1756998213.015,latency_s,0.018290
1756998213.025,latency_s,0.021011
1756998213.025,latency_s,0.151052
1756998213.025,latency_s,0.050412
1756998213.037,latency_s,0.018312
1756998213.038,latency_s,0.017676
1756998213.045,latency_s,0.019619
1756998213.045,latency_s,0.019200
1756998213.045,latency_s,0.018779
1756998213.066,latency_s,0.019921
1756998213.069,latency_s,0.021042
1756998213.069,latency_s,0.020803
1756998213.069,latency_s,0.020176
1756998213.069,latency_s,0.020228
1756998213.069,latency_s,0.019650
1756998213.072,latency_s,0.022223
1756998213.072,latency_s,0.022474
1756998213.073,latency_s,0.022446
1756998213.081,latency_s,0.030435
1756998213.081,latency_s,0.018637
1756998213.087,latency_s,0.023737
1756998213.087,latency_s,0.024357
1756998213.087,latency_s,0.024504
1756998213.087,latency_s,0.023617
1756998213.093,latency_s,0.018446
1756998213.116,latency_s,0.019691
1756998213.124,latency_s,0.019670
1756998213.139,latency_s,0.019439
1756998213.139,latency_s,0.018545
1756998213.145,latency_s,0.019495
1756998213.145,latency_s,0.019128
1756998213.165,latency_s,0.018440
1756998213.167,latency_s,0.018336
1756998213.168,latency_s,0.018686
1756998213.168,latency_s,0.017480
1756998213.170,latency_s,0.018710
1756998213.170,latency_s,0.018584
1756998213.170,latency_s,0.018723
1756998213.170,latency_s,0.018864
1756998213.170,latency_s,0.018524
1756998213.172,latency_s,0.021010
1756998213.183,latency_s,0.020112
1756998213.183,latency_s,0.019557
1756998213.183,latency_s,0.020005
1756998213.183,latency_s,0.020093
1756998213.184,latency_s,0.019593
1756998213.194,latency_s,0.018487
1756998213.218,latency_s,0.020575
1756998213.223,latency_s,0.018435
1756998213.239,latency_s,0.019317
1756998213.240,latency_s,0.018131
1756998213.245,latency_s,0.018985
1756998213.246,latency_s,0.018190
1756998213.262,latency_s,0.135830
1756998213.263,latency_s,0.037122
1756998213.266,latency_s,0.018897
1756998213.268,latency_s,0.018232
1756998213.272,latency_s,0.020862
1756998213.272,latency_s,0.020620
1756998213.272,latency_s,0.021062
1756998213.272,latency_s,0.020931
1756998213.272,latency_s,0.020701
1756998213.272,latency_s,0.021384
1756998213.273,latency_s,0.021251
1756998213.277,latency_s,0.025062
1756998213.283,latency_s,0.019632
1756998213.283,latency_s,0.019399
1756998213.283,latency_s,0.019577
1756998213.288,latency_s,0.024156
1756998213.288,latency_s,0.024052
1756998213.294,latency_s,0.018501
1756998213.317,latency_s,0.018875
1756998213.324,latency_s,0.019308
1756998213.339,latency_s,0.018527
1756998213.340,latency_s,0.017809
1756998213.347,latency_s,0.019567
1756998213.347,latency_s,0.019860
1756998213.347,latency_s,0.018899
1756998213.367,latency_s,0.019043
1756998213.374,latency_s,0.023715
1756998213.374,latency_s,0.023180
1756998213.374,latency_s,0.022924
1756998213.375,latency_s,0.022473
1756998213.375,latency_s,0.021991
1756998213.375,latency_s,0.022621
1756998213.375,latency_s,0.023302
1756998213.375,latency_s,0.022142
1756998213.375,latency_s,0.022370
1756998213.384,latency_s,0.019503
1756998213.384,latency_s,0.019751
1756998213.384,latency_s,0.019807
1756998213.384,latency_s,0.019448
1756998213.387,latency_s,0.023371
1756998213.395,latency_s,0.018281
1756998213.417,latency_s,0.019293
1756998213.424,latency_s,0.018375
1756998213.440,latency_s,0.018875
1756998213.444,latency_s,0.019838
1756998213.447,latency_s,0.020276
1756998213.448,latency_s,0.020215
1756998213.449,latency_s,0.018492
1756998213.467,latency_s,0.018828
1756998213.471,latency_s,0.019450
1756998213.471,latency_s,0.019562
1756998213.486,latency_s,0.034078
1756998213.486,latency_s,0.033926
1756998213.486,latency_s,0.034153
1756998213.486,latency_s,0.033469
1756998213.486,latency_s,0.032790
1756998213.486,latency_s,0.033151
1756998213.486,latency_s,0.032702
1756998213.486,latency_s,0.021861
1756998213.486,latency_s,0.021827
1756998213.487,latency_s,0.021857
1756998213.487,latency_s,0.019985
1756998213.487,latency_s,0.019777
1756998213.496,latency_s,0.019382
1756998213.519,latency_s,0.020062
1756998213.525,latency_s,0.018839
1756998213.539,latency_s,0.018152
1756998213.544,latency_s,0.018354
1756998213.547,latency_s,0.019352
1756998213.547,latency_s,0.019609
1756998213.550,latency_s,0.018801
1756998213.568,latency_s,0.019219
1756998213.571,latency_s,0.019201
1756998213.571,latency_s,0.019253
1756998213.571,latency_s,0.018646
1756998213.571,latency_s,0.018506
1756998213.571,latency_s,0.018218
1756998213.571,latency_s,0.017714
1756998213.571,latency_s,0.018163
1756998213.583,latency_s,0.028746
1756998213.583,latency_s,0.028742
1756998213.584,latency_s,0.018531
1756998213.588,latency_s,0.021606
1756998213.588,latency_s,0.021321
1756998213.588,latency_s,0.021326
1756998213.588,latency_s,0.020916
1756998213.596,latency_s,0.018618
1756998213.618,latency_s,0.018770
1756998213.625,latency_s,0.018411
1756998213.641,latency_s,0.018661
1756998213.644,latency_s,0.018041
1756998213.648,latency_s,0.019275
1756998213.648,latency_s,0.018224
1756998213.650,latency_s,0.018669
1756998213.670,latency_s,0.020507
1756998213.674,latency_s,0.021602
1756998213.674,latency_s,0.021164
1756998213.674,latency_s,0.020798
1756998213.674,latency_s,0.021859
1756998213.674,latency_s,0.020971
1756998213.674,latency_s,0.020301
1756998213.674,latency_s,0.020368
1756998213.674,latency_s,0.019704
1756998213.674,latency_s,0.019559
1756998213.684,latency_s,0.018765
1756998213.685,latency_s,0.018658
1756998213.688,latency_s,0.020591
1756998213.688,latency_s,0.020659
1756998213.688,latency_s,0.020328
1756998213.696,latency_s,0.018502
1756998213.721,latency_s,0.021519
1756998213.725,latency_s,0.018237
1756998213.740,latency_s,0.018296
1756998213.746,latency_s,0.019125
1756998213.748,latency_s,0.019020
1756998213.748,latency_s,0.018688
1756998213.750,latency_s,0.018365
1756998213.773,latency_s,0.020355
1756998213.773,latency_s,0.020463
1756998213.773,latency_s,0.019974
1756998213.773,latency_s,0.019811
1756998213.773,latency_s,0.019489
1756998213.773,latency_s,0.020516
1756998213.773,latency_s,0.019330
1756998213.773,latency_s,0.018946
1756998213.774,latency_s,0.017931
1756998213.785,latency_s,0.018617
1756998213.803,latency_s,0.035196
1756998213.803,latency_s,0.035322
1756998213.803,latency_s,0.035758
1756998213.803,latency_s,0.033927
1756998213.803,latency_s,0.024656
1756998213.819,latency_s,0.018631
1756998213.826,latency_s,0.018747
1756998213.843,latency_s,0.019718
1756998213.846,latency_s,0.018363
1756998213.849,latency_s,0.019529
1756998213.849,latency_s,0.018646
1756998213.850,latency_s,0.018339
1756998213.875,latency_s,0.022409
1756998213.875,latency_s,0.022258
1756998213.875,latency_s,0.022229
1756998213.875,latency_s,0.021771
1756998213.876,latency_s,0.021701
1756998213.876,latency_s,0.022117
1756998213.887,latency_s,0.032263
1756998213.887,latency_s,0.031991
1756998213.887,latency_s,0.030420
1756998213.887,latency_s,0.020100
1756998213.887,latency_s,0.137677
1756998213.887,latency_s,0.018879
1756998213.891,latency_s,0.041662
1756998213.891,latency_s,0.023074
1756998213.891,latency_s,0.021530
1756998213.891,latency_s,0.023710
1756998213.897,latency_s,0.018445
1756998213.919,latency_s,0.018430
1756998213.928,latency_s,0.019899
1756998213.942,latency_s,0.019040
1756998213.946,latency_s,0.018477
1756998213.949,latency_s,0.019663
1756998213.950,latency_s,0.018700
1756998213.952,latency_s,0.019272
1756998213.968,latency_s,0.018527
1756998213.974,latency_s,0.020286
1756998213.974,latency_s,0.020440
1756998213.974,latency_s,0.020435
1756998213.974,latency_s,0.019923
1756998213.974,latency_s,0.019474
1756998213.975,latency_s,0.021403
1756998213.984,latency_s,0.029594
1756998213.984,latency_s,0.028914
1756998213.984,latency_s,0.026346
1756998213.985,latency_s,0.018189
1756998213.990,latency_s,0.022459
1756998213.990,latency_s,0.021459
1756998213.991,latency_s,0.022062
1756998213.991,latency_s,0.021162
1756998213.999,latency_s,0.019736
1756998214.020,latency_s,0.018738
1756998214.026,latency_s,0.017712
1756998214.042,latency_s,0.018711
1756998214.047,latency_s,0.017909
1756998214.049,latency_s,0.018607
1756998214.052,latency_s,0.019771
1756998214.052,latency_s,0.019322
1756998214.070,latency_s,0.019145
1756998214.075,latency_s,0.020852
1756998214.075,latency_s,0.020903
1756998214.075,latency_s,0.020842
1756998214.075,latency_s,0.020973
1756998214.075,latency_s,0.021004
1756998214.075,latency_s,0.020435
1756998214.075,latency_s,0.020231
1756998214.076,latency_s,0.021470
1756998214.076,latency_s,0.018242
1756998214.086,latency_s,0.018022
1756998214.090,latency_s,0.021816
1756998214.090,latency_s,0.020666
1756998214.090,latency_s,0.019674
1756998214.090,latency_s,0.019877
1756998214.099,latency_s,0.018886
1756998214.120,latency_s,0.018122
1756998214.127,latency_s,0.018503
1756998214.144,latency_s,0.019493
1756998214.149,latency_s,0.018833
1756998214.150,latency_s,0.019333
1756998214.153,latency_s,0.019082
1756998214.153,latency_s,0.019309
1756998214.174,latency_s,0.020129
1756998214.175,latency_s,0.019981
1756998214.175,latency_s,0.020425
1756998214.175,latency_s,0.020529
1756998214.175,latency_s,0.020319
1756998214.175,latency_s,0.019737
1756998214.175,latency_s,0.019938
1756998214.175,latency_s,0.019875
1756998214.178,latency_s,0.018864
1756998214.190,latency_s,0.021455
1756998214.190,latency_s,0.021215
1756998214.190,latency_s,0.018652
1756998214.194,latency_s,0.023855
1756998214.194,latency_s,0.022775
1756998214.198,latency_s,0.018049
1756998214.221,latency_s,0.018497
1756998214.228,latency_s,0.017906
1756998214.243,latency_s,0.018382
1756998214.251,latency_s,0.019832
1756998214.251,latency_s,0.019986
1756998214.254,latency_s,0.019963
1756998214.255,latency_s,0.020288
1756998214.276,latency_s,0.021151
1756998214.276,latency_s,0.021145
1756998214.276,latency_s,0.021263
1756998214.289,latency_s,0.034262
1756998214.289,latency_s,0.034163
1756998214.290,latency_s,0.033761
1756998214.290,latency_s,0.034234
1756998214.290,latency_s,0.033711
1756998214.290,latency_s,0.030181
1756998214.290,latency_s,0.019968
1756998214.290,latency_s,0.019892
1756998214.293,latency_s,0.020839
1756998214.294,latency_s,0.020936
1756998214.294,latency_s,0.020715
1756998214.343,latency_s,0.061604
1756998214.343,latency_s,0.191446
1756998214.343,latency_s,0.091053
1756998214.343,latency_s,0.040308
1756998214.343,latency_s,0.033294
1756998214.357,latency_s,0.032099
1756998214.357,latency_s,0.024544
1756998214.358,latency_s,0.022666
1756998214.358,latency_s,0.022269
1756998214.371,latency_s,0.018672
1756998214.375,latency_s,0.018923
1756998214.375,latency_s,0.019192
1756998214.386,latency_s,0.030754
1756998214.386,latency_s,0.030837
1756998214.387,latency_s,0.030415
1756998214.387,latency_s,0.030679
1756998214.387,latency_s,0.030715
1756998214.387,latency_s,0.030491
1756998214.387,latency_s,0.026214
1756998214.389,latency_s,0.019092
1756998214.390,latency_s,0.019470
1756998214.392,latency_s,0.018629
1756998214.392,latency_s,0.018686
1756998214.402,latency_s,0.029083
1756998214.402,latency_s,0.020681
1756998214.423,latency_s,0.019655
1756998214.429,latency_s,0.018455
1756998214.445,latency_s,0.019535
1756998214.453,latency_s,0.019659
1756998214.455,latency_s,0.019500
1756998214.455,latency_s,0.019507
1756998214.473,latency_s,0.141379
1756998214.474,latency_s,0.041490
1756998214.474,latency_s,0.020133
1756998214.478,latency_s,0.021852
1756998214.478,latency_s,0.021790
1756998214.479,latency_s,0.022147
1756998214.486,latency_s,0.030102
1756998214.486,latency_s,0.029850
1756998214.487,latency_s,0.030234
1756998214.487,latency_s,0.029195
1756998214.487,latency_s,0.029166
1756998214.487,latency_s,0.025985
1756998214.494,latency_s,0.023670
1756998214.494,latency_s,0.023477
1756998214.494,latency_s,0.021090
1756998214.494,latency_s,0.021022
1756998214.494,latency_s,0.020904
1756998214.501,latency_s,0.019405
1756998214.523,latency_s,0.019330
1756998214.530,latency_s,0.019043
1756998214.545,latency_s,0.019241
1756998214.553,latency_s,0.020329
1756998214.553,latency_s,0.019858
1756998214.554,latency_s,0.018074
1756998214.555,latency_s,0.017926
1756998214.578,latency_s,0.023358
1756998214.578,latency_s,0.021387
1756998214.578,latency_s,0.021193
1756998214.578,latency_s,0.021250
1756998214.578,latency_s,0.020996
1756998214.578,latency_s,0.021302
1756998214.588,latency_s,0.031434
1756998214.589,latency_s,0.030782
1756998214.589,latency_s,0.031191
1756998214.589,latency_s,0.027892
1756998214.594,latency_s,0.023104
1756998214.594,latency_s,0.022581
1756998214.594,latency_s,0.019821
1756998214.594,latency_s,0.019818
1756998214.594,latency_s,0.019802
1756998214.601,latency_s,0.018550
1756998214.623,latency_s,0.019179
1756998214.630,latency_s,0.018871
1756998214.646,latency_s,0.019205
1756998214.652,latency_s,0.018365
1756998214.655,latency_s,0.019535
1756998214.655,latency_s,0.018957
1756998214.656,latency_s,0.018911
1756998214.674,latency_s,0.019124
1756998214.678,latency_s,0.021317
1756998214.679,latency_s,0.021281
1756998214.679,latency_s,0.021441
1756998214.679,latency_s,0.020988
1756998214.679,latency_s,0.021467
1756998214.689,latency_s,0.031130
1756998214.689,latency_s,0.031110
1756998214.690,latency_s,0.031576
1756998214.690,latency_s,0.028644
1756998214.690,latency_s,0.018453
1756998214.695,latency_s,0.023229
1756998214.695,latency_s,0.020787
1756998214.695,latency_s,0.020652
1756998214.696,latency_s,0.020914
1756998214.701,latency_s,0.017883
1756998214.724,latency_s,0.018833
1756998214.730,latency_s,0.018267
1756998214.746,latency_s,0.018511
1756998214.752,latency_s,0.018473
1756998214.754,latency_s,0.018083
1756998214.754,latency_s,0.017851
1756998214.756,latency_s,0.017962
1756998214.774,latency_s,0.018790
1756998214.778,latency_s,0.019589
1756998214.778,latency_s,0.019632
1756998214.778,latency_s,0.019979
1756998214.778,latency_s,0.019825
1756998214.778,latency_s,0.019559
1756998214.789,latency_s,0.030698
1756998214.789,latency_s,0.031148
1756998214.789,latency_s,0.030449
1756998214.789,latency_s,0.027544
1756998214.791,latency_s,0.018828
1756998214.791,latency_s,0.018138
1756998214.794,latency_s,0.019116
1756998214.794,latency_s,0.019014
1756998214.794,latency_s,0.019053
1756998214.801,latency_s,0.018452
1756998214.824,latency_s,0.019477
1756998214.831,latency_s,0.018605
1756998214.846,latency_s,0.018791
1756998214.853,latency_s,0.018957
1756998214.855,latency_s,0.018298
1756998214.856,latency_s,0.018492
1756998214.858,latency_s,0.018291
1756998214.874,latency_s,0.018842
1756998214.879,latency_s,0.021119
1756998214.880,latency_s,0.021765
1756998214.892,latency_s,0.033740
1756998214.892,latency_s,0.033976
1756998214.892,latency_s,0.033433
1756998214.892,latency_s,0.033926
1756998214.893,latency_s,0.034413
1756998214.893,latency_s,0.034054
1756998214.893,latency_s,0.031145
1756998214.893,latency_s,0.020849
1756998214.905,latency_s,0.030558
1756998214.905,latency_s,0.029406
1756998214.905,latency_s,0.030028
1756998214.905,latency_s,0.029999
1756998214.905,latency_s,0.022212
1756998214.924,latency_s,0.018288
1756998214.932,latency_s,0.018684
1756998214.947,latency_s,0.018905
1756998214.953,latency_s,0.018401
1756998214.956,latency_s,0.017761
1756998214.960,latency_s,0.020168
1756998214.960,latency_s,0.020290
1756998214.974,latency_s,0.018862
1756998214.980,latency_s,0.021001
1756998214.980,latency_s,0.020558
1756998214.980,latency_s,0.020851
1756998214.980,latency_s,0.021316
1756998214.980,latency_s,0.021613
1756998214.980,latency_s,0.021337
1756998214.989,latency_s,0.029483
1756998214.989,latency_s,0.029898
1756998214.989,latency_s,0.026640
1756998214.997,latency_s,0.024025
1756998214.997,latency_s,0.022344
1756998214.997,latency_s,0.021692
1756998214.997,latency_s,0.020901
1756998214.997,latency_s,0.021284
1756998215.001,latency_s,0.017914
1756998215.026,latency_s,0.019658
1756998215.032,latency_s,0.018435
1756998215.049,latency_s,0.018790
1756998215.053,latency_s,0.018171
1756998215.058,latency_s,0.019422
1756998215.059,latency_s,0.018260
1756998215.059,latency_s,0.018123
1756998215.081,latency_s,0.021332
1756998215.081,latency_s,0.021555
1756998215.081,latency_s,0.021204
1756998215.081,latency_s,0.021394
1756998215.081,latency_s,0.021508
1756998215.081,latency_s,0.021002
1756998215.081,latency_s,0.021254
1756998215.093,latency_s,0.033082
1756998215.093,latency_s,0.029323
1756998215.093,latency_s,0.020043
1756998215.096,latency_s,0.020701
1756998215.096,latency_s,0.021606
1756998215.096,latency_s,0.019557
1756998215.096,latency_s,0.019007
1756998215.126,latency_s,0.019432
1756998215.133,latency_s,0.019787
1756998215.149,latency_s,0.019049
1756998215.154,latency_s,0.018753
1756998215.159,latency_s,0.018903
1756998215.159,latency_s,0.018373
1756998215.161,latency_s,0.018387
1756998215.180,latency_s,0.020857
1756998215.180,latency_s,0.020689
1756998215.180,latency_s,0.020650
1756998215.181,latency_s,0.020404
1756998215.181,latency_s,0.021047
1756998215.181,latency_s,0.020561
1756998215.181,latency_s,0.021106
1756998215.197,latency_s,0.036174
1756998215.197,latency_s,0.031952
1756998215.197,latency_s,0.022709
1756998215.197,latency_s,0.021179
1756998215.197,latency_s,0.020627
1756998215.197,latency_s,0.019935
1756998215.197,latency_s,0.019018
1756998215.216,latency_s,0.159925
1756998215.216,latency_s,0.059660
1756998215.223,latency_s,0.139231
1756998215.224,latency_s,0.039236
1756998215.226,latency_s,0.019051
1756998215.232,latency_s,0.017986
1756998215.249,latency_s,0.018128
1756998215.254,latency_s,0.018161
1756998215.262,latency_s,0.020961
1756998215.262,latency_s,0.020939
1756998215.262,latency_s,0.018533
1756998215.275,latency_s,0.018523
1756998215.296,latency_s,0.035567
1756998215.296,latency_s,0.035865
1756998215.297,latency_s,0.036748
1756998215.297,latency_s,0.036577
1756998215.297,latency_s,0.036357
1756998215.297,latency_s,0.036408
1756998215.297,latency_s,0.036716
1756998215.297,latency_s,0.036047
1756998215.297,latency_s,0.031597
1756998215.297,latency_s,0.022089
1756998215.297,latency_s,0.021041
1756998215.297,latency_s,0.020276
1756998215.297,latency_s,0.019829
1756998215.297,latency_s,0.018519
1756998215.305,latency_s,0.019110
1756998215.326,latency_s,0.018633
1756998215.332,latency_s,0.017998
1756998215.350,latency_s,0.018488
1756998215.356,latency_s,0.019044
1756998215.362,latency_s,0.019344
1756998215.362,latency_s,0.019435
1756998215.366,latency_s,0.019835
1756998215.377,latency_s,0.019221
1756998215.397,latency_s,0.036648
1756998215.397,latency_s,0.036748
1756998215.398,latency_s,0.036844
1756998215.398,latency_s,0.037149
1756998215.398,latency_s,0.036961
1756998215.398,latency_s,0.036726
1756998215.398,latency_s,0.036611
1756998215.398,latency_s,0.036466
1756998215.398,latency_s,0.032736
1756998215.398,latency_s,0.022375
1756998215.399,latency_s,0.022314
1756998215.409,latency_s,0.031906
1756998215.409,latency_s,0.030480
1756998215.409,latency_s,0.030183
1756998215.409,latency_s,0.023137
1756998215.428,latency_s,0.020686
1756998215.433,latency_s,0.018779
1756998215.451,latency_s,0.019221
1756998215.456,latency_s,0.018642
1756998215.462,latency_s,0.018270
1756998215.462,latency_s,0.018507
1756998215.466,latency_s,0.020025
1756998215.476,latency_s,0.018703
1756998215.482,latency_s,0.020074
1756998215.482,latency_s,0.020078
1756998215.482,latency_s,0.019842
1756998215.482,latency_s,0.019656
1756998215.483,latency_s,0.020014
1756998215.483,latency_s,0.020416
1756998215.483,latency_s,0.019999
1756998215.483,latency_s,0.019865
1756998215.497,latency_s,0.031062
1756998215.497,latency_s,0.020572
1756998215.497,latency_s,0.020526
1756998215.497,latency_s,0.019782
1756998215.499,latency_s,0.019868
1756998215.500,latency_s,0.019896
1756998215.506,latency_s,0.018734
1756998215.527,latency_s,0.018705
1756998215.534,latency_s,0.019258
1756998215.551,latency_s,0.018536
1756998215.558,latency_s,0.020211
1756998215.565,latency_s,0.020272
1756998215.565,latency_s,0.020502
1756998215.566,latency_s,0.019110
1756998215.596,latency_s,0.037611
1756998215.596,latency_s,0.033542
1756998215.596,latency_s,0.033846
1756998215.596,latency_s,0.033563
1756998215.596,latency_s,0.033501
1756998215.596,latency_s,0.033039
1756998215.596,latency_s,0.033200
1756998215.596,latency_s,0.033623
1756998215.596,latency_s,0.033158
1756998215.596,latency_s,0.029735
1756998215.597,latency_s,0.019179
1756998215.597,latency_s,0.018622
1756998215.611,latency_s,0.033677
1756998215.611,latency_s,0.031320
1756998215.611,latency_s,0.030029
1756998215.611,latency_s,0.023721
1756998215.628,latency_s,0.018453
1756998215.633,latency_s,0.018257
1756998215.653,latency_s,0.018692
1756998215.657,latency_s,0.018663
1756998215.665,latency_s,0.019790
1756998215.665,latency_s,0.019801
1756998215.668,latency_s,0.018962
1756998215.679,latency_s,0.019922
1756998215.686,latency_s,0.022536
1756998215.686,latency_s,0.022280
1756998215.686,latency_s,0.022014
1756998215.686,latency_s,0.022327
1756998215.686,latency_s,0.022314
1756998215.698,latency_s,0.033880
1756998215.698,latency_s,0.035000
1756998215.698,latency_s,0.034662
1756998215.698,latency_s,0.031003
1756998215.698,latency_s,0.020519
1756998215.698,latency_s,0.020226
1756998215.701,latency_s,0.021567
1756998215.701,latency_s,0.021149
1756998215.701,latency_s,0.019562
1756998215.706,latency_s,0.018745
1756998215.729,latency_s,0.018564
1756998215.734,latency_s,0.018523
1756998215.753,latency_s,0.018356
1756998215.757,latency_s,0.018245
1756998215.764,latency_s,0.018502
1756998215.764,latency_s,0.018590
1756998215.768,latency_s,0.019098
1756998215.777,latency_s,0.018235
1756998215.788,latency_s,0.023785
1756998215.788,latency_s,0.024153
1756998215.788,latency_s,0.024150
1756998215.788,latency_s,0.023879
1756998215.788,latency_s,0.023798
1756998215.812,latency_s,0.047232
1756998215.812,latency_s,0.047589
1756998215.812,latency_s,0.047459
1756998215.812,latency_s,0.044165
1756998215.812,latency_s,0.034060
1756998215.812,latency_s,0.033153
1756998215.812,latency_s,0.031164
1756998215.812,latency_s,0.032901
1756998215.812,latency_s,0.029253
1756998215.812,latency_s,0.023892
1756998215.830,latency_s,0.019293
1756998215.836,latency_s,0.019714
1756998215.854,latency_s,0.018924
1756998215.858,latency_s,0.018679
1756998215.866,latency_s,0.019983
1756998215.868,latency_s,0.021283
1756998215.868,latency_s,0.019276
1756998215.879,latency_s,0.019256
1756998215.901,latency_s,0.037268
1756998215.901,latency_s,0.037347
1756998215.901,latency_s,0.036795
1756998215.901,latency_s,0.037344
1756998215.901,latency_s,0.037205
1756998215.901,latency_s,0.036505
1756998215.901,latency_s,0.036951
1756998215.902,latency_s,0.036797
1756998215.902,latency_s,0.032355
1756998215.913,latency_s,0.034003
1756998215.913,latency_s,0.033290
1756998215.913,latency_s,0.033289
1756998215.913,latency_s,0.031416
1756998215.913,latency_s,0.029439
1756998215.913,latency_s,0.024123
1756998215.931,latency_s,0.019201
1756998215.937,latency_s,0.020274
1756998215.954,latency_s,0.018386
1756998215.958,latency_s,0.018543
1756998215.969,latency_s,0.022722
1756998215.970,latency_s,0.021500
1756998215.970,latency_s,0.019604
1756998215.979,latency_s,0.018516
1756998215.986,latency_s,0.021876
1756998215.986,latency_s,0.021866
1756998215.986,latency_s,0.021980
1756998215.986,latency_s,0.021477
1756998215.986,latency_s,0.021539
1756998215.987,latency_s,0.021561
1756998215.987,latency_s,0.021764
1756998215.987,latency_s,0.021447
1756998215.988,latency_s,0.017926
1756998216.000,latency_s,0.019614
1756998216.000,latency_s,0.020201
1756998216.000,latency_s,0.020675
1756998216.002,latency_s,0.019571
1756998216.003,latency_s,0.018945
1756998216.015,latency_s,0.025024
1756998216.031,latency_s,0.018755
1756998216.035,latency_s,0.017860
1756998216.055,latency_s,0.018966
1756998216.058,latency_s,0.017912
1756998216.067,latency_s,0.020098
1756998216.069,latency_s,0.020513
1756998216.069,latency_s,0.018648
1756998216.080,latency_s,0.018851
1756998216.085,latency_s,0.020266
1756998216.085,latency_s,0.020235
1756998216.085,latency_s,0.020376
1756998216.085,latency_s,0.020207
1756998216.100,latency_s,0.033676
1756998216.100,latency_s,0.034012
1756998216.100,latency_s,0.033871
1756998216.100,latency_s,0.033418
1756998216.100,latency_s,0.028848
1756998216.100,latency_s,0.020264
1756998216.100,latency_s,0.019508
1756998216.100,latency_s,0.018973
1756998216.100,latency_s,0.017630
1756998216.104,latency_s,0.018757
1756998216.110,latency_s,0.020162
1756998216.131,latency_s,0.018663
1756998216.135,latency_s,0.018053
1756998216.156,latency_s,0.018548
1756998216.159,latency_s,0.018327
1756998216.166,latency_s,0.017942
1756998216.167,latency_s,0.018500
1756998216.168,latency_s,0.017576
1756998216.179,latency_s,0.018107
1756998216.184,latency_s,0.017955
1756998216.184,latency_s,0.018187
1756998216.187,latency_s,0.021180
1756998216.187,latency_s,0.020603
1756998216.187,latency_s,0.020969
1756998216.187,latency_s,0.020668
1756998216.187,latency_s,0.021395
1756998216.194,latency_s,0.027302
1756998216.201,latency_s,0.024552
1756998216.201,latency_s,0.020658
1756998216.201,latency_s,0.020123
1756998216.201,latency_s,0.019706
1756998216.203,latency_s,0.020116
1756998216.205,latency_s,0.018303
1756998216.208,latency_s,0.018259
1756998216.235,latency_s,0.021587
1756998216.236,latency_s,0.018358
1756998216.281,latency_s,0.043090
1756998216.281,latency_s,0.040732
1756998216.282,latency_s,0.033042
1756998216.282,latency_s,0.030095
1756998216.282,latency_s,0.030154
1756998216.282,latency_s,0.019894
1756998216.287,latency_s,0.021328
1756998216.287,latency_s,0.021163
1756998216.287,latency_s,0.021019
1756998216.287,latency_s,0.020570
1756998216.287,latency_s,0.020756
1756998216.297,latency_s,0.029709
1756998216.297,latency_s,0.029135
1756998216.297,latency_s,0.029579
1756998216.297,latency_s,0.018118
1756998216.303,latency_s,0.022284
1756998216.303,latency_s,0.022489
1756998216.303,latency_s,0.021882
1756998216.303,latency_s,0.020481
1756998216.306,latency_s,0.018733
1756998216.309,latency_s,0.018946
1756998216.333,latency_s,0.019464
1756998216.336,latency_s,0.018481
1756998216.357,latency_s,0.018359
1756998216.361,latency_s,0.018719
1756998216.367,latency_s,0.018521
1756998216.372,latency_s,0.019927
1756998216.372,latency_s,0.020049
1756998216.381,latency_s,0.018631
1756998216.386,latency_s,0.019542
1756998216.389,latency_s,0.022295
1756998216.389,latency_s,0.022093
1756998216.389,latency_s,0.021953
1756998216.389,latency_s,0.021128
1756998216.389,latency_s,0.022216
1756998216.389,latency_s,0.021099
1756998216.389,latency_s,0.020629
1756998216.399,latency_s,0.018903
1756998216.402,latency_s,0.021482
1756998216.403,latency_s,0.021568
1756998216.403,latency_s,0.020930
1756998216.403,latency_s,0.019272
1756998216.417,latency_s,0.029226
1756998216.418,latency_s,0.027300
1756998216.433,latency_s,0.018867
1756998216.437,latency_s,0.018553
1756998216.458,latency_s,0.018937
1756998216.461,latency_s,0.019246
1756998216.467,latency_s,0.018059
1756998216.472,latency_s,0.019136
1756998216.473,latency_s,0.019423
1756998216.482,latency_s,0.019650
1756998216.490,latency_s,0.022489
1756998216.490,latency_s,0.022511
1756998216.490,latency_s,0.022288
1756998216.490,latency_s,0.022326
1756998216.490,latency_s,0.021563
1756998216.490,latency_s,0.021263
1756998216.490,latency_s,0.021262
1756998216.497,latency_s,0.028111
1756998216.505,latency_s,0.024322
1756998216.505,latency_s,0.023331
1756998216.505,latency_s,0.022924
1756998216.505,latency_s,0.023604
1756998216.505,latency_s,0.021312
1756998216.507,latency_s,0.018520
1756998216.509,latency_s,0.018093
1756998216.533,latency_s,0.018475
1756998216.538,latency_s,0.019034
1756998216.559,latency_s,0.019257
1756998216.561,latency_s,0.018170
1756998216.569,latency_s,0.019082
1756998216.572,latency_s,0.018168
1756998216.573,latency_s,0.017828
1756998216.584,latency_s,0.020263
1756998216.587,latency_s,0.019717
1756998216.587,latency_s,0.020011
1756998216.587,latency_s,0.019655
1756998216.588,latency_s,0.019915
1756998216.588,latency_s,0.018031
1756998216.588,latency_s,0.017987
1756998216.588,latency_s,0.018022
1756998216.590,latency_s,0.019552
1756998216.618,latency_s,0.037718
1756998216.619,latency_s,0.036293
1756998216.619,latency_s,0.036539
1756998216.619,latency_s,0.036563
1756998216.619,latency_s,0.034506
1756998216.619,latency_s,0.029793
1756998216.619,latency_s,0.027431
1756998216.635,latency_s,0.020252
1756998216.639,latency_s,0.019608
1756998216.659,latency_s,0.018878
1756998216.662,latency_s,0.018781
1756998216.669,latency_s,0.018737
1756998216.675,latency_s,0.018198
1756998216.677,latency_s,0.018317
1756998216.688,latency_s,0.024171
1756998216.688,latency_s,0.020475
1756998216.689,latency_s,0.021168
1756998216.689,latency_s,0.021040
1756998216.689,latency_s,0.021055
1756998216.689,latency_s,0.019450
1756998216.689,latency_s,0.019291
1756998216.691,latency_s,0.020493
1756998216.691,latency_s,0.020199
1756998216.701,latency_s,0.019958
1756998216.703,latency_s,0.020092
1756998216.703,latency_s,0.020398
1756998216.703,latency_s,0.020204
1756998216.704,latency_s,0.019636
1756998216.708,latency_s,0.018665
1756998216.710,latency_s,0.018790
1756998216.734,latency_s,0.019351
1756998216.739,latency_s,0.019205
1756998216.761,latency_s,0.020410
1756998216.762,latency_s,0.018163
1756998216.771,latency_s,0.019893
1756998216.776,latency_s,0.018462
1756998216.778,latency_s,0.018690
1756998216.783,latency_s,0.018974
1756998216.790,latency_s,0.021918
1756998216.791,latency_s,0.021807
1756998216.791,latency_s,0.021921
1756998216.791,latency_s,0.021011
1756998216.791,latency_s,0.020166
1756998216.791,latency_s,0.019905
1756998216.791,latency_s,0.020166
1756998216.791,latency_s,0.019313
1756998216.802,latency_s,0.018981
1756998216.802,latency_s,0.019268
1756998216.805,latency_s,0.022171
1756998216.805,latency_s,0.021887
1756998216.805,latency_s,0.020269
1756998216.809,latency_s,0.019016
1756998216.810,latency_s,0.018617
1756998216.834,latency_s,0.018672
1756998216.839,latency_s,0.018254
1756998216.862,latency_s,0.020385
1756998216.863,latency_s,0.019729
1756998216.871,latency_s,0.020354
1756998216.881,latency_s,0.019636
1756998216.881,latency_s,0.019163
1756998216.884,latency_s,0.019429
1756998216.889,latency_s,0.020098
1756998216.890,latency_s,0.020826
1756998216.890,latency_s,0.020586
1756998216.896,latency_s,0.025157
1756998216.896,latency_s,0.025637
1756998216.896,latency_s,0.025280
1756998216.896,latency_s,0.024409
1756998216.902,latency_s,0.018223
1756998216.904,latency_s,0.020423
1756998216.905,latency_s,0.020288
1756998216.905,latency_s,0.021360
1756998216.905,latency_s,0.019391
1756998216.910,latency_s,0.018645
1756998216.911,latency_s,0.019476
1756998216.934,latency_s,0.018794
1756998216.940,latency_s,0.019161
1756998216.961,latency_s,0.019805
1756998216.962,latency_s,0.017951
1756998216.970,latency_s,0.018807
1756998216.984,latency_s,0.019342
1756998216.984,latency_s,0.018485
1756998216.984,latency_s,0.018034
1756998216.990,latency_s,0.020706
1756998216.990,latency_s,0.020551
1756998216.990,latency_s,0.019768
1756998216.990,latency_s,0.019621
1756998216.998,latency_s,0.026850
1756998216.998,latency_s,0.026676
1756998216.998,latency_s,0.025846
1756998217.005,latency_s,0.020495
1756998217.005,latency_s,0.020292
1756998217.006,latency_s,0.021756
1756998217.006,latency_s,0.021075
1756998217.006,latency_s,0.020245
1756998217.006,latency_s,0.136024
1756998217.006,latency_s,0.035689
1756998217.011,latency_s,0.018944
1756998217.013,latency_s,0.020207
1756998217.035,latency_s,0.018982
1756998217.041,latency_s,0.019861
1756998217.061,latency_s,0.018673
1756998217.062,latency_s,0.018298
1756998217.071,latency_s,0.019180
1756998217.082,latency_s,0.017700
1756998217.084,latency_s,0.018383
1756998217.086,latency_s,0.019291
1756998217.092,latency_s,0.021463
1756998217.092,latency_s,0.021175
1756998217.092,latency_s,0.020531
1756998217.092,latency_s,0.021144
1756998217.097,latency_s,0.026019
1756998217.097,latency_s,0.025601
1756998217.097,latency_s,0.025488
1756998217.097,latency_s,0.024247
1756998217.105,latency_s,0.021036
1756998217.106,latency_s,0.020775
1756998217.106,latency_s,0.020666
1756998217.106,latency_s,0.020040
1756998217.107,latency_s,0.020871
1756998217.112,latency_s,0.019374
1756998217.112,latency_s,0.019142
1756998217.135,latency_s,0.018980
1756998217.141,latency_s,0.018653
1756998217.161,latency_s,0.018720
1756998217.163,latency_s,0.018407
1756998217.171,latency_s,0.018439
1756998217.186,latency_s,0.020421
1756998217.186,latency_s,0.019529
1756998217.186,latency_s,0.018525
1756998217.191,latency_s,0.020697
1756998217.192,latency_s,0.020529
1756998217.192,latency_s,0.020193
1756998217.192,latency_s,0.020365
1756998217.192,latency_s,0.020411
1756998217.193,latency_s,0.021031
1756998217.200,latency_s,0.027921
1756998217.200,latency_s,0.026328
1756998217.205,latency_s,0.019989
1756998217.205,latency_s,0.019841
1756998217.208,latency_s,0.021632
1756998217.208,latency_s,0.021008
1756998217.208,latency_s,0.022271
1756998217.212,latency_s,0.019093
1756998217.213,latency_s,0.018782
1756998217.238,latency_s,0.021116
1756998217.241,latency_s,0.018526
1756998217.265,latency_s,0.021194
1756998217.265,latency_s,0.019923
1756998217.272,latency_s,0.018470
1756998217.284,latency_s,0.017869
1756998217.285,latency_s,0.018449
1756998217.288,latency_s,0.019031
1756998217.290,latency_s,0.019217
1756998217.290,latency_s,0.018341
1756998217.290,latency_s,0.018704
1756998217.290,latency_s,0.018545
1756998217.290,latency_s,0.018557
1756998217.293,latency_s,0.020357
1756998217.299,latency_s,0.027035
1756998217.300,latency_s,0.024925
1756998217.305,latency_s,0.019744
1756998217.305,latency_s,0.019524
1756998217.305,latency_s,0.019549
1756998217.306,latency_s,0.018290
1756998217.306,latency_s,0.018333
1756998217.315,latency_s,0.019597
1756998217.315,latency_s,0.019265
1756998217.337,latency_s,0.019475
1756998217.341,latency_s,0.018009
1756998217.363,latency_s,0.018453
1756998217.364,latency_s,0.018843
1756998217.374,latency_s,0.018963
1756998217.388,latency_s,0.020455
1756998217.388,latency_s,0.019505
1756998217.388,latency_s,0.018456
1756998217.393,latency_s,0.020971
1756998217.393,latency_s,0.020469
1756998217.393,latency_s,0.020616
1756998217.393,latency_s,0.019899
1756998217.393,latency_s,0.020163
1756998217.393,latency_s,0.019606
1756998217.393,latency_s,0.019544
1756998217.403,latency_s,0.027822
1756998217.405,latency_s,0.019216
1756998217.405,latency_s,0.019086
1756998217.405,latency_s,0.019456
1756998217.408,latency_s,0.019973
1756998217.408,latency_s,0.019712
1756998217.415,latency_s,0.019315
1756998217.415,latency_s,0.018476
1756998217.437,latency_s,0.019296
1756998217.443,latency_s,0.019844
1756998217.464,latency_s,0.019089
1756998217.464,latency_s,0.019201
1756998217.475,latency_s,0.019824
1756998217.488,latency_s,0.019790
1756998217.488,latency_s,0.018720
1756998217.492,latency_s,0.020290
1756998217.492,latency_s,0.019486
1756998217.508,latency_s,0.036106
1756998217.508,latency_s,0.034935
1756998217.508,latency_s,0.034907
1756998217.508,latency_s,0.034835
1756998217.509,latency_s,0.034475
1756998217.509,latency_s,0.033234
1756998217.509,latency_s,0.022041
1756998217.509,latency_s,0.022039
1756998217.509,latency_s,0.020072
1756998217.509,latency_s,0.022090
1756998217.509,latency_s,0.020196
1756998217.514,latency_s,0.017793
1756998217.515,latency_s,0.018204
1756998217.537,latency_s,0.018435
1756998217.546,latency_s,0.021782
1756998217.565,latency_s,0.019012
1756998217.565,latency_s,0.018842
1756998217.577,latency_s,0.018970
1756998217.587,latency_s,0.018651
1756998217.587,latency_s,0.017661
1756998217.591,latency_s,0.018460
1756998217.591,latency_s,0.018524
1756998217.591,latency_s,0.018430
1756998217.594,latency_s,0.019729
1756998217.594,latency_s,0.019875
1756998217.594,latency_s,0.019420
1756998217.594,latency_s,0.019915
1756998217.602,latency_s,0.026347
1756998217.607,latency_s,0.020302
1756998217.608,latency_s,0.020838
1756998217.608,latency_s,0.020763
1756998217.608,latency_s,0.018506
1756998217.610,latency_s,0.020684
1756998217.613,latency_s,0.141519
1756998217.614,latency_s,0.041131
1756998217.616,latency_s,0.019032
1756998217.616,latency_s,0.018844
1756998217.639,latency_s,0.020041
1756998217.643,latency_s,0.018787
1756998217.666,latency_s,0.019775
1756998217.666,latency_s,0.019496
1756998217.678,latency_s,0.018781
1756998217.688,latency_s,0.018573
1756998217.688,latency_s,0.017803
1756998217.694,latency_s,0.021018
1756998217.694,latency_s,0.020740
1756998217.694,latency_s,0.021139
1756998217.694,latency_s,0.021105
1756998217.694,latency_s,0.020241
1756998217.694,latency_s,0.019620
1756998217.695,latency_s,0.019236
1756998217.702,latency_s,0.027750
1756998217.703,latency_s,0.025899
1756998217.710,latency_s,0.022596
1756998217.710,latency_s,0.022527
1756998217.710,latency_s,0.022640
1756998217.710,latency_s,0.020358
1756998217.710,latency_s,0.020406
1756998217.718,latency_s,0.019763
1756998217.718,latency_s,0.019889
1756998217.739,latency_s,0.018607
1756998217.744,latency_s,0.019135
1756998217.766,latency_s,0.018994
1756998217.766,latency_s,0.018876
1756998217.781,latency_s,0.018533
1756998217.788,latency_s,0.018591
1756998217.789,latency_s,0.018961
1756998217.793,latency_s,0.019549
1756998217.793,latency_s,0.019554
1756998217.793,latency_s,0.018519
1756998217.793,latency_s,0.019552
1756998217.794,latency_s,0.019226
1756998217.794,latency_s,0.019634
1756998217.797,latency_s,0.021453
1756998217.797,latency_s,0.020503
1756998217.797,latency_s,0.020394
1756998217.807,latency_s,0.018703
1756998217.807,latency_s,0.019110
1756998217.810,latency_s,0.021297
1756998217.810,latency_s,0.020099
1756998217.811,latency_s,0.020348
1756998217.818,latency_s,0.019829
1756998217.819,latency_s,0.019887
1756998217.840,latency_s,0.018598
1756998217.844,latency_s,0.018476
1756998217.866,latency_s,0.019387
1756998217.866,latency_s,0.019003
1756998217.882,latency_s,0.018351
1756998217.891,latency_s,0.020681
1756998217.891,latency_s,0.019812
1756998217.892,latency_s,0.017982
1756998217.892,latency_s,0.018018
1756998217.909,latency_s,0.034495
1756998217.911,latency_s,0.035913
1756998217.911,latency_s,0.035127
1756998217.911,latency_s,0.035155
1756998217.911,latency_s,0.034317
1756998217.911,latency_s,0.033344
1756998217.911,latency_s,0.033391
1756998217.911,latency_s,0.021938
1756998217.911,latency_s,0.021590
1756998217.911,latency_s,0.021451
1756998217.911,latency_s,0.020324
1756998217.911,latency_s,0.020172
1756998217.919,latency_s,0.019379
1756998217.924,latency_s,0.024553
1756998217.942,latency_s,0.019967
1756998217.945,latency_s,0.018807
1756998217.967,latency_s,0.018736
1756998217.967,latency_s,0.018979
1756998217.983,latency_s,0.018831
1756998217.988,latency_s,0.018393
1756998217.989,latency_s,0.017580
1756998217.996,latency_s,0.020952
1756998217.996,latency_s,0.021098
1756998217.996,latency_s,0.021049
1756998217.996,latency_s,0.020046
1756998217.998,latency_s,0.021843
1756998217.998,latency_s,0.021925
1756998217.998,latency_s,0.021243
1756998217.998,latency_s,0.020367
1756998217.998,latency_s,0.020293
1756998218.012,latency_s,0.022110
1756998218.012,latency_s,0.022533
1756998218.012,latency_s,0.022584
1756998218.012,latency_s,0.020617
1756998218.012,latency_s,0.020761
1756998218.019,latency_s,0.018912
1756998218.019,latency_s,0.018937
1756998218.041,latency_s,0.018716
1756998218.045,latency_s,0.018899
1756998218.069,latency_s,0.020582
1756998218.069,latency_s,0.020675
1756998218.086,latency_s,0.020751
1756998218.089,latency_s,0.018514
1756998218.091,latency_s,0.018165
1756998218.095,latency_s,0.019746
1756998218.095,latency_s,0.019649
1756998218.095,latency_s,0.019708
1756998218.095,latency_s,0.018652
1756998218.099,latency_s,0.023258
1756998218.100,latency_s,0.023613
1756998218.100,latency_s,0.022403
1756998218.100,latency_s,0.021441
1756998218.100,latency_s,0.021464
1756998218.112,latency_s,0.021938
1756998218.112,latency_s,0.022143
1756998218.112,latency_s,0.022023
1756998218.112,latency_s,0.020148
1756998218.112,latency_s,0.020132
1756998218.119,latency_s,0.018409
1756998218.119,latency_s,0.018169
1756998218.143,latency_s,0.018400
1756998218.145,latency_s,0.018323
1756998218.167,latency_s,0.018683
1756998218.168,latency_s,0.018789
1756998218.185,latency_s,0.018789
1756998218.190,latency_s,0.018214
1756998218.191,latency_s,0.018325
1756998218.197,latency_s,0.021092
1756998218.197,latency_s,0.021014
1756998218.197,latency_s,0.021171
1756998218.197,latency_s,0.020960
1756998218.200,latency_s,0.023385
1756998218.200,latency_s,0.023448
1756998218.200,latency_s,0.022051
1756998218.200,latency_s,0.021554
1756998218.211,latency_s,0.020413
1756998218.211,latency_s,0.020052
1756998218.211,latency_s,0.020632
1756998218.211,latency_s,0.018050
1756998218.214,latency_s,0.021024
1756998218.221,latency_s,0.019243
1756998218.221,latency_s,0.018277
1756998218.243,latency_s,0.018956
1756998218.246,latency_s,0.018457
1756998218.268,latency_s,0.018768
1756998218.268,latency_s,0.018880
1756998218.286,latency_s,0.018802
1756998218.290,latency_s,0.018369
1756998218.291,latency_s,0.017895
1756998218.298,latency_s,0.021717
1756998218.298,latency_s,0.021559
1756998218.298,latency_s,0.021216
1756998218.298,latency_s,0.021339
1756998218.298,latency_s,0.021098
1756998218.298,latency_s,0.021435
1756998218.300,latency_s,0.020299
1756998218.300,latency_s,0.020458
1756998218.309,latency_s,0.018548
1756998218.311,latency_s,0.020435
1756998218.312,latency_s,0.020673
1756998218.314,latency_s,0.020618
1756998218.314,latency_s,0.020632
1756998218.319,latency_s,0.140726
1756998218.319,latency_s,0.039536
1756998218.322,latency_s,0.019069
1756998218.322,latency_s,0.019039
1756998218.346,latency_s,0.018999
1756998218.346,latency_s,0.018130
1756998218.370,latency_s,0.019961
1756998218.370,latency_s,0.020085
1756998218.387,latency_s,0.019186
1756998218.391,latency_s,0.018432
1756998218.393,latency_s,0.018747
1756998218.395,latency_s,0.017692
1756998218.396,latency_s,0.019107
1756998218.396,latency_s,0.018945
1756998218.396,latency_s,0.019459
1756998218.396,latency_s,0.018913
1756998218.396,latency_s,0.019211
1756998218.403,latency_s,0.022967
1756998218.403,latency_s,0.023048
1756998218.403,latency_s,0.022924
1756998218.409,latency_s,0.018151
1756998218.413,latency_s,0.022022
1756998218.413,latency_s,0.022139
1756998218.413,latency_s,0.020067
1756998218.413,latency_s,0.019602
1756998218.424,latency_s,0.020015
1756998218.424,latency_s,0.019905
1756998218.447,latency_s,0.019787
1756998218.447,latency_s,0.018885
1756998218.471,latency_s,0.021118
1756998218.471,latency_s,0.021183
1756998218.487,latency_s,0.018989
1756998218.497,latency_s,0.021710
1756998218.497,latency_s,0.021814
1756998218.497,latency_s,0.019491
1756998218.497,latency_s,0.019193
1756998218.497,latency_s,0.019125
1756998218.497,latency_s,0.019351
1756998218.497,latency_s,0.019310
1756998218.497,latency_s,0.019409
1756998218.500,latency_s,0.019949
1756998218.500,latency_s,0.019924
1756998218.503,latency_s,0.021925
1756998218.509,latency_s,0.017988
1756998218.513,latency_s,0.021991
1756998218.513,latency_s,0.021780
1756998218.513,latency_s,0.019340
1756998218.514,latency_s,0.019388
1756998218.528,latency_s,0.020111
1756998218.528,latency_s,0.020230
1756998218.547,latency_s,0.018229
1756998218.548,latency_s,0.018688
1756998218.569,latency_s,0.018866
1756998218.569,latency_s,0.018987
1756998218.588,latency_s,0.018608
1756998218.595,latency_s,0.018678
1756998218.596,latency_s,0.018936
1756998218.596,latency_s,0.017845
1756998218.598,latency_s,0.019588
1756998218.598,latency_s,0.019536
1756998218.598,latency_s,0.019478
1756998218.598,latency_s,0.019727
1756998218.598,latency_s,0.019353
1756998218.600,latency_s,0.018087
1756998218.600,latency_s,0.018401
1756998218.606,latency_s,0.023993
1756998218.614,latency_s,0.021977
1756998218.614,latency_s,0.022122
1756998218.614,latency_s,0.021844
1756998218.614,latency_s,0.019103
1756998218.614,latency_s,0.019853
1756998218.627,latency_s,0.018693
1756998218.627,latency_s,0.018782
1756998218.649,latency_s,0.019046
1756998218.649,latency_s,0.019106
1756998218.669,latency_s,0.019015
1756998218.670,latency_s,0.019117
1756998218.689,latency_s,0.018446
1756998218.699,latency_s,0.021581
1756998218.699,latency_s,0.021792
1756998218.699,latency_s,0.020999
1756998218.699,latency_s,0.020430
1756998218.699,latency_s,0.020687
1756998218.699,latency_s,0.020797
1756998218.699,latency_s,0.021242
1756998218.700,latency_s,0.020935
1756998218.700,latency_s,0.018109
1756998218.701,latency_s,0.017933
1756998218.701,latency_s,0.018380
1756998218.710,latency_s,0.018253
1756998218.710,latency_s,0.018143
1756998218.710,latency_s,0.018169
1756998218.714,latency_s,0.019999
1756998218.715,latency_s,0.019882
1756998218.728,latency_s,0.019540
1756998218.728,latency_s,0.019596
1756998218.749,latency_s,0.019093
1756998218.749,latency_s,0.018680
1756998218.771,latency_s,0.020396
1756998218.771,latency_s,0.020491
1756998218.791,latency_s,0.019335
1756998218.801,latency_s,0.022258
1756998218.801,latency_s,0.022470
1756998218.801,latency_s,0.022118
1756998218.801,latency_s,0.022183
1756998218.801,latency_s,0.022076
1756998218.801,latency_s,0.022840
1756998218.802,latency_s,0.022222
1756998218.802,latency_s,0.022401
1756998218.802,latency_s,0.018667
1756998218.802,latency_s,0.018107
1756998218.802,latency_s,0.018559
1756998218.813,latency_s,0.020995
1756998218.813,latency_s,0.020676
1756998218.813,latency_s,0.020667
1756998218.843,latency_s,0.047728
1756998218.843,latency_s,0.047179
1756998218.843,latency_s,0.034492
1756998218.843,latency_s,0.034533
1756998218.850,latency_s,0.019037
1756998218.858,latency_s,0.027078
1756998218.870,latency_s,0.018709
1756998218.870,latency_s,0.018453
1756998218.892,latency_s,0.019820
1756998218.897,latency_s,0.018408
1756998218.898,latency_s,0.018175
1756998218.898,latency_s,0.018464
1756998218.901,latency_s,0.019532
1756998218.901,latency_s,0.019501
1756998218.901,latency_s,0.019644
1756998218.901,latency_s,0.019500
1756998218.908,latency_s,0.026310
1756998218.908,latency_s,0.024629
1756998218.908,latency_s,0.024513
1756998218.908,latency_s,0.024405
1756998218.911,latency_s,0.018167
1756998218.913,latency_s,0.020189
1756998218.913,latency_s,0.019905
1756998218.914,latency_s,0.018063
1756998218.917,latency_s,0.020700
1756998218.927,latency_s,0.018284
1756998218.928,latency_s,0.018377
1756998218.950,latency_s,0.018836
1756998218.952,latency_s,0.018072
1756998218.972,latency_s,0.018768
1756998218.972,latency_s,0.018468
1756998218.995,latency_s,0.018934
1756998218.999,latency_s,0.019654
1756998219.000,latency_s,0.019629
1756998219.000,latency_s,0.019900
1756998219.000,latency_s,0.018577
1756998219.000,latency_s,0.018440
1756998219.000,latency_s,0.018559
1756998219.003,latency_s,0.021251
1756998219.003,latency_s,0.021230
1756998219.010,latency_s,0.025738
1756998219.010,latency_s,0.025844
1756998219.010,latency_s,0.025872
1756998219.011,latency_s,0.018319
1756998219.014,latency_s,0.019756
1756998219.015,latency_s,0.019896
1756998219.016,latency_s,0.020120
1756998219.017,latency_s,0.020165
1756998219.029,latency_s,0.019206
1756998219.029,latency_s,0.019390
1756998219.050,latency_s,0.018646
1756998219.054,latency_s,0.019007
1756998219.073,latency_s,0.020155
1756998219.074,latency_s,0.019249
1756998219.096,latency_s,0.019306
1756998219.099,latency_s,0.018792
1756998219.099,latency_s,0.019077
1756998219.100,latency_s,0.019261
1756998219.101,latency_s,0.018467
1756998219.101,latency_s,0.018726
1756998219.101,latency_s,0.018767
1756998219.101,latency_s,0.018795
1756998219.102,latency_s,0.018755
1756998219.105,latency_s,0.019831
1756998219.111,latency_s,0.025473
1756998219.111,latency_s,0.025671
1756998219.113,latency_s,0.018961
1756998219.115,latency_s,0.020182
1756998219.115,latency_s,0.019975
1756998219.115,latency_s,0.018388
1756998219.116,latency_s,0.018818
1756998219.129,latency_s,0.019504
1756998219.129,latency_s,0.019691
1756998219.151,latency_s,0.019746
1756998219.154,latency_s,0.018582
1756998219.173,latency_s,0.019083
1756998219.173,latency_s,0.018625
1756998219.197,latency_s,0.018825
1756998219.200,latency_s,0.018921
1756998219.201,latency_s,0.019920
1756998219.202,latency_s,0.019368
1756998219.202,latency_s,0.018831
1756998219.202,latency_s,0.018817
1756998219.202,latency_s,0.019138
1756998219.202,latency_s,0.018743
1756998219.206,latency_s,0.020260
1756998219.206,latency_s,0.020278
1756998219.207,latency_s,0.020543
1756998219.213,latency_s,0.018686
1756998219.215,latency_s,0.018916
1756998219.217,latency_s,0.020251
1756998219.217,latency_s,0.019970
1756998219.217,latency_s,0.019861
1756998219.232,latency_s,0.020070
1756998219.232,latency_s,0.021101
1756998219.252,latency_s,0.018753
1756998219.254,latency_s,0.017960
1756998219.274,latency_s,0.019419
1756998219.274,latency_s,0.019184
1756998219.299,latency_s,0.020307
1756998219.305,latency_s,0.022382
1756998219.305,latency_s,0.021985
1756998219.305,latency_s,0.021849
1756998219.305,latency_s,0.022078
1756998219.305,latency_s,0.021788
1756998219.305,latency_s,0.022754
1756998219.305,latency_s,0.021925
1756998219.306,latency_s,0.019148
1756998219.306,latency_s,0.018777
1756998219.306,latency_s,0.019416
1756998219.313,latency_s,0.018270
1756998219.315,latency_s,0.018467
1756998219.316,latency_s,0.019190
1756998219.320,latency_s,0.022790
1756998219.320,latency_s,0.022768
1756998219.320,latency_s,0.137782
1756998219.321,latency_s,0.037182
1756998219.330,latency_s,0.019315
1756998219.331,latency_s,0.018667
1756998219.353,latency_s,0.019570
1756998219.359,latency_s,0.021989
1756998219.375,latency_s,0.020327
1756998219.375,latency_s,0.019415
1756998219.398,latency_s,0.018930
1756998219.402,latency_s,0.018614
1756998219.403,latency_s,0.019729
1756998219.405,latency_s,0.020702
1756998219.405,latency_s,0.021347
1756998219.405,latency_s,0.020724
1756998219.405,latency_s,0.021112
1756998219.405,latency_s,0.020960
1756998219.405,latency_s,0.021165
1756998219.405,latency_s,0.018071
1756998219.405,latency_s,0.018113
1756998219.405,latency_s,0.017690
1756998219.417,latency_s,0.021565
1756998219.417,latency_s,0.020575
1756998219.417,latency_s,0.019922
1756998219.418,latency_s,0.020290
1756998219.418,latency_s,0.020090
1756998219.430,latency_s,0.019072
1756998219.431,latency_s,0.019067
1756998219.453,latency_s,0.018987
1756998219.458,latency_s,0.018843
1756998219.474,latency_s,0.018426
1756998219.476,latency_s,0.018938
1756998219.498,latency_s,0.018656
1756998219.504,latency_s,0.020068
1756998219.504,latency_s,0.020061
1756998219.504,latency_s,0.019137
1756998219.504,latency_s,0.019083
1756998219.504,latency_s,0.019199
1756998219.504,latency_s,0.019372
1756998219.504,latency_s,0.019139
1756998219.507,latency_s,0.018504
1756998219.507,latency_s,0.018601
1756998219.507,latency_s,0.018738
1756998219.515,latency_s,0.018963
1756998219.515,latency_s,0.018420
1756998219.518,latency_s,0.020208
1756998219.519,latency_s,0.020576
1756998219.519,latency_s,0.020404
1756998219.530,latency_s,0.018396
1756998219.532,latency_s,0.018685
1756998219.554,latency_s,0.019108
1756998219.558,latency_s,0.018433
1756998219.578,latency_s,0.022311
1756998219.578,latency_s,0.020906
1756998219.599,latency_s,0.019131
1756998219.604,latency_s,0.020020
1756998219.604,latency_s,0.019867
1756998219.604,latency_s,0.018654
1756998219.620,latency_s,0.034796
1756998219.621,latency_s,0.034076
1756998219.621,latency_s,0.033958
1756998219.621,latency_s,0.034111
1756998219.621,latency_s,0.031241
1756998219.621,latency_s,0.031266
1756998219.621,latency_s,0.031312
1756998219.621,latency_s,0.023487
1756998219.621,latency_s,0.023945
1756998219.621,latency_s,0.021812
1756998219.621,latency_s,0.022009
1756998219.621,latency_s,0.022017
1756998219.624,latency_s,0.139241
1756998219.624,latency_s,0.037560
1756998219.639,latency_s,0.027139
1756998219.639,latency_s,0.024819
1756998219.655,latency_s,0.019943
1756998219.659,latency_s,0.018667
1756998219.675,latency_s,0.018917
1756998219.676,latency_s,0.018053
1756998219.699,latency_s,0.018254
1756998219.707,latency_s,0.021801
1756998219.707,latency_s,0.021804
1756998219.707,latency_s,0.020922
1756998219.707,latency_s,0.020732
1756998219.707,latency_s,0.020026
1756998219.707,latency_s,0.020040
1756998219.707,latency_s,0.019928
1756998219.714,latency_s,0.026973
1756998219.714,latency_s,0.023946
1756998219.714,latency_s,0.023891
1756998219.716,latency_s,0.018519
1756998219.722,latency_s,0.024181
1756998219.722,latency_s,0.022170
1756998219.722,latency_s,0.022144
1756998219.722,latency_s,0.022335
1756998219.730,latency_s,0.018526
1756998219.733,latency_s,0.017849
1756998219.755,latency_s,0.019068
1756998219.761,latency_s,0.019725
1756998219.776,latency_s,0.018581
1756998219.777,latency_s,0.018688
1756998219.802,latency_s,0.019134
1756998219.804,latency_s,0.018106
1756998219.804,latency_s,0.018322
1756998219.804,latency_s,0.017824
1756998219.804,latency_s,0.017672
1756998219.807,latency_s,0.019884
1756998219.807,latency_s,0.019854
1756998219.807,latency_s,0.019549
1756998219.808,latency_s,0.020181
1756998219.816,latency_s,0.025749
1756998219.816,latency_s,0.025654
1756998219.817,latency_s,0.019145
1756998219.835,latency_s,0.037689
1756998219.836,latency_s,0.035838
1756998219.836,latency_s,0.035025
1756998219.836,latency_s,0.034581
1756998219.836,latency_s,0.023719
1756998219.836,latency_s,0.145527
1756998219.836,latency_s,0.045216
1756998219.836,latency_s,0.020643
1756998219.855,latency_s,0.018797
1756998219.860,latency_s,0.018794
1756998219.877,latency_s,0.018823
1756998219.877,latency_s,0.018335
1756998219.909,latency_s,0.022312
1756998219.909,latency_s,0.022124
1756998219.909,latency_s,0.022052
1756998219.909,latency_s,0.022090
1756998219.909,latency_s,0.022272
1756998219.909,latency_s,0.020692
1756998219.922,latency_s,0.033595
1756998219.922,latency_s,0.033363
1756998219.922,latency_s,0.033665
1756998219.922,latency_s,0.030442
1756998219.922,latency_s,0.030467
1756998219.922,latency_s,0.029552
1756998219.922,latency_s,0.023588
1756998219.922,latency_s,0.021600
1756998219.922,latency_s,0.021591
1756998219.922,latency_s,0.021145
1756998219.922,latency_s,0.020844
1756998219.933,latency_s,0.019835
1756998219.937,latency_s,0.018577
1756998219.956,latency_s,0.019131
1756998219.961,latency_s,0.018852
1756998219.980,latency_s,0.021300
1756998219.980,latency_s,0.021287
1756998220.006,latency_s,0.019620
1756998220.006,latency_s,0.019215
1756998220.006,latency_s,0.019199
1756998220.006,latency_s,0.018959
1756998220.008,latency_s,0.019447
1756998220.008,latency_s,0.019505
1756998220.008,latency_s,0.019374
1756998220.022,latency_s,0.034962
1756998220.022,latency_s,0.033377
1756998220.022,latency_s,0.029901
1756998220.022,latency_s,0.029166
1756998220.022,latency_s,0.029388
1756998220.022,latency_s,0.023340
1756998220.022,latency_s,0.021384
1756998220.022,latency_s,0.020964
1756998220.022,latency_s,0.020292
1756998220.022,latency_s,0.020847
1756998220.035,latency_s,0.021085
1756998220.038,latency_s,0.019426
1756998220.056,latency_s,0.019818
1756998220.061,latency_s,0.018657
1756998220.079,latency_s,0.019880
1756998220.079,latency_s,0.020116
1756998220.112,latency_s,0.023635
1756998220.112,latency_s,0.023762
1756998220.112,latency_s,0.023184
1756998220.112,latency_s,0.023995
1756998220.112,latency_s,0.023767
1756998220.112,latency_s,0.023533
1756998220.112,latency_s,0.023212
1756998220.113,latency_s,0.024438
1756998220.113,latency_s,0.023343
1756998220.123,latency_s,0.030376
1756998220.123,latency_s,0.029821
1756998220.123,latency_s,0.029793
1756998220.123,latency_s,0.023905
1756998220.123,latency_s,0.021452
1756998220.123,latency_s,0.021160
1756998220.123,latency_s,0.020781
1756998220.123,latency_s,0.021206
1756998220.133,latency_s,0.018830
1756998220.138,latency_s,0.019310
1756998220.157,latency_s,0.020013
1756998220.161,latency_s,0.017906
1756998220.179,latency_s,0.019429
1756998220.179,latency_s,0.019516
1756998220.213,latency_s,0.024193
1756998220.213,latency_s,0.024590
1756998220.214,latency_s,0.023867
1756998220.214,latency_s,0.024062
1756998220.214,latency_s,0.024129
1756998220.214,latency_s,0.023961
1756998220.214,latency_s,0.024729
1756998220.214,latency_s,0.023923
1756998220.214,latency_s,0.024055
1756998220.227,latency_s,0.034208
1756998220.227,latency_s,0.033971
1756998220.227,latency_s,0.034126
1756998220.227,latency_s,0.027851
1756998220.227,latency_s,0.024939
1756998220.227,latency_s,0.024405
1756998220.227,latency_s,0.024978
1756998220.227,latency_s,0.024364
1756998220.233,latency_s,0.018244
1756998220.238,latency_s,0.019341
1756998220.257,latency_s,0.019515
1756998220.263,latency_s,0.019481
1756998220.280,latency_s,0.020218
1756998220.280,latency_s,0.020063
1756998220.310,latency_s,0.021275
1756998220.311,latency_s,0.021055
1756998220.311,latency_s,0.021042
1756998220.311,latency_s,0.020729
1756998220.311,latency_s,0.020631
1756998220.311,latency_s,0.020613
1756998220.311,latency_s,0.020398
1756998220.312,latency_s,0.020070
1756998220.327,latency_s,0.035715
1756998220.328,latency_s,0.034040
1756998220.328,latency_s,0.033868
1756998220.328,latency_s,0.033899
1756998220.328,latency_s,0.027958
1756998220.328,latency_s,0.023832
1756998220.328,latency_s,0.023905
1756998220.328,latency_s,0.023821
1756998220.328,latency_s,0.023714
1756998220.335,latency_s,0.019370
1756998220.339,latency_s,0.018973
1756998220.357,latency_s,0.019399
1756998220.364,latency_s,0.019229
1756998220.383,latency_s,0.022223
1756998220.383,latency_s,0.022070
1756998220.410,latency_s,0.020673
1756998220.410,latency_s,0.020480
1756998220.410,latency_s,0.020379
1756998220.411,latency_s,0.020082
1756998220.411,latency_s,0.020501
1756998220.411,latency_s,0.020221
1756998220.411,latency_s,0.019302
1756998220.411,latency_s,0.019123
1756998220.427,latency_s,0.035144
1756998220.428,latency_s,0.033468
1756998220.428,latency_s,0.033523
1756998220.428,latency_s,0.033318
1756998220.428,latency_s,0.027766
1756998220.428,latency_s,0.023147
1756998220.428,latency_s,0.023069
1756998220.428,latency_s,0.022549
1756998220.428,latency_s,0.023445
1756998220.440,latency_s,0.023599
1756998220.440,latency_s,0.019618
1756998220.458,latency_s,0.018989
1756998220.465,latency_s,0.019342
1756998220.480,latency_s,0.019242
1756998220.481,latency_s,0.019356
1756998220.512,latency_s,0.021957
1756998220.512,latency_s,0.021389
1756998220.512,latency_s,0.021849
1756998220.512,latency_s,0.021918
1756998220.513,latency_s,0.021871
1756998220.513,latency_s,0.022182
1756998220.513,latency_s,0.020445
1756998220.513,latency_s,0.020150
1756998220.513,latency_s,0.019986
1756998220.515,latency_s,0.020097
1756998220.524,latency_s,0.028525
1756998220.524,latency_s,0.028859
1756998220.524,latency_s,0.023433
1756998220.524,latency_s,0.018390
1756998220.526,latency_s,0.020522
1756998220.528,latency_s,0.018687
1756998220.530,latency_s,0.024194
1756998220.537,latency_s,0.018088
1756998220.540,latency_s,0.018867
1756998220.559,latency_s,0.020161
1756998220.568,latency_s,0.018076
1756998220.581,latency_s,0.019268
1756998220.581,latency_s,0.019396
1756998220.610,latency_s,0.017997
1756998220.615,latency_s,0.023160
1756998220.615,latency_s,0.023113
1756998220.615,latency_s,0.022576
1756998220.615,latency_s,0.022595
1756998220.615,latency_s,0.021873
1756998220.615,latency_s,0.022579
1756998220.615,latency_s,0.022595
1756998220.615,latency_s,0.022345
1756998220.616,latency_s,0.019659
1756998220.625,latency_s,0.028866
1756998220.625,latency_s,0.029022
1756998220.625,latency_s,0.024068
1756998220.625,latency_s,0.019236
1756998220.625,latency_s,0.019264
1756998220.630,latency_s,0.020175
1756998220.630,latency_s,0.019866
1756998220.637,latency_s,0.018346
1756998220.642,latency_s,0.019437
1756998220.658,latency_s,0.018100
1756998220.669,latency_s,0.018423
1756998220.681,latency_s,0.018822
1756998220.681,latency_s,0.018718
1756998220.713,latency_s,0.018757
1756998220.718,latency_s,0.022119
1756998220.718,latency_s,0.021996
1756998220.718,latency_s,0.022162
1756998220.718,latency_s,0.022403
1756998220.718,latency_s,0.022177
1756998220.718,latency_s,0.022390
1756998220.718,latency_s,0.021864
1756998220.718,latency_s,0.021567
1756998220.718,latency_s,0.021398
1756998220.718,latency_s,0.021563
1756998220.718,latency_s,0.021465
1756998220.720,latency_s,0.018357
1756998220.725,latency_s,0.018499
1756998220.725,latency_s,0.018564
1756998220.731,latency_s,0.019575
1756998220.731,latency_s,0.019788
1756998220.738,latency_s,0.018833
1756998220.741,latency_s,0.018298
1756998220.759,latency_s,0.018854
1756998220.771,latency_s,0.020050
1756998220.782,latency_s,0.019105
1756998220.782,latency_s,0.019160
1756998220.817,latency_s,0.022120
1756998220.817,latency_s,0.021366
1756998220.817,latency_s,0.021487
1756998220.817,latency_s,0.021307
1756998220.817,latency_s,0.021204
1756998220.817,latency_s,0.020576
1756998220.817,latency_s,0.020716
1756998220.817,latency_s,0.020547
1756998220.817,latency_s,0.020298
1756998220.817,latency_s,0.020168
1756998220.818,latency_s,0.020481
1756998220.818,latency_s,0.020901
1756998220.831,latency_s,0.028774
1756998220.831,latency_s,0.024166
1756998220.831,latency_s,0.023972
1756998220.831,latency_s,0.019762
1756998220.832,latency_s,0.019800
1756998220.839,latency_s,0.018880
1756998220.842,latency_s,0.019103
1756998220.861,latency_s,0.020069
1756998220.870,latency_s,0.018632
1756998220.883,latency_s,0.019187
1756998220.883,latency_s,0.019253
1756998220.919,latency_s,0.023228
1756998220.919,latency_s,0.022254
1756998220.919,latency_s,0.022124
1756998220.919,latency_s,0.022457
1756998220.919,latency_s,0.022377
1756998220.919,latency_s,0.022103
1756998220.919,latency_s,0.022089
1756998220.919,latency_s,0.022080
1756998220.919,latency_s,0.021602
1756998220.919,latency_s,0.021574
1756998220.919,latency_s,0.021591
1756998220.919,latency_s,0.021762
1756998220.921,latency_s,0.017805
1756998220.934,latency_s,0.026421
1756998220.934,latency_s,0.026148
1756998220.934,latency_s,0.021780
1756998220.935,latency_s,0.021834
1756998220.939,latency_s,0.018391
1756998220.942,latency_s,0.019164
1756998220.959,latency_s,0.018465
1756998220.971,latency_s,0.018878
1756998220.982,latency_s,0.017969
1756998220.982,latency_s,0.018381
1756998221.014,latency_s,0.018275
1756998221.019,latency_s,0.021895
1756998221.019,latency_s,0.021704
1756998221.019,latency_s,0.021921
1756998221.019,latency_s,0.022055
1756998221.032,latency_s,0.034769
1756998221.032,latency_s,0.034121
1756998221.032,latency_s,0.034097
1756998221.032,latency_s,0.034175
1756998221.032,latency_s,0.034273
1756998221.032,latency_s,0.028460
1756998221.033,latency_s,0.024560
1756998221.033,latency_s,0.024287
1756998221.033,latency_s,0.019491
1756998221.033,latency_s,0.019408
1756998221.040,latency_s,0.019411
1756998221.043,latency_s,0.019376
1756998221.061,latency_s,0.019825
1756998221.071,latency_s,0.018247
1756998221.083,latency_s,0.019121
1756998221.083,latency_s,0.018807
1756998221.118,latency_s,0.021644
1756998221.118,latency_s,0.020231
1756998221.118,latency_s,0.020756
1756998221.118,latency_s,0.020292
1756998221.118,latency_s,0.020438
1756998221.118,latency_s,0.019670
1756998221.118,latency_s,0.020901
1756998221.120,latency_s,0.020647
1756998221.131,latency_s,0.031334
1756998221.131,latency_s,0.032280
1756998221.131,latency_s,0.025995
1756998221.131,latency_s,0.021560
1756998221.131,latency_s,0.021645
1756998221.132,latency_s,0.018798
1756998221.136,latency_s,0.022216
1756998221.136,latency_s,0.137910
1756998221.136,latency_s,0.037708
1756998221.136,latency_s,0.138746
1756998221.137,latency_s,0.040128
1756998221.140,latency_s,0.018123
1756998221.143,latency_s,0.018768
1756998221.161,latency_s,0.018663
1756998221.172,latency_s,0.018450
1756998221.184,latency_s,0.019067
1756998221.184,latency_s,0.018873
1756998221.220,latency_s,0.022915
1756998221.220,latency_s,0.021989
1756998221.220,latency_s,0.021804
1756998221.220,latency_s,0.021860
1756998221.220,latency_s,0.021824
1756998221.220,latency_s,0.021556
1756998221.220,latency_s,0.022221
1756998221.220,latency_s,0.022016
1756998221.220,latency_s,0.021855
1756998221.234,latency_s,0.034105
1756998221.234,latency_s,0.034264
1756998221.234,latency_s,0.033739
1756998221.234,latency_s,0.029060
1756998221.234,latency_s,0.025099
1756998221.234,latency_s,0.025147
1756998221.234,latency_s,0.020631
1756998221.235,latency_s,0.020968
1756998221.241,latency_s,0.018933
1756998221.244,latency_s,0.018895
1756998221.262,latency_s,0.019337
1756998221.272,latency_s,0.018170
1756998221.284,latency_s,0.018796
1756998221.285,latency_s,0.017915
1756998221.318,latency_s,0.019986
1756998221.319,latency_s,0.020308
1756998221.319,latency_s,0.020298
1756998221.319,latency_s,0.020372
1756998221.319,latency_s,0.020458
1756998221.319,latency_s,0.019699
1756998221.319,latency_s,0.020107
1756998221.319,latency_s,0.019248
1756998221.319,latency_s,0.019174
1756998221.319,latency_s,0.019253
1756998221.319,latency_s,0.019266
1756998221.333,latency_s,0.032081
1756998221.333,latency_s,0.026021
1756998221.333,latency_s,0.023028
1756998221.333,latency_s,0.023089
1756998221.336,latency_s,0.021865
1756998221.336,latency_s,0.021694
1756998221.341,latency_s,0.018930
1756998221.345,latency_s,0.018211
1756998221.362,latency_s,0.019484
1756998221.375,latency_s,0.020511
1756998221.384,latency_s,0.018264
1756998221.387,latency_s,0.018727
1756998221.418,latency_s,0.019876
1756998221.418,latency_s,0.018898
1756998221.418,latency_s,0.018944
1756998221.418,latency_s,0.018398
1756998221.418,latency_s,0.018202
1756998221.418,latency_s,0.018999
1756998221.421,latency_s,0.021574
1756998221.421,latency_s,0.021037
1756998221.421,latency_s,0.020886
1756998221.421,latency_s,0.021217
1756998221.435,latency_s,0.034222
1756998221.435,latency_s,0.033862
1756998221.435,latency_s,0.026607
1756998221.435,latency_s,0.024493
1756998221.435,latency_s,0.024528
1756998221.435,latency_s,0.020141
1756998221.435,latency_s,0.020109
1756998221.441,latency_s,0.018440
1756998221.446,latency_s,0.018052
1756998221.461,latency_s,0.018124
1756998221.473,latency_s,0.017972
1756998221.486,latency_s,0.019210
1756998221.487,latency_s,0.018834
1756998221.518,latency_s,0.020048
1756998221.519,latency_s,0.019164
1756998221.519,latency_s,0.018851
1756998221.519,latency_s,0.018884
1756998221.519,latency_s,0.018185
1756998221.519,latency_s,0.018377
1756998221.519,latency_s,0.018229
1756998221.522,latency_s,0.022096
1756998221.523,latency_s,0.021420
1756998221.523,latency_s,0.021595
1756998221.523,latency_s,0.022173
1756998221.534,latency_s,0.031954
1756998221.534,latency_s,0.024880
1756998221.534,latency_s,0.022899
1756998221.534,latency_s,0.022958
1756998221.536,latency_s,0.021192
1756998221.537,latency_s,0.020741
1756998221.544,latency_s,0.019250
1756998221.548,latency_s,0.019404
1756998221.563,latency_s,0.018628
1756998221.574,latency_s,0.018570
1756998221.586,latency_s,0.019017
1756998221.587,latency_s,0.018496
1756998221.620,latency_s,0.021224
1756998221.620,latency_s,0.020357
1756998221.620,latency_s,0.020019
1756998221.620,latency_s,0.019731
1756998221.620,latency_s,0.019387
1756998221.620,latency_s,0.019266
1756998221.620,latency_s,0.018447
1756998221.620,latency_s,0.019046
1756998221.620,latency_s,0.018827
1756998221.620,latency_s,0.018963
1756998221.620,latency_s,0.019137
1756998221.635,latency_s,0.033126
1756998221.635,latency_s,0.025821
1756998221.635,latency_s,0.023928
1756998221.635,latency_s,0.023952
1756998221.635,latency_s,0.019836
1756998221.636,latency_s,0.019256
1756998221.644,latency_s,0.018566
1756998221.648,latency_s,0.018406
1756998221.663,latency_s,0.018718
1756998221.676,latency_s,0.018939
1756998221.688,latency_s,0.020715
1756998221.688,latency_s,0.018434
1756998221.718,latency_s,0.018621
1756998221.718,latency_s,0.018292
1756998221.722,latency_s,0.021359
1756998221.722,latency_s,0.021932
1756998221.722,latency_s,0.021144
1756998221.722,latency_s,0.020970
1756998221.722,latency_s,0.020406
1756998221.722,latency_s,0.020628
1756998221.722,latency_s,0.020732
1756998221.722,latency_s,0.019654
1756998221.722,latency_s,0.020300
1756998221.734,latency_s,0.032007
1756998221.735,latency_s,0.024372
1756998221.735,latency_s,0.022510
1756998221.735,latency_s,0.022483
1756998221.735,latency_s,0.018602
1756998221.737,latency_s,0.020750
1756998221.744,latency_s,0.017820
1756998221.790,latency_s,0.060387
1756998221.790,latency_s,0.044815
1756998221.790,latency_s,0.032566
1756998221.790,latency_s,0.022303
1756998221.790,latency_s,0.020318
1756998221.819,latency_s,0.018603
1756998221.819,latency_s,0.018484
1756998221.819,latency_s,0.018395
1756998221.819,latency_s,0.017861
1756998221.819,latency_s,0.017784
1756998221.819,latency_s,0.017724
1756998221.819,latency_s,0.017378
1756998221.824,latency_s,0.020529
1756998221.824,latency_s,0.020564
1756998221.835,latency_s,0.031673
1756998221.835,latency_s,0.031745
1756998221.835,latency_s,0.031756
1756998221.835,latency_s,0.024410
1756998221.835,latency_s,0.022876
1756998221.835,latency_s,0.022719
1756998221.835,latency_s,0.018399
1756998221.835,latency_s,0.019194
1756998221.845,latency_s,0.018372
1756998221.849,latency_s,0.018834
1756998221.865,latency_s,0.018780
1756998221.879,latency_s,0.019705
1756998221.888,latency_s,0.019560
1756998221.895,latency_s,0.020391
1756998221.920,latency_s,0.019590
1756998221.920,latency_s,0.019734
1756998221.920,latency_s,0.019395
1756998221.920,latency_s,0.018965
1756998221.921,latency_s,0.019016
1756998221.921,latency_s,0.018540
1756998221.921,latency_s,0.018774
1756998221.925,latency_s,0.021223
1756998221.925,latency_s,0.021530
1756998221.937,latency_s,0.033374
1756998221.937,latency_s,0.033809
1756998221.938,latency_s,0.033648
1756998221.938,latency_s,0.026582
1756998221.938,latency_s,0.024798
1756998221.938,latency_s,0.024546
1756998221.938,latency_s,0.021284
1756998221.940,latency_s,0.022893
1756998221.947,latency_s,0.020064
1756998221.951,latency_s,0.019837
1756998221.966,latency_s,0.019587
1756998221.979,latency_s,0.019333
1756998221.989,latency_s,0.019689
1756998221.995,latency_s,0.019388
1756998222.021,latency_s,0.019388
1756998222.021,latency_s,0.019079
1756998222.021,latency_s,0.018851
1756998222.021,latency_s,0.019112
1756998222.021,latency_s,0.019000
1756998222.021,latency_s,0.018565
1756998222.021,latency_s,0.018287
1756998222.045,latency_s,0.040984
1756998222.045,latency_s,0.041080
1756998222.045,latency_s,0.040565
1756998222.045,latency_s,0.040699
1756998222.045,latency_s,0.040925
1756998222.045,latency_s,0.032346
1756998222.045,latency_s,0.030451
1756998222.045,latency_s,0.029494
1756998222.045,latency_s,0.028164
1756998222.045,latency_s,0.027184
1756998222.050,latency_s,0.022325
1756998222.050,latency_s,0.018933
1756998222.066,latency_s,0.019152
1756998222.081,latency_s,0.019734
1756998222.088,latency_s,0.018888
1756998222.095,latency_s,0.019044
1756998222.124,latency_s,0.022853
1756998222.124,latency_s,0.022527
1756998222.124,latency_s,0.022245
1756998222.124,latency_s,0.022442
1756998222.124,latency_s,0.021916
1756998222.125,latency_s,0.021992
1756998222.125,latency_s,0.021806
1756998222.136,latency_s,0.032094
1756998222.136,latency_s,0.032212
1756998222.136,latency_s,0.031755
1756998222.136,latency_s,0.032052
1756998222.137,latency_s,0.031855
1756998222.137,latency_s,0.022108
1756998222.137,latency_s,0.021878
1756998222.137,latency_s,0.020376
1756998222.139,latency_s,0.021382
1756998222.139,latency_s,0.020557
1756998222.147,latency_s,0.018254
1756998222.150,latency_s,0.018623
1756998222.166,latency_s,0.018248
1756998222.180,latency_s,0.018644
1756998222.188,latency_s,0.018164
1756998222.196,latency_s,0.018562
1756998222.222,latency_s,0.020297
1756998222.222,latency_s,0.020183
1756998222.222,latency_s,0.020155
1756998222.223,latency_s,0.019457
1756998222.223,latency_s,0.020000
1756998222.223,latency_s,0.018673
1756998222.223,latency_s,0.018292
1756998222.238,latency_s,0.033655
1756998222.238,latency_s,0.033499
1756998222.239,latency_s,0.033654
1756998222.239,latency_s,0.033596
1756998222.239,latency_s,0.033673
1756998222.239,latency_s,0.023401
1756998222.239,latency_s,0.023450
1756998222.239,latency_s,0.022438
1756998222.239,latency_s,0.020836
1756998222.239,latency_s,0.019746
1756998222.249,latency_s,0.019603
1756998222.251,latency_s,0.018591
1756998222.267,latency_s,0.019112
1756998222.283,latency_s,0.020266
1756998222.289,latency_s,0.018381
1756998222.297,latency_s,0.019007
1756998222.324,latency_s,0.021552
1756998222.324,latency_s,0.021540
1756998222.324,latency_s,0.020875
1756998222.324,latency_s,0.021202
1756998222.325,latency_s,0.021549
1756998222.325,latency_s,0.019765
1756998222.325,latency_s,0.019461
1756998222.327,latency_s,0.021754
1756998222.337,latency_s,0.032309
1756998222.337,latency_s,0.031853
1756998222.337,latency_s,0.031988
1756998222.338,latency_s,0.032357
1756998222.338,latency_s,0.021550
1756998222.338,latency_s,0.021590
1756998222.338,latency_s,0.020428
1756998222.339,latency_s,0.020799
1756998222.340,latency_s,0.019932
1756998222.350,latency_s,0.019092
1756998222.351,latency_s,0.018173
1756998222.366,latency_s,0.018343
1756998222.382,latency_s,0.018910
1756998222.389,latency_s,0.018611
1756998222.397,latency_s,0.019100
1756998222.424,latency_s,0.020705
1756998222.424,latency_s,0.020612
1756998222.424,latency_s,0.020243
1756998222.424,latency_s,0.020526
1756998222.424,latency_s,0.019923
1756998222.424,latency_s,0.018614
1756998222.424,latency_s,0.018669
1756998222.424,latency_s,0.018513
1756998222.424,latency_s,0.018372
1756998222.438,latency_s,0.032743
1756998222.439,latency_s,0.033241
1756998222.439,latency_s,0.032819
1756998222.440,latency_s,0.021836
1756998222.440,latency_s,0.021804
1756998222.440,latency_s,0.021987
1756998222.440,latency_s,0.020847
1756998222.440,latency_s,0.019571
1756998222.452,latency_s,0.020234
1756998222.453,latency_s,0.019680
1756998222.468,latency_s,0.020047
1756998222.483,latency_s,0.019015
1756998222.491,latency_s,0.019296
1756998222.499,latency_s,0.019444
1756998222.524,latency_s,0.020643
1756998222.524,latency_s,0.020841
1756998222.524,latency_s,0.020627
1756998222.524,latency_s,0.019011
1756998222.525,latency_s,0.018742
1756998222.525,latency_s,0.018806
1756998222.525,latency_s,0.018838
1756998222.525,latency_s,0.018986
1756998222.525,latency_s,0.018802
1756998222.525,latency_s,0.018363
1756998222.525,latency_s,0.019016
1756998222.537,latency_s,0.031140
1756998222.537,latency_s,0.018295
1756998222.540,latency_s,0.020850
1756998222.540,latency_s,0.020506
1756998222.540,latency_s,0.020829
1756998222.540,latency_s,0.019385
1756998222.552,latency_s,0.019068
1756998222.553,latency_s,0.019064
1756998222.567,latency_s,0.018920
1756998222.584,latency_s,0.019067
1756998222.591,latency_s,0.019094
1756998222.600,latency_s,0.018883
1756998222.623,latency_s,0.019605
1756998222.623,latency_s,0.019472
1756998222.624,latency_s,0.019445
1756998222.628,latency_s,0.021557
1756998222.628,latency_s,0.021613
1756998222.628,latency_s,0.021133
1756998222.628,latency_s,0.021886
1756998222.628,latency_s,0.021924
1756998222.628,latency_s,0.021886
1756998222.628,latency_s,0.021803
1756998222.628,latency_s,0.021669
1756998222.628,latency_s,0.021548
1756998222.641,latency_s,0.021117
1756998222.641,latency_s,0.021038
1756998222.641,latency_s,0.020515
1756998222.641,latency_s,0.021253
1756998222.641,latency_s,0.021239
1756998222.655,latency_s,0.021218
1756998222.655,latency_s,0.020725
1756998222.669,latency_s,0.019182
1756998222.686,latency_s,0.020500
1756998222.691,latency_s,0.018708
1756998222.701,latency_s,0.018780
1756998222.728,latency_s,0.022469
1756998222.728,latency_s,0.022677
1756998222.728,latency_s,0.021100
1756998222.728,latency_s,0.020719
1756998222.728,latency_s,0.021403
1756998222.728,latency_s,0.021198
1756998222.728,latency_s,0.021448
1756998222.729,latency_s,0.018605
1756998222.729,latency_s,0.018522
1756998222.729,latency_s,0.018471
1756998222.729,latency_s,0.018475
1756998222.731,latency_s,0.018390
1756998222.742,latency_s,0.020489
1756998222.745,latency_s,0.023216
1756998222.745,latency_s,0.023402
1756998222.745,latency_s,0.022257
1756998222.745,latency_s,0.022342
1756998222.753,latency_s,0.019408
1756998222.753,latency_s,0.018431
1756998222.769,latency_s,0.018491
1756998222.785,latency_s,0.019777
1756998222.792,latency_s,0.019273
1756998222.801,latency_s,0.019125
1756998222.824,latency_s,0.019157
1756998222.824,latency_s,0.019063
1756998222.828,latency_s,0.020685
1756998222.828,latency_s,0.020586
1756998222.828,latency_s,0.020372
1756998222.828,latency_s,0.020365
1756998222.828,latency_s,0.020593
1756998222.829,latency_s,0.017988
1756998222.829,latency_s,0.018337
1756998222.829,latency_s,0.018314
1756998222.829,latency_s,0.018150
1756998222.840,latency_s,0.026189
1756998222.843,latency_s,0.021278
1756998222.845,latency_s,0.023654
1756998222.845,latency_s,0.021599
1756998222.845,latency_s,0.022564
1756998222.846,latency_s,0.021616
1756998222.853,latency_s,0.019234
1756998222.854,latency_s,0.018861
1756998222.870,latency_s,0.019075
1756998222.886,latency_s,0.019495
1756998222.893,latency_s,0.018922
1756998222.902,latency_s,0.018910
1756998222.925,latency_s,0.019176
1756998222.925,latency_s,0.019162
1756998222.926,latency_s,0.018175
1756998222.926,latency_s,0.018075
1756998222.929,latency_s,0.020859
1756998222.929,latency_s,0.021292
1756998222.929,latency_s,0.021083
1756998222.929,latency_s,0.018055
1756998222.929,latency_s,0.018332
1756998222.929,latency_s,0.018539
1756998222.929,latency_s,0.018523
1756998222.932,latency_s,0.017851
1756998222.943,latency_s,0.020667
1756998222.944,latency_s,0.020644
1756998222.944,latency_s,0.022103
1756998222.944,latency_s,0.019820
1756998222.944,latency_s,0.019383
1756998222.955,latency_s,0.020088
1756998222.956,latency_s,0.019745
1756998222.970,latency_s,0.019167
1756998222.986,latency_s,0.019207
1756998222.994,latency_s,0.019640
1756998223.003,latency_s,0.018878
1756998223.026,latency_s,0.019378
1756998223.026,latency_s,0.019534
1756998223.031,latency_s,0.022816
1756998223.031,latency_s,0.022832
1756998223.031,latency_s,0.022632
1756998223.031,latency_s,0.022802
1756998223.031,latency_s,0.022732
1756998223.031,latency_s,0.019769
1756998223.031,latency_s,0.019380
1756998223.031,latency_s,0.019537
1756998223.031,latency_s,0.019784
1756998223.034,latency_s,0.019246
1756998223.041,latency_s,0.018934
1756998223.044,latency_s,0.020139
1756998223.044,latency_s,0.020066
1756998223.044,latency_s,0.019495
1756998223.045,latency_s,0.019834
1756998223.056,latency_s,0.019001
1756998223.056,latency_s,0.019534
1756998223.071,latency_s,0.019339
1756998223.088,latency_s,0.019486
1756998223.095,latency_s,0.018644
1756998223.103,latency_s,0.019552
1756998223.127,latency_s,0.019946
1756998223.127,latency_s,0.020125
1756998223.131,latency_s,0.021655
1756998223.131,latency_s,0.021882
1756998223.131,latency_s,0.021959
1756998223.131,latency_s,0.021511
1756998223.131,latency_s,0.021977
1756998223.131,latency_s,0.018975
1756998223.131,latency_s,0.019127
1756998223.131,latency_s,0.018784
1756998223.131,latency_s,0.018872
1756998223.133,latency_s,0.018338
1756998223.140,latency_s,0.017619
1756998223.145,latency_s,0.020969
1756998223.146,latency_s,0.020920
1756998223.146,latency_s,0.020611
1756998223.146,latency_s,0.021212
1756998223.156,latency_s,0.018844
1756998223.156,latency_s,0.018785
1756998223.173,latency_s,0.020991
1756998223.189,latency_s,0.020039
1756998223.197,latency_s,0.019499
1756998223.204,latency_s,0.018545
1756998223.226,latency_s,0.019192
1756998223.226,latency_s,0.018966
1756998223.229,latency_s,0.019558
1756998223.229,latency_s,0.019702
1756998223.229,latency_s,0.019435
1756998223.229,latency_s,0.019794
1756998223.229,latency_s,0.020162
1756998223.231,latency_s,0.018869
1756998223.232,latency_s,0.018703
1756998223.232,latency_s,0.018453
1756998223.232,latency_s,0.018513
1756998223.234,latency_s,0.018382
1756998223.242,latency_s,0.019541
1756998223.243,latency_s,0.017978
1756998223.246,latency_s,0.020671
1756998223.246,latency_s,0.020270
1756998223.246,latency_s,0.019898
1756998223.258,latency_s,0.020159
1756998223.258,latency_s,0.020452
1756998223.271,latency_s,0.018536
1756998223.289,latency_s,0.019727
1756998223.297,latency_s,0.019884
1756998223.306,latency_s,0.020169
1756998223.327,latency_s,0.018767
1756998223.330,latency_s,0.020074
1756998223.330,latency_s,0.020211
1756998223.330,latency_s,0.020237
1756998223.330,latency_s,0.020280
1756998223.330,latency_s,0.020164
1756998223.333,latency_s,0.020380
1756998223.333,latency_s,0.020204
1756998223.333,latency_s,0.019283
1756998223.333,latency_s,0.019591
1756998223.334,latency_s,0.017882
1756998223.342,latency_s,0.019446
1756998223.346,latency_s,0.020615
1756998223.346,latency_s,0.020264
1756998223.346,latency_s,0.020281
1756998223.346,latency_s,0.019802
1756998223.358,latency_s,0.019476
1756998223.358,latency_s,0.019702
1756998223.373,latency_s,0.020055
1756998223.389,latency_s,0.019057
1756998223.398,latency_s,0.019546
1756998223.406,latency_s,0.019064
1756998223.427,latency_s,0.018904
1756998223.432,latency_s,0.021348
1756998223.432,latency_s,0.021484
1756998223.432,latency_s,0.021594
1756998223.432,latency_s,0.021507
1756998223.432,latency_s,0.021854
1756998223.433,latency_s,0.019161
1756998223.433,latency_s,0.018894
1756998223.433,latency_s,0.018467
1756998223.433,latency_s,0.018669
1756998223.435,latency_s,0.018421
1756998223.443,latency_s,0.019770
1756998223.446,latency_s,0.019943
1756998223.446,latency_s,0.019753
1756998223.446,latency_s,0.018827
1756998223.448,latency_s,0.020367
1756998223.448,latency_s,0.139791
1756998223.448,latency_s,0.039576
1756998223.458,latency_s,0.019109
1756998223.459,latency_s,0.019136
1756998223.473,latency_s,0.019221
1756998223.491,latency_s,0.019143
1756998223.497,latency_s,0.018627
1756998223.505,latency_s,0.018154
1756998223.528,latency_s,0.019628
1756998223.532,latency_s,0.021273
1756998223.545,latency_s,0.033821
1756998223.545,latency_s,0.033799
1756998223.545,latency_s,0.033843
1756998223.545,latency_s,0.034276
1756998223.545,latency_s,0.033892
1756998223.545,latency_s,0.031140
1756998223.545,latency_s,0.031068
1756998223.545,latency_s,0.030883
1756998223.547,latency_s,0.032039
1756998223.547,latency_s,0.028624
1756998223.547,latency_s,0.023165
1756998223.547,latency_s,0.020369
1756998223.548,latency_s,0.020273
1756998223.548,latency_s,0.021370
1756998223.559,latency_s,0.018692
1756998223.560,latency_s,0.018759
1756998223.574,latency_s,0.018555
1756998223.593,latency_s,0.020411
1756998223.597,latency_s,0.017872
1756998223.607,latency_s,0.018986
1756998223.630,latency_s,0.020366
1756998223.630,latency_s,0.019309
1756998223.630,latency_s,0.018661
1756998223.631,latency_s,0.020226
1756998223.631,latency_s,0.019444
1756998223.631,latency_s,0.019845
1756998223.632,latency_s,0.020008
1756998223.635,latency_s,0.019591
1756998223.635,latency_s,0.019862
1756998223.644,latency_s,0.028132
1756998223.644,latency_s,0.028398
1756998223.644,latency_s,0.024268
1756998223.644,latency_s,0.020347
1756998223.646,latency_s,0.019280
1756998223.646,latency_s,0.018992
1756998223.646,latency_s,0.018333
1756998223.662,latency_s,0.020947
1756998223.662,latency_s,0.020697
1756998223.663,latency_s,0.135220
1756998223.663,latency_s,0.034879
1756998223.676,latency_s,0.019660
1756998223.693,latency_s,0.019402
1756998223.698,latency_s,0.018402
1756998223.708,latency_s,0.018520
1756998223.730,latency_s,0.019910
1756998223.730,latency_s,0.019098
1756998223.730,latency_s,0.018702
1756998223.730,latency_s,0.018486
1756998223.730,latency_s,0.018662
1756998223.730,latency_s,0.019243
1756998223.731,latency_s,0.018082
1756998223.736,latency_s,0.019860
1756998223.736,latency_s,0.020068
1756998223.736,latency_s,0.020342
1756998223.744,latency_s,0.028331
1756998223.744,latency_s,0.023931
1756998223.744,latency_s,0.020660
1756998223.746,latency_s,0.018711
1756998223.748,latency_s,0.019346
1756998223.748,latency_s,0.020022
1756998223.748,latency_s,0.019000
1756998223.762,latency_s,0.019490
1756998223.762,latency_s,0.019099
1756998223.775,latency_s,0.018795
1756998223.793,latency_s,0.019771
1756998223.799,latency_s,0.018926
1756998223.810,latency_s,0.019786
1756998223.830,latency_s,0.019982
1756998223.830,latency_s,0.019110
1756998223.830,latency_s,0.018408
1756998223.830,latency_s,0.018706
1756998223.830,latency_s,0.018268
1756998223.831,latency_s,0.018473
1756998223.833,latency_s,0.019719
1756998223.836,latency_s,0.019539
1756998223.836,latency_s,0.019611
1756998223.836,latency_s,0.019742
1756998223.837,latency_s,0.019955
1756998223.845,latency_s,0.024447
1756998223.845,latency_s,0.021209
1756998223.847,latency_s,0.018955
1756998223.848,latency_s,0.018754
1756998223.848,latency_s,0.018749
1756998223.848,latency_s,0.018028
1756998223.862,latency_s,0.019624
1756998223.862,latency_s,0.018522
1756998223.876,latency_s,0.018598
1756998223.893,latency_s,0.018848
1756998223.899,latency_s,0.018092
1756998223.909,latency_s,0.018910
1756998223.932,latency_s,0.021385
1756998223.932,latency_s,0.020923
1756998223.932,latency_s,0.020536
1756998223.932,latency_s,0.020139
1756998223.932,latency_s,0.020082
1756998223.932,latency_s,0.020306
1756998223.933,latency_s,0.018859
1756998223.937,latency_s,0.019497
1756998223.937,latency_s,0.019290
1756998223.937,latency_s,0.019222
1756998223.937,latency_s,0.019413
1756998223.945,latency_s,0.022057
1756998223.945,latency_s,0.021221
1756998223.947,latency_s,0.019286
1756998223.948,latency_s,0.018328
1756998223.948,latency_s,0.018440
1756998223.950,latency_s,0.019411
1756998223.963,latency_s,0.019167
1756998223.963,latency_s,0.018933
1756998223.976,latency_s,0.018732
1756998223.996,latency_s,0.019544
1756998224.000,latency_s,0.018515
1756998224.012,latency_s,0.019664
1756998224.032,latency_s,0.020739
1756998224.032,latency_s,0.020256
1756998224.032,latency_s,0.019805
1756998224.032,latency_s,0.019938
1756998224.032,latency_s,0.019912
1756998224.033,latency_s,0.020141
1756998224.033,latency_s,0.018363
1756998224.038,latency_s,0.019421
1756998224.038,latency_s,0.019482
1756998224.038,latency_s,0.019489
1756998224.038,latency_s,0.019123
1756998224.046,latency_s,0.021782
1756998224.046,latency_s,0.020847
1756998224.048,latency_s,0.018878
1756998224.050,latency_s,0.019934
1756998224.050,latency_s,0.019471
1756998224.050,latency_s,0.019078
1756998224.065,latency_s,0.020206
1756998224.065,latency_s,0.018596
1756998224.077,latency_s,0.019293
1756998224.095,latency_s,0.018860
1756998224.101,latency_s,0.019763
1756998224.111,latency_s,0.018397
1756998224.134,latency_s,0.022028
1756998224.134,latency_s,0.021782
1756998224.134,latency_s,0.021300
1756998224.134,latency_s,0.021333
1756998224.134,latency_s,0.021573
1756998224.134,latency_s,0.021507
1756998224.135,latency_s,0.019443
1756998224.138,latency_s,0.019434
1756998224.139,latency_s,0.019545
1756998224.139,latency_s,0.019610
1756998224.139,latency_s,0.019795
1756998224.143,latency_s,0.018556
1756998224.143,latency_s,0.018173
1756998224.148,latency_s,0.018698
1756998224.149,latency_s,0.019191
1756998224.150,latency_s,0.018639
1756998224.150,latency_s,0.018778
1756998224.164,latency_s,0.018224
1756998224.165,latency_s,0.018357
1756998224.177,latency_s,0.018042
1756998224.196,latency_s,0.019139
1756998224.201,latency_s,0.019241
1756998224.211,latency_s,0.018752
1756998224.231,latency_s,0.018970
1756998224.231,latency_s,0.018807
1756998224.234,latency_s,0.020409
1756998224.234,latency_s,0.020505
1756998224.234,latency_s,0.020339
1756998224.234,latency_s,0.020418
1756998224.234,latency_s,0.018625
1756998224.238,latency_s,0.018653
1756998224.239,latency_s,0.018938
1756998224.239,latency_s,0.019202
1756998224.239,latency_s,0.019181
1756998224.244,latency_s,0.019241
1756998224.248,latency_s,0.022503
1756998224.249,latency_s,0.019518
1756998224.249,latency_s,0.018568
1756998224.252,latency_s,0.019936
1756998224.252,latency_s,0.020143
1756998224.265,latency_s,0.018431
1756998224.266,latency_s,0.018410
1756998224.279,latency_s,0.019511
1756998224.297,latency_s,0.018949
1756998224.302,latency_s,0.019609
1756998224.313,latency_s,0.019601
1756998224.336,latency_s,0.022995
1756998224.336,latency_s,0.023025
1756998224.336,latency_s,0.022547
1756998224.336,latency_s,0.022764
1756998224.336,latency_s,0.022591
1756998224.336,latency_s,0.022833
1756998224.337,latency_s,0.020682
1756998224.338,latency_s,0.018108
1756998224.340,latency_s,0.018447
1756998224.340,latency_s,0.018333
1756998224.340,latency_s,0.018777
1756998224.343,latency_s,0.017742
1756998224.350,latency_s,0.024178
1756998224.350,latency_s,0.021109
1756998224.351,latency_s,0.020203
1756998224.351,latency_s,0.018739
1756998224.351,latency_s,0.018492
1756998224.367,latency_s,0.019439
1756998224.367,latency_s,0.019146
1756998224.380,latency_s,0.019730
1756998224.398,latency_s,0.019372
1756998224.402,latency_s,0.018904
1756998224.413,latency_s,0.018824
1756998224.435,latency_s,0.021446
1756998224.435,latency_s,0.021349
1756998224.435,latency_s,0.021237
1756998224.435,latency_s,0.021272
1756998224.435,latency_s,0.020892
1756998224.435,latency_s,0.021162
1756998224.435,latency_s,0.018477
1756998224.439,latency_s,0.018441
1756998224.442,latency_s,0.018744
1756998224.442,latency_s,0.019098
1756998224.443,latency_s,0.020030
1756998224.444,latency_s,0.018353
1756998224.444,latency_s,0.018408
1756998224.449,latency_s,0.019581
1756998224.449,latency_s,0.018329
1756998224.451,latency_s,0.018266
1756998224.451,latency_s,0.018164
1756998224.468,latency_s,0.019758
1756998224.468,latency_s,0.019673
1756998224.482,latency_s,0.018841
1756998224.498,latency_s,0.019277
1756998224.501,latency_s,0.017783
1756998224.513,latency_s,0.018140
1756998224.536,latency_s,0.021587
1756998224.536,latency_s,0.021650
1756998224.537,latency_s,0.021634
1756998224.537,latency_s,0.021620
1756998224.537,latency_s,0.020800
1756998224.537,latency_s,0.021517
1756998224.537,latency_s,0.019514
1756998224.540,latency_s,0.018546
1756998224.542,latency_s,0.018973
1756998224.543,latency_s,0.019226
1756998224.544,latency_s,0.018805
1756998224.544,latency_s,0.018119
1756998224.545,latency_s,0.018384
1756998224.549,latency_s,0.018444
1756998224.551,latency_s,0.019822
1756998224.553,latency_s,0.019186
1756998224.553,latency_s,0.019193
1756998224.569,latency_s,0.019417
1756998224.569,latency_s,0.019261
1756998224.585,latency_s,0.020029
1756998224.600,latency_s,0.019433
1756998224.603,latency_s,0.018644
1756998224.615,latency_s,0.020071
1756998224.636,latency_s,0.020828
1756998224.636,latency_s,0.020862
1756998224.636,latency_s,0.020695
1756998224.637,latency_s,0.021088
1756998224.637,latency_s,0.020295
1756998224.637,latency_s,0.020685
1756998224.637,latency_s,0.019166
1756998224.642,latency_s,0.020340
1756998224.642,latency_s,0.018905
1756998224.644,latency_s,0.018976
1756998224.644,latency_s,0.018700
1756998224.645,latency_s,0.018324
1756998224.645,latency_s,0.018533
1756998224.651,latency_s,0.020049
1756998224.652,latency_s,0.020259
1756998224.655,latency_s,0.020859
1756998224.655,latency_s,0.020518
1756998224.669,latency_s,0.018814
1756998224.672,latency_s,0.018484
1756998224.685,latency_s,0.018927
1756998224.700,latency_s,0.018682
1756998224.704,latency_s,0.018993
1756998224.716,latency_s,0.020634
1756998224.737,latency_s,0.020941
1756998224.737,latency_s,0.020737
1756998224.737,latency_s,0.021201
1756998224.737,latency_s,0.021111
1756998224.737,latency_s,0.020726
1756998224.737,latency_s,0.020799
1756998224.738,latency_s,0.019583
1756998224.741,latency_s,0.018438
1756998224.742,latency_s,0.018218
1756998224.744,latency_s,0.018028
1756998224.744,latency_s,0.018204
1756998224.746,latency_s,0.018662
1756998224.746,latency_s,0.018674
1756998224.749,latency_s,0.017740
1756998224.752,latency_s,0.020503
1756998224.753,latency_s,0.018479
1756998224.753,latency_s,0.018127
1756998224.769,latency_s,0.019046
1756998224.774,latency_s,0.018610
1756998224.786,latency_s,0.018586
1756998224.800,latency_s,0.017961
1756998224.805,latency_s,0.019503
1756998224.815,latency_s,0.018529
1756998224.839,latency_s,0.022988
1756998224.840,latency_s,0.022688
1756998224.840,latency_s,0.023201
1756998224.840,latency_s,0.022715
1756998224.840,latency_s,0.022264
1756998224.840,latency_s,0.022721
1756998224.840,latency_s,0.021144
1756998224.841,latency_s,0.018033
1756998224.843,latency_s,0.018003
1756998224.843,latency_s,0.017618
1756998224.844,latency_s,0.017772
1756998224.847,latency_s,0.019179
1756998224.847,latency_s,0.019010
1756998224.852,latency_s,0.019576
1756998224.852,latency_s,0.019566
1756998224.854,latency_s,0.018530
1756998224.855,latency_s,0.019892
1756998224.869,latency_s,0.018633
1756998224.874,latency_s,0.018625
1756998224.888,latency_s,0.018441
1756998224.902,latency_s,0.018994
1756998224.905,latency_s,0.019898
1756998224.918,latency_s,0.020663
1756998224.937,latency_s,0.020132
1756998224.937,latency_s,0.020422
1756998224.938,latency_s,0.020245
1756998224.938,latency_s,0.019816
1756998224.938,latency_s,0.019820
1756998224.938,latency_s,0.020010
1756998224.938,latency_s,0.018696
1756998224.942,latency_s,0.018451
1756998224.944,latency_s,0.018701
1756998224.945,latency_s,0.018288
1756998224.945,latency_s,0.018368
1756998224.947,latency_s,0.018682
1756998224.947,latency_s,0.018438
1756998224.952,latency_s,0.019067
1756998224.952,latency_s,0.019508
1756998224.955,latency_s,0.019083
1756998224.955,latency_s,0.018751
1756998224.970,latency_s,0.018553
1756998224.975,latency_s,0.018759
1756998224.989,latency_s,0.018683
1756998225.001,latency_s,0.018134
1756998225.018,latency_s,0.020053
1756998225.038,latency_s,0.020375
1756998225.038,latency_s,0.020416
1756998225.038,latency_s,0.020423
1756998225.038,latency_s,0.020316
1756998225.038,latency_s,0.020675
1756998225.038,latency_s,0.020393
1756998225.039,latency_s,0.019015
1756998225.045,latency_s,0.020370
1756998225.046,latency_s,0.019730
1756998225.046,latency_s,0.018796
1756998225.046,latency_s,0.018919
1756998225.048,latency_s,0.019064
1756998225.048,latency_s,0.019098
1756998225.053,latency_s,0.020047
1756998225.053,latency_s,0.019444
1756998225.055,latency_s,0.019020
1756998225.056,latency_s,0.018115
1756998225.071,latency_s,0.019826
1756998225.076,latency_s,0.018299
1756998225.090,latency_s,0.018397
1756998225.101,latency_s,0.017709
1756998225.119,latency_s,0.019019
1756998225.127,latency_s,0.141336
1756998225.127,latency_s,0.040618
1756998225.137,latency_s,0.019320
1756998225.137,latency_s,0.018975
1756998225.138,latency_s,0.019004
1756998225.138,latency_s,0.019306
1756998225.140,latency_s,0.021254
1756998225.140,latency_s,0.021882
1756998225.140,latency_s,0.019885
1756998225.145,latency_s,0.019744
1756998225.145,latency_s,0.019231
1756998225.147,latency_s,0.019891
1756998225.147,latency_s,0.019896
1756998225.149,latency_s,0.018925
1756998225.149,latency_s,0.019038
1756998225.154,latency_s,0.020283
1756998225.154,latency_s,0.020085
1756998225.155,latency_s,0.018028
1756998225.157,latency_s,0.018523
1756998225.171,latency_s,0.018615
1756998225.178,latency_s,0.020151
1756998225.193,latency_s,0.019436
1756998225.204,latency_s,0.018282
1756998225.207,latency_s,0.018229
1756998225.221,latency_s,0.019900
1756998225.239,latency_s,0.020835
1756998225.240,latency_s,0.021161
1756998225.240,latency_s,0.020814
1756998225.240,latency_s,0.020807
1756998225.240,latency_s,0.021270
1756998225.240,latency_s,0.020628
1756998225.240,latency_s,0.019743
1756998225.245,latency_s,0.018465
1756998225.249,latency_s,0.021227
1756998225.249,latency_s,0.020931
1756998225.249,latency_s,0.021060
1756998225.249,latency_s,0.018987
1756998225.249,latency_s,0.018841
1756998225.255,latency_s,0.021158
1756998225.256,latency_s,0.021858
1756998225.256,latency_s,0.018958
1756998225.257,latency_s,0.017551
1756998225.272,latency_s,0.019034
1756998225.279,latency_s,0.019511
1756998225.293,latency_s,0.018411
1756998225.305,latency_s,0.019168
1756998225.308,latency_s,0.018525
1756998225.323,latency_s,0.021794
1756998225.340,latency_s,0.020375
1756998225.340,latency_s,0.020554
1756998225.340,latency_s,0.020645
1756998225.340,latency_s,0.020648
1756998225.340,latency_s,0.020698
1756998225.340,latency_s,0.019964
1756998225.340,latency_s,0.018956
1756998225.347,latency_s,0.019918
1756998225.347,latency_s,0.019440
1756998225.347,latency_s,0.019225
1756998225.348,latency_s,0.019281
1756998225.349,latency_s,0.019173
1756998225.350,latency_s,0.018929
1756998225.354,latency_s,0.019624
1756998225.354,latency_s,0.019780
1756998225.356,latency_s,0.018639
1756998225.358,latency_s,0.018291
1756998225.374,latency_s,0.020404
1756998225.379,latency_s,0.018207
1756998225.394,latency_s,0.019382
1756998225.406,latency_s,0.018964
1756998225.408,latency_s,0.018596
1756998225.422,latency_s,0.018961
1756998225.440,latency_s,0.019724
1756998225.440,latency_s,0.019749
1756998225.440,latency_s,0.019625
1756998225.440,latency_s,0.019552
1756998225.440,latency_s,0.019523
1756998225.440,latency_s,0.019743
1756998225.440,latency_s,0.018657
1756998225.448,latency_s,0.020457
1756998225.448,latency_s,0.020342
1756998225.448,latency_s,0.020060
1756998225.448,latency_s,0.019752
1756998225.450,latency_s,0.019608
1756998225.450,latency_s,0.018820
1756998225.456,latency_s,0.020774
1756998225.456,latency_s,0.020739
1756998225.456,latency_s,0.018752
1756998225.460,latency_s,0.018698
1756998225.472,latency_s,0.018364
1756998225.480,latency_s,0.018668
1756998225.494,latency_s,0.018656
1756998225.510,latency_s,0.019054
1756998225.510,latency_s,0.019208
1756998225.525,latency_s,0.021005
1756998225.541,latency_s,0.020716
1756998225.541,latency_s,0.020014
1756998225.541,latency_s,0.020059
1756998225.541,latency_s,0.020200
1756998225.541,latency_s,0.020252
1756998225.541,latency_s,0.020214
1756998225.541,latency_s,0.019410
1756998225.548,latency_s,0.019831
1756998225.548,latency_s,0.019468
1756998225.548,latency_s,0.019729
1756998225.548,latency_s,0.019392
1756998225.548,latency_s,0.017996
1756998225.550,latency_s,0.019027
1756998225.554,latency_s,0.018470
1756998225.556,latency_s,0.020061
1756998225.556,latency_s,0.018775
1756998225.562,latency_s,0.019090
1756998225.573,latency_s,0.018622
1756998225.580,latency_s,0.018117
1756998225.597,latency_s,0.019502
1756998225.611,latency_s,0.019063
1756998225.611,latency_s,0.019245
1756998225.623,latency_s,0.019094
1756998225.640,latency_s,0.019137
1756998225.640,latency_s,0.018295
1756998225.640,latency_s,0.018275
1756998225.640,latency_s,0.018404
1756998225.640,latency_s,0.018506
1756998225.643,latency_s,0.021572
1756998225.643,latency_s,0.021250
1756998225.648,latency_s,0.019470
1756998225.649,latency_s,0.019572
1756998225.649,latency_s,0.019253
1756998225.649,latency_s,0.019470
1756998225.649,latency_s,0.017941
1756998225.651,latency_s,0.019098
1756998225.655,latency_s,0.018618
1756998225.656,latency_s,0.019065
1756998225.657,latency_s,0.019027
1756998225.661,latency_s,0.018081
1756998225.676,latency_s,0.018911
1756998225.683,latency_s,0.019714
1756998225.698,latency_s,0.018436
1756998225.712,latency_s,0.019455
1756998225.712,latency_s,0.018564
1756998225.723,latency_s,0.018499
1756998225.739,latency_s,0.018755
1756998225.741,latency_s,0.018365
1756998225.742,latency_s,0.019953
1756998225.742,latency_s,0.019654
1756998225.742,latency_s,0.020096
1756998225.742,latency_s,0.019991
1756998225.743,latency_s,0.020677
1756998225.748,latency_s,0.018916
1756998225.749,latency_s,0.018095
1756998225.750,latency_s,0.018213
1756998225.750,latency_s,0.018273
1756998225.750,latency_s,0.017839
1756998225.751,latency_s,0.019014
1756998225.755,latency_s,0.018552
1756998225.756,latency_s,0.018211
1756998225.764,latency_s,0.018628
1756998225.777,latency_s,0.019591
1756998225.783,latency_s,0.019438
1756998225.799,latency_s,0.018990
1756998225.811,latency_s,0.018664
1756998225.813,latency_s,0.019527
1756998225.825,latency_s,0.019297
1756998225.840,latency_s,0.018999
1756998225.841,latency_s,0.018665
1756998225.841,latency_s,0.018869
1756998225.841,latency_s,0.018704
1756998225.844,latency_s,0.021021
1756998225.844,latency_s,0.021070
1756998225.844,latency_s,0.020925
1756998225.851,latency_s,0.019766
1756998225.851,latency_s,0.018924
1756998225.851,latency_s,0.018851
1756998225.851,latency_s,0.018661
1756998225.851,latency_s,0.018469
1756998225.855,latency_s,0.018636
1756998225.857,latency_s,0.019166
1756998225.865,latency_s,0.019119
1756998225.882,latency_s,0.144495
1756998225.882,latency_s,0.019794
1756998225.883,latency_s,0.045227
1756998225.883,latency_s,0.019455
1756998225.899,latency_s,0.018506
1756998225.913,latency_s,0.019889
1756998225.913,latency_s,0.018989
1756998225.926,latency_s,0.019465
1756998225.940,latency_s,0.019243
1756998225.942,latency_s,0.018720
1756998225.942,latency_s,0.018828
1756998225.942,latency_s,0.018796
1756998225.945,latency_s,0.019457
1756998225.945,latency_s,0.019632
1756998225.945,latency_s,0.019740
1756998225.950,latency_s,0.018650
1756998225.952,latency_s,0.019571
1756998225.952,latency_s,0.019463
1756998225.952,latency_s,0.019711
1756998225.952,latency_s,0.019528
1756998225.955,latency_s,0.017874
1756998225.957,latency_s,0.018699
1756998225.957,latency_s,0.018693
1756998225.966,latency_s,0.136245
1756998225.968,latency_s,0.037674
1756998225.968,latency_s,0.020149
1756998225.983,latency_s,0.019662
1756998225.983,latency_s,0.018880
1756998225.999,latency_s,0.018035
1756998226.012,latency_s,0.017917
1756998226.013,latency_s,0.018542
1756998226.027,latency_s,0.019113
1756998226.040,latency_s,0.018565
1756998226.044,latency_s,0.019356
1756998226.044,latency_s,0.019746
1756998226.045,latency_s,0.020750
1756998226.045,latency_s,0.018260
1756998226.045,latency_s,0.018313
1756998226.045,latency_s,0.018594
1756998226.052,latency_s,0.019709
1756998226.052,latency_s,0.019355
1756998226.052,latency_s,0.019243
1756998226.052,latency_s,0.018785
1756998226.052,latency_s,0.019338
1756998226.052,latency_s,0.018989
1756998226.055,latency_s,0.018117
1756998226.057,latency_s,0.018423
1756998226.058,latency_s,0.018571
1756998226.069,latency_s,0.019247
1756998226.085,latency_s,0.019754
1756998226.085,latency_s,0.019563
1756998226.129,latency_s,0.047247
1756998226.129,latency_s,0.035133
1756998226.130,latency_s,0.034321
1756998226.130,latency_s,0.021090
1756998226.146,latency_s,0.021624
1756998226.146,latency_s,0.021927
1756998226.146,latency_s,0.021695
1756998226.147,latency_s,0.020539
1756998226.147,latency_s,0.019637
1756998226.147,latency_s,0.019275
1756998226.147,latency_s,0.020019
1756998226.152,latency_s,0.019857
1756998226.152,latency_s,0.019545
1756998226.152,latency_s,0.019763
1756998226.153,latency_s,0.019200
1756998226.153,latency_s,0.019094
1756998226.160,latency_s,0.026426
1756998226.160,latency_s,0.022461
1756998226.160,latency_s,0.020545
1756998226.160,latency_s,0.020370
1756998226.170,latency_s,0.019695
1756998226.186,latency_s,0.019857
1756998226.186,latency_s,0.019869
1756998226.202,latency_s,0.019967
1756998226.214,latency_s,0.018947
1756998226.217,latency_s,0.019751
1756998226.228,latency_s,0.018982
1756998226.247,latency_s,0.019570
1756998226.247,latency_s,0.019705
1756998226.247,latency_s,0.019809
1756998226.250,latency_s,0.022177
1756998226.250,latency_s,0.022443
1756998226.250,latency_s,0.022097
1756998226.250,latency_s,0.022242
1756998226.253,latency_s,0.020063
1756998226.253,latency_s,0.019950
1756998226.253,latency_s,0.019357
1756998226.253,latency_s,0.020327
1756998226.253,latency_s,0.019563
1756998226.253,latency_s,0.019609
1756998226.262,latency_s,0.023673
1756998226.262,latency_s,0.022335
1756998226.262,latency_s,0.022120
1756998226.270,latency_s,0.019022
1756998226.286,latency_s,0.019635
1756998226.286,latency_s,0.019480
1756998226.303,latency_s,0.020028
1756998226.317,latency_s,0.019266
1756998226.329,latency_s,0.019202
1756998226.348,latency_s,0.019655
1756998226.348,latency_s,0.019284
1756998226.351,latency_s,0.022926
1756998226.351,latency_s,0.023157
1756998226.351,latency_s,0.023144
1756998226.351,latency_s,0.023288
1756998226.352,latency_s,0.022868
1756998226.354,latency_s,0.020036
1756998226.354,latency_s,0.019774
1756998226.354,latency_s,0.019751
1756998226.354,latency_s,0.019701
1756998226.354,latency_s,0.019892
1756998226.365,latency_s,0.030151
1756998226.365,latency_s,0.025937
1756998226.365,latency_s,0.024127
1756998226.365,latency_s,0.024152
1756998226.370,latency_s,0.019148
1756998226.385,latency_s,0.018713
1756998226.385,latency_s,0.018793
1756998226.404,latency_s,0.018420
1756998226.418,latency_s,0.019073
1756998226.430,latency_s,0.019819
1756998226.449,latency_s,0.020584
1756998226.449,latency_s,0.152900
1756998226.449,latency_s,0.020399
1756998226.449,latency_s,0.020725
1756998226.449,latency_s,0.020496
1756998226.449,latency_s,0.052451
1756998226.449,latency_s,0.020194
1756998226.449,latency_s,0.020155
1756998226.449,latency_s,0.019965
1756998226.454,latency_s,0.020060
1756998226.454,latency_s,0.019586
1756998226.454,latency_s,0.019838
1756998226.454,latency_s,0.019582
1756998226.485,latency_s,0.050509
1756998226.485,latency_s,0.050441
1756998226.485,latency_s,0.045828
1756998226.485,latency_s,0.044463
1756998226.485,latency_s,0.044474
1756998226.485,latency_s,0.034111
1756998226.500,latency_s,0.033158
1756998226.501,latency_s,0.031241
1756998226.504,latency_s,0.018232
1756998226.516,latency_s,0.018752
1756998226.518,latency_s,0.018861
1756998226.530,latency_s,0.019126
1756998226.550,latency_s,0.021179
1756998226.550,latency_s,0.020471
1756998226.550,latency_s,0.020881
1756998226.550,latency_s,0.020250
1756998226.550,latency_s,0.020562
1756998226.550,latency_s,0.020254
1756998226.550,latency_s,0.020832
1756998226.555,latency_s,0.020125
1756998226.555,latency_s,0.020035
1756998226.555,latency_s,0.020207
1756998226.563,latency_s,0.028764
1756998226.564,latency_s,0.028540
1756998226.564,latency_s,0.028634
1756998226.564,latency_s,0.023798
1756998226.564,latency_s,0.022816
1756998226.564,latency_s,0.022584
1756998226.571,latency_s,0.019256
1756998226.586,latency_s,0.018648
1756998226.590,latency_s,0.019722
1756998226.606,latency_s,0.019477
1756998226.616,latency_s,0.018096
1756998226.618,latency_s,0.018753
1756998226.630,latency_s,0.018586
1756998226.647,latency_s,0.018382
1756998226.647,latency_s,0.018072
1756998226.647,latency_s,0.017910
1756998226.648,latency_s,0.018060
1756998226.650,latency_s,0.020617
1756998226.651,latency_s,0.020466
1756998226.651,latency_s,0.020043
1756998226.655,latency_s,0.019502
1756998226.655,latency_s,0.019077
1756998226.655,latency_s,0.019548
1756998226.663,latency_s,0.027220
1756998226.663,latency_s,0.027349
1756998226.663,latency_s,0.027424
1756998226.663,latency_s,0.023016
1756998226.663,latency_s,0.022058
1756998226.663,latency_s,0.021601
1756998226.670,latency_s,0.018133
1756998226.688,latency_s,0.019456
1756998226.689,latency_s,0.018263
1756998226.706,latency_s,0.018896
1756998226.717,latency_s,0.018434
1756998226.720,latency_s,0.019592
1756998226.731,latency_s,0.018654
1756998226.748,latency_s,0.018652
1756998226.748,latency_s,0.018203
1756998226.751,latency_s,0.020826
1756998226.751,latency_s,0.020921
1756998226.751,latency_s,0.020988
1756998226.768,latency_s,0.037826
1756998226.768,latency_s,0.037524
1756998226.768,latency_s,0.032542
1756998226.768,latency_s,0.032560
1756998226.768,latency_s,0.032455
1756998226.768,latency_s,0.032645
1756998226.768,latency_s,0.032605
1756998226.769,latency_s,0.032550
1756998226.769,latency_s,0.027877
1756998226.769,latency_s,0.027413
1756998226.769,latency_s,0.026839
1756998226.770,latency_s,0.017899
1756998226.788,latency_s,0.019306
1756998226.790,latency_s,0.018151
1756998226.806,latency_s,0.018720
1756998226.817,latency_s,0.018535
1756998226.819,latency_s,0.018330
1756998226.834,latency_s,0.020520
1756998226.849,latency_s,0.019824
1756998226.851,latency_s,0.020497
1756998226.851,latency_s,0.020909
1756998226.851,latency_s,0.020088
1756998226.851,latency_s,0.020410
1756998226.851,latency_s,0.019830
1756998226.851,latency_s,0.019845
1756998226.855,latency_s,0.018950
1756998226.865,latency_s,0.028935
1756998226.865,latency_s,0.029073
1756998226.865,latency_s,0.028986
1756998226.865,latency_s,0.028892
1756998226.866,latency_s,0.028532
1756998226.866,latency_s,0.024240
1756998226.866,latency_s,0.023901
1756998226.866,latency_s,0.023633
1756998226.872,latency_s,0.019001
1756998226.888,latency_s,0.019311
1756998226.891,latency_s,0.018367
1756998226.907,latency_s,0.019123
1756998226.918,latency_s,0.018546
1756998226.921,latency_s,0.019350
1756998226.933,latency_s,0.019249
1756998226.948,latency_s,0.018625
1756998226.952,latency_s,0.019971
1756998226.952,latency_s,0.020258
1756998226.952,latency_s,0.020303
1756998226.952,latency_s,0.020474
1756998226.952,latency_s,0.020469
1756998226.952,latency_s,0.019943
1756998226.956,latency_s,0.019273
1756998226.965,latency_s,0.028589
1756998226.965,latency_s,0.028324
1756998226.965,latency_s,0.028446
1756998226.965,latency_s,0.027703
1756998226.965,latency_s,0.027643
1756998226.965,latency_s,0.023743
1756998226.965,latency_s,0.023353
1756998226.965,latency_s,0.023280
1756998226.973,latency_s,0.019809
1756998226.989,latency_s,0.019359
1756998226.991,latency_s,0.018659
1756998227.007,latency_s,0.018682
1756998227.019,latency_s,0.019168
1756998227.020,latency_s,0.017931
1756998227.034,latency_s,0.019505
1756998227.049,latency_s,0.019341
1756998227.052,latency_s,0.020035
1756998227.052,latency_s,0.019853
1756998227.052,latency_s,0.019729
1756998227.052,latency_s,0.019485
1756998227.052,latency_s,0.020151
1756998227.052,latency_s,0.020218
1756998227.057,latency_s,0.019886
1756998227.064,latency_s,0.026633
1756998227.064,latency_s,0.026795
1756998227.064,latency_s,0.026623
1756998227.064,latency_s,0.025704
1756998227.064,latency_s,0.025827
1756998227.064,latency_s,0.021977
1756998227.064,latency_s,0.021621
1756998227.064,latency_s,0.021739
1756998227.072,latency_s,0.018339
1756998227.090,latency_s,0.019371
1756998227.092,latency_s,0.019140
1756998227.108,latency_s,0.018800
1756998227.119,latency_s,0.018138
1756998227.122,latency_s,0.019287
1756998227.133,latency_s,0.017938
1756998227.149,latency_s,0.018553
1756998227.152,latency_s,0.019528
1756998227.152,latency_s,0.019580
1756998227.152,latency_s,0.019593
1756998227.152,latency_s,0.019342
1756998227.152,latency_s,0.018655
1756998227.152,latency_s,0.019749
1756998227.159,latency_s,0.020249
1756998227.165,latency_s,0.026363
1756998227.165,latency_s,0.026344
1756998227.165,latency_s,0.026485
1756998227.165,latency_s,0.025990
1756998227.165,latency_s,0.025975
1756998227.165,latency_s,0.022150
1756998227.165,latency_s,0.022168
1756998227.165,latency_s,0.021185
1756998227.174,latency_s,0.019133
1756998227.190,latency_s,0.018803
1756998227.192,latency_s,0.018341
1756998227.209,latency_s,0.019328
1756998227.219,latency_s,0.018763
1756998227.222,latency_s,0.018876
1756998227.234,latency_s,0.018839
1756998227.249,latency_s,0.018775
1756998227.253,latency_s,0.019937
1756998227.253,latency_s,0.019625
1756998227.253,latency_s,0.019798
1756998227.253,latency_s,0.019875
1756998227.253,latency_s,0.019623
1756998227.255,latency_s,0.021232
1756998227.258,latency_s,0.019031
1756998227.267,latency_s,0.028018
1756998227.267,latency_s,0.028069
1756998227.267,latency_s,0.027709
1756998227.267,latency_s,0.027947
1756998227.267,latency_s,0.028005
1756998227.267,latency_s,0.023821
1756998227.267,latency_s,0.023646
1756998227.267,latency_s,0.022742
1756998227.275,latency_s,0.019180
1756998227.290,latency_s,0.018616
1756998227.293,latency_s,0.018029
1756998227.309,latency_s,0.018699
1756998227.320,latency_s,0.019016
1756998227.322,latency_s,0.018719
1756998227.335,latency_s,0.018662
1756998227.350,latency_s,0.018903
1756998227.353,latency_s,0.020030
1756998227.353,latency_s,0.019166
1756998227.353,latency_s,0.019243
1756998227.354,latency_s,0.019138
1756998227.354,latency_s,0.018910
1756998227.354,latency_s,0.019279
1756998227.359,latency_s,0.019052
1756998227.359,latency_s,0.019090
1756998227.359,latency_s,0.018849
1756998227.366,latency_s,0.025709
1756998227.366,latency_s,0.025883
1756998227.366,latency_s,0.025455
1756998227.366,latency_s,0.022467
1756998227.366,latency_s,0.022186
1756998227.389,latency_s,0.043314
1756998227.389,latency_s,0.033296
1756998227.404,latency_s,0.031857
1756998227.404,latency_s,0.028157
1756998227.409,latency_s,0.018835
1756998227.420,latency_s,0.018312
1756998227.423,latency_s,0.018915
1756998227.436,latency_s,0.019456
1756998227.454,latency_s,0.021658
1756998227.454,latency_s,0.019808
1756998227.454,latency_s,0.019288
1756998227.454,latency_s,0.019267
1756998227.454,latency_s,0.019152
1756998227.454,latency_s,0.019190
1756998227.468,latency_s,0.032234
1756998227.468,latency_s,0.027516
1756998227.468,latency_s,0.027091
1756998227.468,latency_s,0.027356
1756998227.468,latency_s,0.026568
1756998227.468,latency_s,0.026417
1756998227.468,latency_s,0.026426
1756998227.468,latency_s,0.024190
1756998227.468,latency_s,0.023898
1756998227.468,latency_s,0.021852
1756998227.475,latency_s,0.018619
1756998227.491,latency_s,0.018725
1756998227.529,latency_s,0.052434
1756998227.529,latency_s,0.036743
1756998227.529,latency_s,0.026421
1756998227.529,latency_s,0.024342
1756998227.536,latency_s,0.019191
1756998227.551,latency_s,0.018990
1756998227.555,latency_s,0.020355
1756998227.555,latency_s,0.020671
1756998227.556,latency_s,0.021038
1756998227.567,latency_s,0.031684
1756998227.567,latency_s,0.031560
1756998227.567,latency_s,0.031063
1756998227.567,latency_s,0.026506
1756998227.567,latency_s,0.026251
1756998227.567,latency_s,0.026103
1756998227.567,latency_s,0.024688
1756998227.567,latency_s,0.024640
1756998227.567,latency_s,0.024365
1756998227.567,latency_s,0.023132
1756998227.567,latency_s,0.022644
1756998227.570,latency_s,0.023022
1756998227.575,latency_s,0.018980
1756998227.591,latency_s,0.018846
1756998227.595,latency_s,0.018171
1756998227.612,latency_s,0.019160
1756998227.622,latency_s,0.018866
1756998227.625,latency_s,0.019221
1756998227.637,latency_s,0.020238
1756998227.652,latency_s,0.019113
1756998227.653,latency_s,0.017833
1756998227.653,latency_s,0.017963
1756998227.654,latency_s,0.018429
1756998227.655,latency_s,0.020042
1756998227.668,latency_s,0.032398
1756998227.668,latency_s,0.030899
1756998227.668,latency_s,0.026930
1756998227.668,latency_s,0.026675
1756998227.668,latency_s,0.027188
1756998227.668,latency_s,0.025211
1756998227.668,latency_s,0.025238
1756998227.668,latency_s,0.025143
1756998227.668,latency_s,0.023327
1756998227.668,latency_s,0.023282
1756998227.668,latency_s,0.020985
1756998227.677,latency_s,0.018804
1756998227.693,latency_s,0.020071
1756998227.696,latency_s,0.018691
1756998227.714,latency_s,0.020143
1756998227.723,latency_s,0.019629
1756998227.726,latency_s,0.019222
1756998227.738,latency_s,0.019013
1756998227.752,latency_s,0.018950
1756998227.758,latency_s,0.022902
1756998227.758,latency_s,0.022529
1756998227.758,latency_s,0.022304
1756998227.758,latency_s,0.022154
1756998227.775,latency_s,0.038931
1756998227.776,latency_s,0.038872
1756998227.776,latency_s,0.034537
1756998227.776,latency_s,0.034456
1756998227.776,latency_s,0.034716
1756998227.778,latency_s,0.033786
1756998227.778,latency_s,0.033845
1756998227.778,latency_s,0.033754
1756998227.778,latency_s,0.032140
1756998227.778,latency_s,0.032010
1756998227.778,latency_s,0.029287
1756998227.778,latency_s,0.019788
1756998227.794,latency_s,0.020581
1756998227.798,latency_s,0.020042
1756998227.814,latency_s,0.019139
1756998227.822,latency_s,0.018306
1756998227.828,latency_s,0.019209
1756998227.838,latency_s,0.018774
1756998227.853,latency_s,0.019275
1756998227.857,latency_s,0.021197
1756998227.857,latency_s,0.021336
1756998227.857,latency_s,0.020958
1756998227.857,latency_s,0.021194
1756998227.870,latency_s,0.033784
1756998227.870,latency_s,0.031958
1756998227.870,latency_s,0.028112
1756998227.870,latency_s,0.027084
1756998227.870,latency_s,0.027005
1756998227.870,latency_s,0.025616
1756998227.870,latency_s,0.025653
1756998227.870,latency_s,0.025792
1756998227.870,latency_s,0.023945
1756998227.870,latency_s,0.023893
1756998227.870,latency_s,0.021225
1756998227.877,latency_s,0.018741
1756998227.893,latency_s,0.019042
1756998227.897,latency_s,0.018617
1756998227.915,latency_s,0.019129
1756998227.922,latency_s,0.017930
1756998227.929,latency_s,0.019370
1756998227.938,latency_s,0.018295
1756998227.954,latency_s,0.019755
1756998227.958,latency_s,0.021189
1756998227.958,latency_s,0.021364
1756998227.958,latency_s,0.020982
1756998227.958,latency_s,0.021094
1756998227.958,latency_s,0.021119
1756998227.958,latency_s,0.019315
1756998227.969,latency_s,0.026206
1756998227.969,latency_s,0.025292
1756998227.969,latency_s,0.025668
1756998227.970,latency_s,0.024998
1756998227.970,latency_s,0.025083
1756998227.970,latency_s,0.025129
1756998227.970,latency_s,0.023583
1756998227.970,latency_s,0.023380
1756998227.972,latency_s,0.022340
1756998227.978,latency_s,0.018930
1756998227.994,latency_s,0.019773
1756998227.999,latency_s,0.019598
1756998228.015,latency_s,0.018420
1756998228.024,latency_s,0.019357
1756998228.030,latency_s,0.019611
1756998228.040,latency_s,0.018806
1756998228.054,latency_s,0.018975
1756998228.056,latency_s,0.019429
1756998228.056,latency_s,0.019208
1756998228.056,latency_s,0.019146
1756998228.056,latency_s,0.018668
1756998228.056,latency_s,0.018723
1756998228.072,latency_s,0.033200
1756998228.072,latency_s,0.028841
1756998228.072,latency_s,0.028381
1756998228.072,latency_s,0.028105
1756998228.072,latency_s,0.027297
1756998228.072,latency_s,0.027496
1756998228.072,latency_s,0.027076
1756998228.072,latency_s,0.025231
1756998228.072,latency_s,0.025162
1756998228.072,latency_s,0.019407
1756998228.079,latency_s,0.019699
1756998228.093,latency_s,0.018565
1756998228.099,latency_s,0.019216
1756998228.116,latency_s,0.019435
1756998228.124,latency_s,0.018652
1756998228.130,latency_s,0.019866
1756998228.141,latency_s,0.018813
1756998228.154,latency_s,0.018005
1756998228.158,latency_s,0.020812
1756998228.159,latency_s,0.020900
1756998228.159,latency_s,0.020677
1756998228.159,latency_s,0.021069
1756998228.159,latency_s,0.019688
1756998228.164,latency_s,0.019284
1756998228.173,latency_s,0.027259
1756998228.173,latency_s,0.027884
1756998228.173,latency_s,0.027923
1756998228.173,latency_s,0.027973
1756998228.173,latency_s,0.027817
1756998228.173,latency_s,0.024267
1756998228.173,latency_s,0.024240
1756998228.173,latency_s,0.019402
1756998228.179,latency_s,0.019743
1756998228.195,latency_s,0.020535
1756998228.199,latency_s,0.018677
1756998228.217,latency_s,0.019237
1756998228.225,latency_s,0.019103
1756998228.231,latency_s,0.019777
1756998228.242,latency_s,0.019116
1756998228.260,latency_s,0.021695
1756998228.260,latency_s,0.021319
1756998228.260,latency_s,0.022067
1756998228.260,latency_s,0.021690
1756998228.260,latency_s,0.021065
1756998228.266,latency_s,0.020432
1756998228.266,latency_s,0.020292
1756998228.273,latency_s,0.027518
1756998228.273,latency_s,0.027302
1756998228.273,latency_s,0.027222
1756998228.273,latency_s,0.027438
1756998228.273,latency_s,0.023556
1756998228.273,latency_s,0.023619
1756998228.273,latency_s,0.019154
1756998228.281,latency_s,0.142714
1756998228.281,latency_s,0.020749
1756998228.281,latency_s,0.042639
1756998228.296,latency_s,0.020790
1756998228.299,latency_s,0.018148
1756998228.317,latency_s,0.018295
1756998228.325,latency_s,0.018700
1756998228.331,latency_s,0.019444
1756998228.343,latency_s,0.018652
1756998228.359,latency_s,0.020368
1756998228.359,latency_s,0.020175
1756998228.359,latency_s,0.019850
1756998228.359,latency_s,0.020192
1756998228.359,latency_s,0.020101
1756998228.359,latency_s,0.019490
1756998228.364,latency_s,0.018302
1756998228.366,latency_s,0.020420
1756998228.374,latency_s,0.027257
1756998228.374,latency_s,0.027345
1756998228.374,latency_s,0.027602
1756998228.375,latency_s,0.027406
1756998228.375,latency_s,0.024178
1756998228.375,latency_s,0.024179
1756998228.375,latency_s,0.020249
1756998228.375,latency_s,0.139269
1756998228.375,latency_s,0.038922
1756998228.379,latency_s,0.018832
1756998228.394,latency_s,0.018696
1756998228.399,latency_s,0.018258
1756998228.419,latency_s,0.019259
1756998228.425,latency_s,0.018408
1756998228.432,latency_s,0.019173
1756998228.443,latency_s,0.018847
1756998228.456,latency_s,0.019038
1756998228.460,latency_s,0.021189
1756998228.460,latency_s,0.021335
1756998228.460,latency_s,0.021044
1756998228.460,latency_s,0.020998
1756998228.460,latency_s,0.021134
1756998228.461,latency_s,0.020716
1756998228.468,latency_s,0.021450
1756998228.468,latency_s,0.021416
1756998228.475,latency_s,0.027997
1756998228.475,latency_s,0.027863
1756998228.475,latency_s,0.028090
1756998228.475,latency_s,0.027542
1756998228.475,latency_s,0.023993
1756998228.475,latency_s,0.024025
1756998228.475,latency_s,0.020551
1756998228.479,latency_s,0.018206
1756998228.495,latency_s,0.018900
1756998228.500,latency_s,0.018956
1756998228.519,latency_s,0.018769
1756998228.527,latency_s,0.019530
1756998228.533,latency_s,0.019679
1756998228.544,latency_s,0.018978
1756998228.556,latency_s,0.019205
1756998228.559,latency_s,0.019673
1756998228.559,latency_s,0.019706
1756998228.559,latency_s,0.019215
1756998228.559,latency_s,0.019312
1756998228.559,latency_s,0.019324
1756998228.560,latency_s,0.019395
1756998228.569,latency_s,0.021384
1756998228.569,latency_s,0.021255
1756998228.569,latency_s,0.021679
1756998228.574,latency_s,0.026144
1756998228.574,latency_s,0.026126
1756998228.574,latency_s,0.026186
1756998228.574,latency_s,0.022828
1756998228.574,latency_s,0.022858
1756998228.575,latency_s,0.019664
1756998228.579,latency_s,0.018107
1756998228.595,latency_s,0.018475
1756998228.601,latency_s,0.018696
1756998228.621,latency_s,0.019887
1756998228.627,latency_s,0.018859
1756998228.634,latency_s,0.019970
1756998228.644,latency_s,0.018399
1756998228.656,latency_s,0.018599
1756998228.661,latency_s,0.021115
1756998228.661,latency_s,0.020549
1756998228.661,latency_s,0.020534
1756998228.661,latency_s,0.020689
1756998228.661,latency_s,0.021185
1756998228.661,latency_s,0.020627
1756998228.668,latency_s,0.020449
1756998228.669,latency_s,0.019458
1756998228.669,latency_s,0.019945
1756998228.675,latency_s,0.025387
1756998228.675,latency_s,0.024924
1756998228.675,latency_s,0.024955
1756998228.675,latency_s,0.022089
1756998228.675,latency_s,0.022136
1756998228.675,latency_s,0.019417
1756998228.681,latency_s,0.019258
1756998228.696,latency_s,0.019088
1756998228.702,latency_s,0.020029
1756998228.721,latency_s,0.018657
1756998228.727,latency_s,0.019002
1756998228.735,latency_s,0.019150
1756998228.745,latency_s,0.019343
1756998228.757,latency_s,0.018471
1756998228.758,latency_s,0.017867
1756998228.761,latency_s,0.020165
1756998228.761,latency_s,0.020147
1756998228.761,latency_s,0.020703
1756998228.761,latency_s,0.020156
1756998228.761,latency_s,0.019110
1756998228.768,latency_s,0.018999
1756998228.768,latency_s,0.018191
1756998228.769,latency_s,0.019173
1756998228.769,latency_s,0.019214
1756998228.769,latency_s,0.018423
1756998228.773,latency_s,0.022215
1756998228.773,latency_s,0.019413
1756998228.773,latency_s,0.019231
1756998228.776,latency_s,0.019010
1756998228.780,latency_s,0.018216
1756998228.796,latency_s,0.018204
1756998228.801,latency_s,0.018490
1756998228.822,latency_s,0.019064
1756998228.827,latency_s,0.018510
1756998228.834,latency_s,0.018186
1756998228.847,latency_s,0.018684
1756998228.858,latency_s,0.018601
1756998228.860,latency_s,0.019309
1756998228.860,latency_s,0.019182
1756998228.860,latency_s,0.019530
1756998228.861,latency_s,0.019241
1756998228.861,latency_s,0.019335
1756998228.863,latency_s,0.020219
1756998228.868,latency_s,0.018621
1756998228.870,latency_s,0.020233
1756998228.870,latency_s,0.019917
1756998228.870,latency_s,0.020323
1756998228.876,latency_s,0.025376
1756998228.876,latency_s,0.025380
1756998228.876,latency_s,0.022548
1756998228.877,latency_s,0.022250
1756998228.877,latency_s,0.020022
1756998228.882,latency_s,0.018943
1756998228.898,latency_s,0.019581
1756998228.902,latency_s,0.018541
1756998228.926,latency_s,0.020635
1756998228.928,latency_s,0.018850
1756998228.936,latency_s,0.019144
1756998228.949,latency_s,0.018988
1756998228.958,latency_s,0.018404
1756998228.963,latency_s,0.021943
1756998228.963,latency_s,0.021798
1756998228.977,latency_s,0.035407
1756998228.977,latency_s,0.035413
1756998228.977,latency_s,0.035385
1756998228.977,latency_s,0.033731
1756998228.977,latency_s,0.027858
1756998228.977,latency_s,0.027322
1756998228.977,latency_s,0.026911
1756998228.977,latency_s,0.026488
1756998228.977,latency_s,0.026231
1756998228.978,latency_s,0.023024
1756998228.978,latency_s,0.022621
1756998228.978,latency_s,0.019632
1756998228.983,latency_s,0.019454
1756998228.998,latency_s,0.019150
1756998229.003,latency_s,0.019102
1756998229.025,latency_s,0.018967
1756998229.028,latency_s,0.018772
1756998229.037,latency_s,0.019432
1756998229.050,latency_s,0.019355
1756998229.058,latency_s,0.018425
1756998229.060,latency_s,0.017977
1756998229.062,latency_s,0.020114
1756998229.062,latency_s,0.019818
1756998229.062,latency_s,0.020080
1756998229.062,latency_s,0.020355
1756998229.063,latency_s,0.018781
1756998229.071,latency_s,0.020488
1756998229.071,latency_s,0.020360
1756998229.071,latency_s,0.020115
1756998229.075,latency_s,0.023759
1756998229.075,latency_s,0.023236
1756998229.077,latency_s,0.020431
1756998229.077,latency_s,0.020386
1756998229.077,latency_s,0.019083
1756998229.083,latency_s,0.018834
1756998229.087,latency_s,0.136167
1756998229.087,latency_s,0.035935
1756998229.098,latency_s,0.019405
1756998229.104,latency_s,0.019310
1756998229.126,latency_s,0.019088
1756998229.129,latency_s,0.018384
1756998229.137,latency_s,0.019377
1756998229.150,latency_s,0.018690
1756998229.159,latency_s,0.018969
1756998229.163,latency_s,0.020488
1756998229.163,latency_s,0.020596
1756998229.163,latency_s,0.020841
1756998229.163,latency_s,0.020900
1756998229.163,latency_s,0.020422
1756998229.164,latency_s,0.018994
1756998229.171,latency_s,0.020298
1756998229.171,latency_s,0.020390
1756998229.171,latency_s,0.020339
1756998229.178,latency_s,0.026936
1756998229.179,latency_s,0.026855
1756998229.179,latency_s,0.026550
1756998229.179,latency_s,0.021812
1756998229.179,latency_s,0.021684
1756998229.179,latency_s,0.019461
1756998229.183,latency_s,0.018931
1756998229.198,latency_s,0.019092
1756998229.205,latency_s,0.020135
1756998229.226,latency_s,0.018434
1756998229.230,latency_s,0.018396
1756998229.237,latency_s,0.019067
1756998229.251,latency_s,0.019280
1756998229.260,latency_s,0.019145
1756998229.264,latency_s,0.020937
1756998229.264,latency_s,0.020845
1756998229.264,latency_s,0.020879
1756998229.264,latency_s,0.021073
1756998229.264,latency_s,0.020886
1756998229.264,latency_s,0.019371
1756998229.270,latency_s,0.018890
1756998229.271,latency_s,0.019536
1756998229.271,latency_s,0.019094
1756998229.281,latency_s,0.029578
1756998229.281,latency_s,0.028418
1756998229.281,latency_s,0.028958
1756998229.281,latency_s,0.023828
1756998229.281,latency_s,0.023711
1756998229.281,latency_s,0.021894
1756998229.285,latency_s,0.019802
1756998229.299,latency_s,0.018477
1756998229.305,latency_s,0.019343
1756998229.327,latency_s,0.018965
1756998229.336,latency_s,0.023534
1756998229.338,latency_s,0.019283
1756998229.352,latency_s,0.018789
1756998229.360,latency_s,0.018978
1756998229.362,latency_s,0.018626
1756998229.362,latency_s,0.018510
1756998229.362,latency_s,0.018300
1756998229.362,latency_s,0.018591
1756998229.382,latency_s,0.038610
1756998229.382,latency_s,0.036795
1756998229.382,latency_s,0.030903
1756998229.382,latency_s,0.030514
1756998229.382,latency_s,0.030529
1756998229.382,latency_s,0.029822
1756998229.382,latency_s,0.029643
1756998229.382,latency_s,0.029361
1756998229.382,latency_s,0.024366
1756998229.383,latency_s,0.024424
1756998229.383,latency_s,0.022739
1756998229.384,latency_s,0.019351
1756998229.420,latency_s,0.038895
1756998229.420,latency_s,0.033178
1756998229.435,latency_s,0.025556
1756998229.435,latency_s,0.021604
1756998229.439,latency_s,0.019488
1756998229.456,latency_s,0.019967
1756998229.461,latency_s,0.019312
1756998229.464,latency_s,0.020267
1756998229.470,latency_s,0.026451
1756998229.471,latency_s,0.026568
1756998229.471,latency_s,0.025500
1756998229.471,latency_s,0.026386
1756998229.471,latency_s,0.025162
1756998229.471,latency_s,0.019338
1756998229.471,latency_s,0.018945
1756998229.471,latency_s,0.018008
1756998229.480,latency_s,0.027493
1756998229.480,latency_s,0.026689
1756998229.480,latency_s,0.026737
1756998229.480,latency_s,0.022120
1756998229.480,latency_s,0.022159
1756998229.481,latency_s,0.020501
1756998229.485,latency_s,0.019000
1756998229.503,latency_s,0.021198
1756998229.544,latency_s,0.056600
1756998229.544,latency_s,0.034957
1756998229.544,latency_s,0.029590
1756998229.544,latency_s,0.023741
1756998229.554,latency_s,0.018393
1756998229.561,latency_s,0.019008
1756998229.565,latency_s,0.020588
1756998229.570,latency_s,0.024861
1756998229.570,latency_s,0.025168
1756998229.570,latency_s,0.024156
1756998229.570,latency_s,0.024378
1756998229.570,latency_s,0.023672
1756998229.581,latency_s,0.028694
1756998229.581,latency_s,0.029007
1756998229.581,latency_s,0.027879
1756998229.581,latency_s,0.027748
1756998229.581,latency_s,0.026890
1756998229.581,latency_s,0.026917
1756998229.581,latency_s,0.022319
1756998229.581,latency_s,0.022338
1756998229.581,latency_s,0.020045
1756998229.586,latency_s,0.019240
1756998229.601,latency_s,0.019012
1756998229.607,latency_s,0.018968
1756998229.629,latency_s,0.019737
1756998229.633,latency_s,0.018094
1756998229.641,latency_s,0.019533
1756998229.657,latency_s,0.020023
1756998229.662,latency_s,0.018985
1756998229.663,latency_s,0.018305
1756998229.663,latency_s,0.018212
1756998229.673,latency_s,0.027224
1756998229.673,latency_s,0.026718
1756998229.673,latency_s,0.026849
1756998229.673,latency_s,0.026273
1756998229.673,latency_s,0.020629
1756998229.673,latency_s,0.020749
1756998229.680,latency_s,0.026335
1756998229.680,latency_s,0.026608
1756998229.680,latency_s,0.025607
1756998229.680,latency_s,0.025205
1756998229.682,latency_s,0.021782
1756998229.682,latency_s,0.020113
1756998229.685,latency_s,0.025613
1756998229.686,latency_s,0.018967
1756998229.701,latency_s,0.019093
1756998229.709,latency_s,0.020447
1756998229.729,latency_s,0.018949
1756998229.735,latency_s,0.019967
1756998229.741,latency_s,0.019343
1756998229.761,latency_s,0.019239
1756998229.762,latency_s,0.018723
1756998229.765,latency_s,0.019681
1756998229.765,latency_s,0.019732
1756998229.765,latency_s,0.019581
1756998229.775,latency_s,0.028889
1756998229.775,latency_s,0.029091
1756998229.775,latency_s,0.028515
1756998229.775,latency_s,0.022396
1756998229.775,latency_s,0.021794
1756998229.775,latency_s,0.022576
1756998229.775,latency_s,0.022065
1756998229.775,latency_s,0.020584
1756998229.775,latency_s,0.020685
1756998229.781,latency_s,0.020852
1756998229.781,latency_s,0.020840
1756998229.781,latency_s,0.019768
1756998229.786,latency_s,0.018559
1756998229.801,latency_s,0.018742
1756998229.807,latency_s,0.018214
1756998229.829,latency_s,0.018394
1756998229.836,latency_s,0.020387
1756998229.842,latency_s,0.018576
1756998229.862,latency_s,0.019067
1756998229.862,latency_s,0.018117
1756998229.866,latency_s,0.020334
1756998229.866,latency_s,0.019822
1756998229.867,latency_s,0.020732
1756998229.877,latency_s,0.030094
1756998229.877,latency_s,0.030231
1756998229.877,latency_s,0.029739
1756998229.877,latency_s,0.022208
1756998229.877,latency_s,0.022445
1756998229.877,latency_s,0.022123
1756998229.877,latency_s,0.022515
1756998229.877,latency_s,0.021397
1756998229.877,latency_s,0.020980
1756998229.882,latency_s,0.020306
1756998229.882,latency_s,0.019582
1756998229.882,latency_s,0.020476
1756998229.886,latency_s,0.018572
1756998229.901,latency_s,0.018631
1756998229.908,latency_s,0.018749
1756998229.930,latency_s,0.018565
1756998229.935,latency_s,0.018367
1756998229.963,latency_s,0.019935
1756998229.963,latency_s,0.019094
1756998229.966,latency_s,0.020241
1756998229.967,latency_s,0.020277
1756998229.967,latency_s,0.019955
1756998229.979,latency_s,0.031826
1756998229.979,latency_s,0.031384
1756998229.979,latency_s,0.031950
1756998229.979,latency_s,0.024119
1756998229.979,latency_s,0.023737
1756998229.979,latency_s,0.023966
1756998229.979,latency_s,0.023666
1756998229.979,latency_s,0.023167
1756998229.979,latency_s,0.022470
1756998229.982,latency_s,0.020167
1756998229.982,latency_s,0.020190
1756998229.983,latency_s,0.020416
1756998229.987,latency_s,0.018906
1756998230.001,latency_s,0.018801
1756998230.009,latency_s,0.018617
1756998230.031,latency_s,0.019039
1756998230.037,latency_s,0.019480
1756998230.063,latency_s,0.138592
1756998230.063,latency_s,0.038001
1756998230.063,latency_s,0.018734
1756998230.066,latency_s,0.021652
1756998230.068,latency_s,0.020645
1756998230.078,latency_s,0.030201
1756998230.078,latency_s,0.030886
1756998230.078,latency_s,0.030859
1756998230.078,latency_s,0.030504
1756998230.078,latency_s,0.030872
1756998230.078,latency_s,0.022706
1756998230.078,latency_s,0.022661
1756998230.078,latency_s,0.022800
1756998230.078,latency_s,0.022281
1756998230.078,latency_s,0.021029
1756998230.078,latency_s,0.022153
1756998230.084,latency_s,0.021002
1756998230.084,latency_s,0.021118
1756998230.084,latency_s,0.021435
1756998230.087,latency_s,0.018254
1756998230.102,latency_s,0.018475
1756998230.109,latency_s,0.018511
1756998230.133,latency_s,0.018685
1756998230.137,latency_s,0.018441
1756998230.146,latency_s,0.020515
1756998230.164,latency_s,0.018996
1756998230.164,latency_s,0.018973
1756998230.168,latency_s,0.020581
1756998230.168,latency_s,0.020219
1756998230.168,latency_s,0.020293
1756998230.168,latency_s,0.020186
1756998230.168,latency_s,0.020310
1756998230.168,latency_s,0.020432
1756998230.176,latency_s,0.020034
1756998230.179,latency_s,0.022773
1756998230.179,latency_s,0.022661
1756998230.179,latency_s,0.022432
1756998230.179,latency_s,0.022371
1756998230.179,latency_s,0.021569
1756998230.183,latency_s,0.018981
1756998230.184,latency_s,0.019508
1756998230.184,latency_s,0.020733
1756998230.189,latency_s,0.019316
1756998230.203,latency_s,0.019348
1756998230.211,latency_s,0.020524
1756998230.235,latency_s,0.019874
1756998230.238,latency_s,0.018188
1756998230.247,latency_s,0.019929
1756998230.265,latency_s,0.020000
1756998230.265,latency_s,0.019488
1756998230.268,latency_s,0.019639
1756998230.268,latency_s,0.019549
1756998230.268,latency_s,0.019328
1756998230.268,latency_s,0.019763
1756998230.268,latency_s,0.019412
1756998230.268,latency_s,0.019169
1756998230.280,latency_s,0.024004
1756998230.280,latency_s,0.023418
1756998230.280,latency_s,0.023546
1756998230.280,latency_s,0.023597
1756998230.280,latency_s,0.022625
1756998230.280,latency_s,0.023542
1756998230.284,latency_s,0.020361
1756998230.285,latency_s,0.020598
1756998230.285,latency_s,0.020321
1756998230.290,latency_s,0.019543
1756998230.304,latency_s,0.019612
1756998230.310,latency_s,0.018464
1756998230.337,latency_s,0.019783
1756998230.341,latency_s,0.018550
1756998230.348,latency_s,0.019253
1756998230.364,latency_s,0.018835
1756998230.364,latency_s,0.018392
1756998230.370,latency_s,0.021811
1756998230.370,latency_s,0.021491
1756998230.370,latency_s,0.021695
1756998230.370,latency_s,0.021652
1756998230.370,latency_s,0.021397
1756998230.371,latency_s,0.021447
1756998230.380,latency_s,0.022301
1756998230.380,latency_s,0.022414
1756998230.380,latency_s,0.022376
1756998230.380,latency_s,0.022266
1756998230.380,latency_s,0.022113
1756998230.380,latency_s,0.021714
1756998230.386,latency_s,0.021549
1756998230.386,latency_s,0.020843
1756998230.386,latency_s,0.021297
1756998230.389,latency_s,0.018407
1756998230.404,latency_s,0.019104
1756998230.410,latency_s,0.018624
1756998230.437,latency_s,0.018313
1756998230.443,latency_s,0.019022
1756998230.449,latency_s,0.018943
1756998230.466,latency_s,0.019929
1756998230.466,latency_s,0.018993
1756998230.470,latency_s,0.021237
1756998230.470,latency_s,0.020952
1756998230.470,latency_s,0.021096
1756998230.470,latency_s,0.021043
1756998230.470,latency_s,0.020199
1756998230.471,latency_s,0.021228
1756998230.478,latency_s,0.020021
1756998230.478,latency_s,0.020147
1756998230.480,latency_s,0.021977
1756998230.480,latency_s,0.021687
1756998230.480,latency_s,0.021773
1756998230.480,latency_s,0.020752
1756998230.486,latency_s,0.021522
1756998230.486,latency_s,0.020941
1756998230.486,latency_s,0.020538
1756998230.490,latency_s,0.018225
1756998230.504,latency_s,0.018742
1756998230.511,latency_s,0.018582
1756998230.539,latency_s,0.020046
1756998230.543,latency_s,0.019099
1756998230.550,latency_s,0.019368
1756998230.566,latency_s,0.019447
1756998230.584,latency_s,0.034461
1756998230.584,latency_s,0.034313
1756998230.586,latency_s,0.035657
1756998230.586,latency_s,0.035259
1756998230.586,latency_s,0.035939
1756998230.586,latency_s,0.035224
1756998230.586,latency_s,0.035717
1756998230.586,latency_s,0.027140
1756998230.586,latency_s,0.026166
1756998230.586,latency_s,0.025888
1756998230.586,latency_s,0.025680
1756998230.586,latency_s,0.026168
1756998230.586,latency_s,0.025661
1756998230.586,latency_s,0.021480
1756998230.586,latency_s,0.020351
1756998230.586,latency_s,0.019716
1756998230.591,latency_s,0.018867
1756998230.605,latency_s,0.019449
1756998230.611,latency_s,0.018588
1756998230.638,latency_s,0.018690
1756998230.645,latency_s,0.018586
1756998230.650,latency_s,0.018012
1756998230.666,latency_s,0.019312
1756998230.668,latency_s,0.018100
1756998230.670,latency_s,0.019617
1756998230.670,latency_s,0.019501
1756998230.670,latency_s,0.019441
1756998230.671,latency_s,0.019912
1756998230.671,latency_s,0.019663
1756998230.681,latency_s,0.030213
1756998230.681,latency_s,0.021951
1756998230.681,latency_s,0.019592
1756998230.681,latency_s,0.019653
1756998230.681,latency_s,0.019638
1756998230.681,latency_s,0.019948
1756998230.687,latency_s,0.025068
1756998230.687,latency_s,0.021770
1756998230.687,latency_s,0.020211
1756998230.688,latency_s,0.020208
1756998230.694,latency_s,0.020186
1756998230.705,latency_s,0.018914
1756998230.713,latency_s,0.019352
1756998230.740,latency_s,0.019583
1756998230.746,latency_s,0.019604
1756998230.752,latency_s,0.019074
1756998230.766,latency_s,0.019290
1756998230.768,latency_s,0.018681
1756998230.769,latency_s,0.018533
1756998230.770,latency_s,0.018937
1756998230.774,latency_s,0.022111
1756998230.774,latency_s,0.022569
1756998230.774,latency_s,0.022491
1756998230.774,latency_s,0.022169
1756998230.781,latency_s,0.021764
1756998230.782,latency_s,0.019726
1756998230.782,latency_s,0.019810
1756998230.786,latency_s,0.022791
1756998230.786,latency_s,0.022706
1756998230.786,latency_s,0.023425
1756998230.786,latency_s,0.020810
1756998230.786,latency_s,0.019279
1756998230.789,latency_s,0.021098
1756998230.793,latency_s,0.019276
1756998230.807,latency_s,0.020328
1756998230.814,latency_s,0.019424
1756998230.840,latency_s,0.019341
1756998230.845,latency_s,0.018395
1756998230.855,latency_s,0.019418
1756998230.866,latency_s,0.018965
1756998230.869,latency_s,0.018742
1756998230.870,latency_s,0.018533
1756998230.871,latency_s,0.018535
1756998230.873,latency_s,0.020653
1756998230.873,latency_s,0.020405
1756998230.873,latency_s,0.020648
1756998230.873,latency_s,0.020895
1756998230.882,latency_s,0.022147
1756998230.883,latency_s,0.020248
1756998230.883,latency_s,0.019862
1756998230.883,latency_s,0.020346
1756998230.883,latency_s,0.019617
1756998230.887,latency_s,0.023251
1756998230.887,latency_s,0.021692
1756998230.887,latency_s,0.020007
1756998230.890,latency_s,0.021806
1756998230.894,latency_s,0.018982
1756998230.906,latency_s,0.019190
1756998230.914,latency_s,0.019074
1756998230.940,latency_s,0.018839
1756998230.946,latency_s,0.018671
1756998230.955,latency_s,0.018721
1756998230.967,latency_s,0.019428
1756998230.968,latency_s,0.018101
1756998230.972,latency_s,0.019417
1756998230.972,latency_s,0.019516
1756998230.973,latency_s,0.019934
1756998230.973,latency_s,0.019882
1756998230.973,latency_s,0.019841
1756998230.973,latency_s,0.020097
1756998230.979,latency_s,0.018668
1756998230.984,latency_s,0.021122
1756998230.984,latency_s,0.020929
1756998230.984,latency_s,0.020469
1756998230.984,latency_s,0.020888
1756998230.984,latency_s,0.021252
1756998230.984,latency_s,0.018317
1756998230.989,latency_s,0.020559
1756998230.989,latency_s,0.020058
1756998230.994,latency_s,0.018806
1756998231.006,latency_s,0.018531
1756998231.015,latency_s,0.018877
1756998231.042,latency_s,0.020026
1756998231.047,latency_s,0.018771
1756998231.058,latency_s,0.021013
1756998231.067,latency_s,0.019148
1756998231.069,latency_s,0.018444
1756998231.075,latency_s,0.021797
1756998231.075,latency_s,0.021878
1756998231.075,latency_s,0.021324
1756998231.075,latency_s,0.021261
1756998231.075,latency_s,0.021640
1756998231.075,latency_s,0.021535
1756998231.079,latency_s,0.018208
1756998231.085,latency_s,0.020600
1756998231.085,latency_s,0.020413
1756998231.085,latency_s,0.020419
1756998231.085,latency_s,0.019604
1756998231.085,latency_s,0.019776
1756998231.085,latency_s,0.018612
1756998231.089,latency_s,0.020057
1756998231.089,latency_s,0.020662
1756998231.095,latency_s,0.019823
1756998231.107,latency_s,0.018581
1756998231.115,latency_s,0.018719
1756998231.142,latency_s,0.019410
1756998231.148,latency_s,0.018084
1756998231.157,latency_s,0.018818
1756998231.167,latency_s,0.018907
1756998231.170,latency_s,0.019899
1756998231.174,latency_s,0.019232
1756998231.174,latency_s,0.018973
1756998231.174,latency_s,0.018980
1756998231.174,latency_s,0.018995
1756998231.174,latency_s,0.019274
1756998231.174,latency_s,0.019196
1756998231.180,latency_s,0.018051
1756998231.185,latency_s,0.018892
1756998231.185,latency_s,0.018901
1756998231.185,latency_s,0.018891
1756998231.185,latency_s,0.018751
1756998231.185,latency_s,0.017942
1756998231.187,latency_s,0.019406
1756998231.189,latency_s,0.020015
1756998231.189,latency_s,0.018856
1756998231.194,latency_s,0.018064
1756998231.207,latency_s,0.018798
1756998231.215,latency_s,0.018253
1756998231.242,latency_s,0.019196
1756998231.250,latency_s,0.018973
1756998231.258,latency_s,0.019090
1756998231.268,latency_s,0.019314
1756998231.269,latency_s,0.018766
1756998231.275,latency_s,0.019758
1756998231.275,latency_s,0.019741
1756998231.275,latency_s,0.019269
1756998231.275,latency_s,0.019259
1756998231.275,latency_s,0.019422
1756998231.275,latency_s,0.019349
1756998231.280,latency_s,0.018231
1756998231.285,latency_s,0.019345
1756998231.285,latency_s,0.018834
1756998231.285,latency_s,0.018580
1756998231.285,latency_s,0.018910
1756998231.286,latency_s,0.018527
1756998231.291,latency_s,0.023139
1756998231.292,latency_s,0.022198
1756998231.292,latency_s,0.021381
1756998231.296,latency_s,0.019143
1756998231.308,latency_s,0.019462
1756998231.316,latency_s,0.018587
1756998231.342,latency_s,0.019368
1756998231.349,latency_s,0.017924
1756998231.359,latency_s,0.019830
1756998231.370,latency_s,0.018724
1756998231.379,latency_s,0.022054
1756998231.379,latency_s,0.022463
1756998231.379,latency_s,0.022533
1756998231.379,latency_s,0.022280
1756998231.379,latency_s,0.022211
1756998231.380,latency_s,0.022419
1756998231.381,latency_s,0.018517
1756998231.385,latency_s,0.018861
1756998231.387,latency_s,0.019899
1756998231.387,latency_s,0.019835
1756998231.387,latency_s,0.019484
1756998231.392,latency_s,0.024721
1756998231.392,latency_s,0.023329
1756998231.392,latency_s,0.022361
1756998231.392,latency_s,0.021981
1756998231.397,latency_s,0.019018
1756998231.409,latency_s,0.019348
1756998231.417,latency_s,0.018961
1756998231.444,latency_s,0.019713
1756998231.452,latency_s,0.018774
1756998231.458,latency_s,0.018649
1756998231.471,latency_s,0.019082
1756998231.478,latency_s,0.020700
1756998231.479,latency_s,0.020686
1756998231.479,latency_s,0.019973
1756998231.479,latency_s,0.020075
1756998231.479,latency_s,0.020207
1756998231.479,latency_s,0.020399
1756998231.482,latency_s,0.018532
1756998231.485,latency_s,0.019271
1756998231.487,latency_s,0.137343
1756998231.487,latency_s,0.018995
1756998231.487,latency_s,0.018531
1756998231.487,latency_s,0.019152
1756998231.495,latency_s,0.027206
1756998231.495,latency_s,0.044792
1756998231.495,latency_s,0.025486
1756998231.495,latency_s,0.024138
1756998231.495,latency_s,0.024013
1756998231.498,latency_s,0.019492
1756998231.512,latency_s,0.020952
1756998231.517,latency_s,0.018814
1756998231.543,latency_s,0.019072
1756998231.554,latency_s,0.019445
1756998231.559,latency_s,0.019254
1756998231.569,latency_s,0.019003
1756998231.571,latency_s,0.018638
1756998231.579,latency_s,0.020192
1756998231.579,latency_s,0.020462
1756998231.579,latency_s,0.020027
1756998231.579,latency_s,0.020164
1756998231.580,latency_s,0.020337
1756998231.583,latency_s,0.018281
1756998231.585,latency_s,0.018481
1756998231.586,latency_s,0.018424
1756998231.586,latency_s,0.018765
1756998231.586,latency_s,0.018228
1756998231.587,latency_s,0.017936
1756998231.589,latency_s,0.019371
1756998231.590,latency_s,0.018723
1756998231.592,latency_s,0.020723
1756998231.599,latency_s,0.019375
1756998231.610,latency_s,0.018874
1756998231.619,latency_s,0.020481
1756998231.645,latency_s,0.018908
1756998231.654,latency_s,0.018445
1756998231.659,latency_s,0.018976
1756998231.669,latency_s,0.018738
1756998231.671,latency_s,0.018311
1756998231.679,latency_s,0.019727
1756998231.679,latency_s,0.019686
1756998231.679,latency_s,0.019309
1756998231.679,latency_s,0.019420
1756998231.679,latency_s,0.019599
1756998231.683,latency_s,0.018140
1756998231.686,latency_s,0.018310
1756998231.686,latency_s,0.018003
1756998231.687,latency_s,0.018682
1756998231.687,latency_s,0.018426
1756998231.688,latency_s,0.018257
1756998231.688,latency_s,0.018006
1756998231.694,latency_s,0.022530
1756998231.694,latency_s,0.022579
1756998231.699,latency_s,0.019286
1756998231.702,latency_s,0.143164
1756998231.703,latency_s,0.042986
1756998231.711,latency_s,0.018426
1756998231.718,latency_s,0.018642
1756998231.746,latency_s,0.019435
1756998231.755,latency_s,0.018574
1756998231.760,latency_s,0.018910
1756998231.771,latency_s,0.019243
1756998231.771,latency_s,0.018410
1756998231.781,latency_s,0.021341
1756998231.781,latency_s,0.020099
1756998231.781,latency_s,0.020221
1756998231.781,latency_s,0.020405
1756998231.781,latency_s,0.020319
1756998231.781,latency_s,0.020615
1756998231.784,latency_s,0.018052
1756998231.787,latency_s,0.019355
1756998231.787,latency_s,0.018316
1756998231.787,latency_s,0.018372
1756998231.787,latency_s,0.018284
1756998231.788,latency_s,0.017741
1756998231.788,latency_s,0.017803
1756998231.791,latency_s,0.018556
1756998231.796,latency_s,0.023741
1756998231.799,latency_s,0.018586
1756998231.812,latency_s,0.019138
1756998231.820,latency_s,0.018988
1756998231.846,latency_s,0.018843
1756998231.856,latency_s,0.019112
1756998231.861,latency_s,0.019709
1756998231.871,latency_s,0.018856
1756998231.872,latency_s,0.019112
1756998231.880,latency_s,0.020485
1756998231.881,latency_s,0.018629
1756998231.881,latency_s,0.018620
1756998231.881,latency_s,0.018766
1756998231.881,latency_s,0.018671
1756998231.881,latency_s,0.018841
1756998231.884,latency_s,0.017904
1756998231.888,latency_s,0.019945
1756998231.888,latency_s,0.018713
1756998231.888,latency_s,0.018729
1756998231.888,latency_s,0.018492
1756998231.888,latency_s,0.017982
1756998231.889,latency_s,0.018391
1756998231.897,latency_s,0.024373
1756998231.897,latency_s,0.024295
1756998231.899,latency_s,0.018538
1756998231.911,latency_s,0.018398
1756998231.922,latency_s,0.020253
1756998231.947,latency_s,0.019180
1756998231.956,latency_s,0.018312
1756998231.961,latency_s,0.019231
1756998231.972,latency_s,0.018684
1756998231.974,latency_s,0.019581
1756998231.980,latency_s,0.018652
1756998231.983,latency_s,0.020118
1756998231.983,latency_s,0.020292
1756998231.983,latency_s,0.020348
1756998231.983,latency_s,0.020285
1756998231.983,latency_s,0.019693
1756998231.990,latency_s,0.020027
1756998231.990,latency_s,0.019705
1756998231.990,latency_s,0.021422
1756998231.990,latency_s,0.019860
1756998231.990,latency_s,0.021501
1756998231.990,latency_s,0.021080
1756998231.991,latency_s,0.020060
1756998231.992,latency_s,0.018980
1756998231.997,latency_s,0.023529
1756998232.001,latency_s,0.019422
1756998232.014,latency_s,0.019442
1756998232.021,latency_s,0.018800
1756998232.049,latency_s,0.019042
1756998232.062,latency_s,0.021647
1756998232.063,latency_s,0.021092
1756998232.073,latency_s,0.019721
1756998232.074,latency_s,0.019294
1756998232.081,latency_s,0.018747
1756998232.082,latency_s,0.018814
1756998232.082,latency_s,0.018933
1756998232.082,latency_s,0.019036
1756998232.084,latency_s,0.021321
1756998232.085,latency_s,0.020588
1756998232.089,latency_s,0.019595
1756998232.089,latency_s,0.019887
1756998232.089,latency_s,0.019578
1756998232.089,latency_s,0.019183
1756998232.090,latency_s,0.018080
1756998232.090,latency_s,0.018003
1756998232.090,latency_s,0.018321
1756998232.092,latency_s,0.017958
1756998232.098,latency_s,0.023885
1756998232.102,latency_s,0.019602
1756998232.113,latency_s,0.018617
1756998232.124,latency_s,0.021717
1756998232.150,latency_s,0.019394
1756998232.162,latency_s,0.020055
1756998232.162,latency_s,0.019240
1756998232.175,latency_s,0.019274
1756998232.175,latency_s,0.019370
1756998232.182,latency_s,0.019327
1756998232.182,latency_s,0.018615
1756998232.182,latency_s,0.018486
1756998232.182,latency_s,0.018450
1756998232.182,latency_s,0.018467
1756998232.184,latency_s,0.019691
1756998232.189,latency_s,0.019126
1756998232.189,latency_s,0.019524
1756998232.189,latency_s,0.017833
1756998232.191,latency_s,0.019257
1756998232.191,latency_s,0.018756
1756998232.191,latency_s,0.018772
1756998232.191,latency_s,0.019126
1756998232.193,latency_s,0.017832
1756998232.193,latency_s,0.017934
1756998232.202,latency_s,0.018944
1756998232.216,latency_s,0.020062
1756998232.221,latency_s,0.018060
1756998232.276,latency_s,0.044674
1756998232.276,latency_s,0.033571
1756998232.276,latency_s,0.033355
1756998232.276,latency_s,0.020429
1756998232.276,latency_s,0.020240
1756998232.289,latency_s,0.024994
1756998232.289,latency_s,0.025367
1756998232.289,latency_s,0.024838
1756998232.289,latency_s,0.025349
1756998232.289,latency_s,0.025154
1756998232.289,latency_s,0.025193
1756998232.290,latency_s,0.019182
1756998232.290,latency_s,0.019033
1756998232.292,latency_s,0.019990
1756998232.292,latency_s,0.019665
1756998232.293,latency_s,0.019608
1756998232.293,latency_s,0.019850
1756998232.293,latency_s,0.020162
1756998232.294,latency_s,0.018278
1756998232.294,latency_s,0.018334
1756998232.303,latency_s,0.018995
1756998232.315,latency_s,0.019039
1756998232.322,latency_s,0.018570
1756998232.351,latency_s,0.019631
1756998232.361,latency_s,0.018493
1756998232.362,latency_s,0.018581
1756998232.376,latency_s,0.019414
1756998232.376,latency_s,0.019438
1756998232.387,latency_s,0.022144
1756998232.387,latency_s,0.021849
1756998232.387,latency_s,0.022001
1756998232.387,latency_s,0.022154
1756998232.387,latency_s,0.021827
1756998232.387,latency_s,0.021950
1756998232.392,latency_s,0.020367
1756998232.393,latency_s,0.020643
1756998232.393,latency_s,0.019619
1756998232.393,latency_s,0.019846
1756998232.403,latency_s,0.029596
1756998232.403,latency_s,0.029049
1756998232.403,latency_s,0.028802
1756998232.403,latency_s,0.026722
1756998232.403,latency_s,0.026761
1756998232.404,latency_s,0.020011
1756998232.416,latency_s,0.018970
1756998232.424,latency_s,0.019844
1756998232.451,latency_s,0.018916
1756998232.462,latency_s,0.018705
1756998232.462,latency_s,0.019351
1756998232.477,latency_s,0.020463
1756998232.477,latency_s,0.020306
1756998232.485,latency_s,0.019893
1756998232.485,latency_s,0.019944
1756998232.485,latency_s,0.019634
1756998232.485,latency_s,0.019706
1756998232.485,latency_s,0.019184
1756998232.485,latency_s,0.019240
1756998232.492,latency_s,0.020232
1756998232.493,latency_s,0.019875
1756998232.493,latency_s,0.018462
1756998232.493,latency_s,0.017947
1756998232.493,latency_s,0.018042
1756998232.500,latency_s,0.025395
1756998232.501,latency_s,0.027269
1756998232.501,latency_s,0.024729
1756998232.502,latency_s,0.025158
1756998232.505,latency_s,0.019422
1756998232.516,latency_s,0.018438
1756998232.522,latency_s,0.018159
1756998232.552,latency_s,0.019373
1756998232.564,latency_s,0.020659
1756998232.565,latency_s,0.020658
1756998232.576,latency_s,0.019134
1756998232.578,latency_s,0.018352
1756998232.586,latency_s,0.019223
1756998232.586,latency_s,0.019355
1756998232.586,latency_s,0.019216
1756998232.586,latency_s,0.019147
1756998232.586,latency_s,0.019433
1756998232.586,latency_s,0.019269
1756998232.593,latency_s,0.020175
1756998232.593,latency_s,0.020309
1756998232.595,latency_s,0.020312
1756998232.595,latency_s,0.020100
1756998232.595,latency_s,0.020444
1756998232.595,latency_s,0.019812
1756998232.595,latency_s,0.019956
1756998232.595,latency_s,0.018395
1756998232.602,latency_s,0.024685
1756998232.605,latency_s,0.018960
1756998232.617,latency_s,0.018944
1756998232.623,latency_s,0.018694
1756998232.652,latency_s,0.018652
1756998232.664,latency_s,0.020030
1756998232.665,latency_s,0.020043
1756998232.678,latency_s,0.020075
1756998232.679,latency_s,0.019037
1756998232.689,latency_s,0.022392
1756998232.689,latency_s,0.022449
1756998232.690,latency_s,0.021730
1756998232.690,latency_s,0.022402
1756998232.690,latency_s,0.022671
1756998232.690,latency_s,0.022159
1756998232.693,latency_s,0.019302
1756998232.693,latency_s,0.018732
1756998232.694,latency_s,0.018468
1756998232.694,latency_s,0.018694
1756998232.694,latency_s,0.018627
1756998232.720,latency_s,0.044256
1756998232.720,latency_s,0.044271
1756998232.720,latency_s,0.042561
1756998232.720,latency_s,0.042605
1756998232.720,latency_s,0.033145
1756998232.720,latency_s,0.021982
1756998232.724,latency_s,0.018542
1756998232.753,latency_s,0.018817
1756998232.765,latency_s,0.019665
1756998232.765,latency_s,0.020132
1756998232.777,latency_s,0.019237
1756998232.779,latency_s,0.018424
1756998232.789,latency_s,0.021188
1756998232.789,latency_s,0.021169
1756998232.789,latency_s,0.021381
1756998232.789,latency_s,0.021379
1756998232.789,latency_s,0.021104
1756998232.790,latency_s,0.020453
1756998232.794,latency_s,0.019869
1756998232.794,latency_s,0.018998
1756998232.795,latency_s,0.019102
1756998232.805,latency_s,0.028725
1756998232.805,latency_s,0.029406
1756998232.805,latency_s,0.028978
1756998232.805,latency_s,0.028859
1756998232.805,latency_s,0.027270
1756998232.806,latency_s,0.027729
1756998232.808,latency_s,0.020885
1756998232.818,latency_s,0.020021
1756998232.825,latency_s,0.019408
1756998232.855,latency_s,0.019957
1756998232.865,latency_s,0.019349
1756998232.865,latency_s,0.018808
1756998232.880,latency_s,0.020969
1756998232.880,latency_s,0.019041
1756998232.890,latency_s,0.022064
1756998232.890,latency_s,0.022149
1756998232.890,latency_s,0.021849
1756998232.890,latency_s,0.021574
1756998232.890,latency_s,0.022053
1756998232.890,latency_s,0.020878
1756998232.892,latency_s,0.018080
1756998232.894,latency_s,0.018813
1756998232.894,latency_s,0.017820
1756998232.906,latency_s,0.028817
1756998232.906,latency_s,0.029038
1756998232.906,latency_s,0.028903
1756998232.906,latency_s,0.028724
1756998232.906,latency_s,0.027531
1756998232.906,latency_s,0.027540
1756998232.906,latency_s,0.018417
1756998232.926,latency_s,0.020134
1756998232.955,latency_s,0.019141
1756998232.964,latency_s,0.018356
1756998232.967,latency_s,0.019732
1756998232.978,latency_s,0.018662
1756998232.980,latency_s,0.018335
1756998232.990,latency_s,0.021585
1756998232.990,latency_s,0.021590
1756998232.990,latency_s,0.021577
1756998232.990,latency_s,0.021736
1756998232.990,latency_s,0.019836
1756998232.990,latency_s,0.019748
1756998232.993,latency_s,0.018357
1756998232.994,latency_s,0.018046
1756998232.996,latency_s,0.019038
1756998233.005,latency_s,0.028171
1756998233.005,latency_s,0.028165
1756998233.005,latency_s,0.028401
1756998233.006,latency_s,0.028216
1756998233.006,latency_s,0.026913
1756998233.006,latency_s,0.026966
1756998233.006,latency_s,0.018204
1756998233.026,latency_s,0.019097
1756998233.040,latency_s,0.141432
1756998233.041,latency_s,0.040946
1756998233.056,latency_s,0.019922
1756998233.065,latency_s,0.018474
1756998233.066,latency_s,0.018058
1756998233.079,latency_s,0.019253
1756998233.081,latency_s,0.019200
1756998233.089,latency_s,0.019401
1756998233.089,latency_s,0.018998
1756998233.089,latency_s,0.018620
1756998233.089,latency_s,0.018094
1756998233.089,latency_s,0.018888
1756998233.089,latency_s,0.017952
1756998233.095,latency_s,0.019567
1756998233.095,latency_s,0.018978
1756998233.119,latency_s,0.041194
1756998233.119,latency_s,0.041344
1756998233.119,latency_s,0.041499
1756998233.119,latency_s,0.041381
1756998233.119,latency_s,0.041553
1756998233.119,latency_s,0.039690
1756998233.119,latency_s,0.039723
1756998233.119,latency_s,0.031239
1756998233.121,latency_s,0.020733
1756998233.133,latency_s,0.025481
1756998233.155,latency_s,0.018503
1756998233.165,latency_s,0.018622
1756998233.168,latency_s,0.018738
1756998233.179,latency_s,0.018507
1756998233.180,latency_s,0.018371
1756998233.189,latency_s,0.018915
1756998233.192,latency_s,0.019600
1756998233.192,latency_s,0.019838
1756998233.192,latency_s,0.019878
1756998233.192,latency_s,0.019834
1756998233.194,latency_s,0.021729
1756998233.206,latency_s,0.029962
1756998233.206,latency_s,0.028701
1756998233.206,latency_s,0.028058
1756998233.206,latency_s,0.027193
1756998233.206,latency_s,0.027139
1756998233.206,latency_s,0.027161
1756998233.206,latency_s,0.027210
1756998233.206,latency_s,0.025763
1756998233.206,latency_s,0.025779
1756998233.208,latency_s,0.018921
1756998233.221,latency_s,0.018825
1756998233.227,latency_s,0.018794
1756998233.256,latency_s,0.019372
1756998233.267,latency_s,0.019871
1756998233.269,latency_s,0.019524
1756998233.279,latency_s,0.018292
1756998233.282,latency_s,0.018705
1756998233.289,latency_s,0.018677
1756998233.294,latency_s,0.020216
1756998233.294,latency_s,0.020237
1756998233.294,latency_s,0.020195
1756998233.294,latency_s,0.020275
1756998233.294,latency_s,0.019379
1756998233.296,latency_s,0.019272
1756998233.306,latency_s,0.028126
1756998233.306,latency_s,0.027064
1756998233.306,latency_s,0.026123
1756998233.306,latency_s,0.026282
1756998233.306,latency_s,0.026528
1756998233.306,latency_s,0.026581
1756998233.306,latency_s,0.025467
1756998233.306,latency_s,0.025367
1756998233.309,latency_s,0.019552
1756998233.324,latency_s,0.019210
1756998233.327,latency_s,0.018459
1756998233.357,latency_s,0.019626
1756998233.367,latency_s,0.018901
1756998233.373,latency_s,0.021490
1756998233.380,latency_s,0.018532
1756998233.381,latency_s,0.018076
1756998233.392,latency_s,0.021148
1756998233.396,latency_s,0.021017
1756998233.396,latency_s,0.021197
1756998233.396,latency_s,0.021243
1756998233.396,latency_s,0.020654
1756998233.396,latency_s,0.021202
1756998233.396,latency_s,0.018968
1756998233.397,latency_s,0.019072
1756998233.407,latency_s,0.027665
1756998233.407,latency_s,0.026698
1756998233.407,latency_s,0.026777
1756998233.407,latency_s,0.026919
1756998233.407,latency_s,0.026752
1756998233.407,latency_s,0.026088
1756998233.407,latency_s,0.026104
1756998233.412,latency_s,0.022263
1756998233.426,latency_s,0.020064
1756998233.427,latency_s,0.018486
1756998233.457,latency_s,0.018959
1756998233.467,latency_s,0.018805
1756998233.470,latency_s,0.018631
1756998233.481,latency_s,0.019146
1756998233.482,latency_s,0.018567
1756998233.490,latency_s,0.018545
1756998233.498,latency_s,0.022458
1756998233.498,latency_s,0.022428
1756998233.498,latency_s,0.022603
1756998233.498,latency_s,0.022580
1756998233.498,latency_s,0.022676
1756998233.498,latency_s,0.021238
1756998233.499,latency_s,0.020059
1756998233.505,latency_s,0.025354
1756998233.505,latency_s,0.024375
1756998233.505,latency_s,0.024346
1756998233.505,latency_s,0.024426
1756998233.505,latency_s,0.023995
1756998233.505,latency_s,0.023932
1756998233.505,latency_s,0.024131
1756998233.512,latency_s,0.020787
1756998233.525,latency_s,0.019010
1756998233.529,latency_s,0.019819
1756998233.557,latency_s,0.018690
1756998233.568,latency_s,0.018293
1756998233.572,latency_s,0.019885
1756998233.581,latency_s,0.018476
1756998233.582,latency_s,0.017966
1756998233.590,latency_s,0.018382
1756998233.596,latency_s,0.020554
1756998233.596,latency_s,0.020312
1756998233.597,latency_s,0.020452
1756998233.597,latency_s,0.020440
1756998233.597,latency_s,0.019295
1756998233.597,latency_s,0.020402
1756998233.599,latency_s,0.020008
1756998233.605,latency_s,0.024726
1756998233.605,latency_s,0.023944
1756998233.605,latency_s,0.022854
1756998233.605,latency_s,0.022894
1756998233.605,latency_s,0.022994
1756998233.605,latency_s,0.022994
1756998233.605,latency_s,0.022962
1756998233.611,latency_s,0.020280
1756998233.626,latency_s,0.019071
1756998233.627,latency_s,0.018282
1756998233.658,latency_s,0.019424
1756998233.669,latency_s,0.019048
1756998233.672,latency_s,0.020095
1756998233.681,latency_s,0.018809
1756998233.684,latency_s,0.018324
1756998233.693,latency_s,0.020657
1756998233.694,latency_s,0.018171
1756998233.695,latency_s,0.018323
1756998233.695,latency_s,0.018714
1756998233.697,latency_s,0.020117
1756998233.697,latency_s,0.019620
1756998233.697,latency_s,0.020591
1756998233.697,latency_s,0.017986
1756998233.700,latency_s,0.019657
1756998233.708,latency_s,0.026532
1756998233.708,latency_s,0.025632
1756998233.708,latency_s,0.025667
1756998233.708,latency_s,0.025632
1756998233.708,latency_s,0.025654
1756998233.708,latency_s,0.023904
1756998233.711,latency_s,0.019649
1756998233.729,latency_s,0.019277
1756998233.729,latency_s,0.019403
1756998233.758,latency_s,0.018470
1756998233.769,latency_s,0.018543
1756998233.772,latency_s,0.018522
1756998233.782,latency_s,0.019095
1756998233.785,latency_s,0.018301
1756998233.792,latency_s,0.019339
1756998233.795,latency_s,0.018337
1756998233.797,latency_s,0.020472
1756998233.797,latency_s,0.020250
1756998233.798,latency_s,0.020410
1756998233.798,latency_s,0.019942
1756998233.798,latency_s,0.020530
1756998233.800,latency_s,0.018565
1756998233.800,latency_s,0.018065
1756998233.800,latency_s,0.018173
1756998233.808,latency_s,0.024750
1756998233.808,latency_s,0.024830
1756998233.808,latency_s,0.024763
1756998233.808,latency_s,0.024763
1756998233.808,latency_s,0.023080
1756998233.811,latency_s,0.019323
1756998233.829,latency_s,0.018734
1756998233.829,latency_s,0.018817
1756998233.858,latency_s,0.018588
1756998233.869,latency_s,0.019219
1756998233.874,latency_s,0.019955
1756998233.882,latency_s,0.018121
1756998233.886,latency_s,0.018964
1756998233.892,latency_s,0.018774
1756998233.897,latency_s,0.020686
1756998233.898,latency_s,0.020227
1756998233.898,latency_s,0.020003
1756998233.898,latency_s,0.019680
1756998233.898,latency_s,0.020063
1756998233.898,latency_s,0.020386
1756998233.902,latency_s,0.020226
1756998233.902,latency_s,0.020179
1756998233.903,latency_s,0.020224
1756998233.907,latency_s,0.023178
1756998233.907,latency_s,0.023126
1756998233.907,latency_s,0.023116
1756998233.907,latency_s,0.022918
1756998233.907,latency_s,0.021164
1756998233.912,latency_s,0.019269
1756998233.930,latency_s,0.019828
1756998233.930,latency_s,0.019937
1756998233.959,latency_s,0.018198
1756998233.969,latency_s,0.018319
1756998233.973,latency_s,0.018420
1756998233.983,latency_s,0.019125
1756998233.987,latency_s,0.018585
1756998233.991,latency_s,0.018054
1756998234.000,latency_s,0.021122
1756998234.000,latency_s,0.021121
1756998234.000,latency_s,0.021263
1756998234.000,latency_s,0.020831
1756998234.000,latency_s,0.020833
1756998234.000,latency_s,0.021007
1756998234.002,latency_s,0.018676
1756998234.002,latency_s,0.018984
1756998234.002,latency_s,0.018973
1756998234.002,latency_s,0.018692
1756998234.007,latency_s,0.022718
1756998234.007,latency_s,0.022641
1756998234.007,latency_s,0.022586
1756998234.007,latency_s,0.021050
1756998234.012,latency_s,0.019435
1756998234.030,latency_s,0.019108
1756998234.030,latency_s,0.018637
1756998234.060,latency_s,0.019075
1756998234.071,latency_s,0.019138
1756998234.075,latency_s,0.019202
1756998234.084,latency_s,0.018904
1756998234.087,latency_s,0.018184
1756998234.094,latency_s,0.019596
1756998234.097,latency_s,0.018142
1756998234.101,latency_s,0.021433
1756998234.101,latency_s,0.020448
1756998234.101,latency_s,0.021332
1756998234.101,latency_s,0.021140
1756998234.101,latency_s,0.020873
1756998234.103,latency_s,0.018788
1756998234.104,latency_s,0.019101
1756998234.105,latency_s,0.020503
1756998234.106,latency_s,0.020628
1756998234.110,latency_s,0.025321
1756998234.110,latency_s,0.025027
1756998234.110,latency_s,0.024057
1756998234.110,latency_s,0.024698
1756998234.112,latency_s,0.018914
1756998234.132,latency_s,0.021017
1756998234.132,latency_s,0.019633
1756998234.160,latency_s,0.018785
1756998234.170,latency_s,0.018141
1756998234.175,latency_s,0.018790
1756998234.184,latency_s,0.019159
1756998234.188,latency_s,0.018912
1756998234.194,latency_s,0.019118
1756998234.198,latency_s,0.018735
1756998234.199,latency_s,0.018692
1756998234.199,latency_s,0.018957
1756998234.199,latency_s,0.018860
1756998234.201,latency_s,0.020159
1756998234.201,latency_s,0.020397
1756998234.205,latency_s,0.019295
1756998234.205,latency_s,0.019156
1756998234.205,latency_s,0.019328
1756998234.205,latency_s,0.019293
1756998234.205,latency_s,0.019068
1756998234.210,latency_s,0.023719
1756998234.210,latency_s,0.023294
1756998234.210,latency_s,0.023066
1756998234.212,latency_s,0.019121
1756998234.230,latency_s,0.018551
1756998234.231,latency_s,0.018230
1756998234.262,latency_s,0.019048
1756998234.271,latency_s,0.018819
1756998234.276,latency_s,0.018414
1756998234.284,latency_s,0.018816
1756998234.289,latency_s,0.018816
1756998234.293,latency_s,0.017710
1756998234.298,latency_s,0.018173
1756998234.298,latency_s,0.018379
1756998234.301,latency_s,0.020944
1756998234.301,latency_s,0.020026
1756998234.301,latency_s,0.019980
1756998234.301,latency_s,0.020939
1756998234.305,latency_s,0.019550
1756998234.305,latency_s,0.019725
1756998234.306,latency_s,0.019168
1756998234.306,latency_s,0.020202
1756998234.306,latency_s,0.019946
1756998234.306,latency_s,0.018881
1756998234.306,latency_s,0.018791
1756998234.309,latency_s,0.021252
1756998234.312,latency_s,0.018818
1756998234.331,latency_s,0.018777
1756998234.332,latency_s,0.018733
1756998234.364,latency_s,0.020281
1756998234.372,latency_s,0.018752
1756998234.379,latency_s,0.019978
1756998234.385,latency_s,0.018934
1756998234.388,latency_s,0.017913
1756998234.396,latency_s,0.020751
1756998234.399,latency_s,0.018866
1756998234.402,latency_s,0.021271
1756998234.402,latency_s,0.021401
1756998234.402,latency_s,0.021330
1756998234.402,latency_s,0.020553
1756998234.402,latency_s,0.020408
1756998234.407,latency_s,0.019711
1756998234.407,latency_s,0.019781
1756998234.407,latency_s,0.019784
1756998234.407,latency_s,0.020287
1756998234.407,latency_s,0.019860
1756998234.407,latency_s,0.020437
1756998234.408,latency_s,0.020715
1756998234.408,latency_s,0.020469
1756998234.413,latency_s,0.018306
1756998234.433,latency_s,0.019528
1756998234.433,latency_s,0.018489
1756998234.464,latency_s,0.019470
1756998234.472,latency_s,0.018627
1756998234.479,latency_s,0.019274
1756998234.485,latency_s,0.018688
1756998234.490,latency_s,0.019082
1756998234.494,latency_s,0.018543
1756998234.500,latency_s,0.018899
1756998234.500,latency_s,0.018485
1756998234.500,latency_s,0.018589
1756998234.501,latency_s,0.019123
1756998234.501,latency_s,0.018406
1756998234.501,latency_s,0.018473
1756998234.509,latency_s,0.021797
1756998234.509,latency_s,0.021569
1756998234.509,latency_s,0.021848
1756998234.509,latency_s,0.021786
1756998234.510,latency_s,0.021701
1756998234.510,latency_s,0.021510
1756998234.510,latency_s,0.021438
1756998234.510,latency_s,0.022157
1756998234.513,latency_s,0.018905
1756998234.532,latency_s,0.019108
1756998234.534,latency_s,0.018811
1756998234.565,latency_s,0.020449
1756998234.572,latency_s,0.018671
1756998234.580,latency_s,0.019139
1756998234.586,latency_s,0.018823
1756998234.590,latency_s,0.018540
1756998234.594,latency_s,0.017946
1756998234.602,latency_s,0.019761
1756998234.602,latency_s,0.019657
1756998234.602,latency_s,0.019337
1756998234.602,latency_s,0.018919
1756998234.602,latency_s,0.018834
1756998234.602,latency_s,0.019981
1756998234.607,latency_s,0.019549
1756998234.607,latency_s,0.019489
1756998234.607,latency_s,0.019631
1756998234.607,latency_s,0.019397
1756998234.608,latency_s,0.018903
1756998234.608,latency_s,0.019538
1756998234.608,latency_s,0.019405
1756998234.617,latency_s,0.027492
1756998234.617,latency_s,0.021742
1756998234.632,latency_s,0.018507
1756998234.634,latency_s,0.018097
1756998234.664,latency_s,0.019134
1756998234.673,latency_s,0.018780
1756998234.681,latency_s,0.018886
1756998234.686,latency_s,0.018309
1756998234.692,latency_s,0.018121
1756998234.695,latency_s,0.018556
1756998234.702,latency_s,0.019755
1756998234.702,latency_s,0.019739
1756998234.703,latency_s,0.019909
1756998234.703,latency_s,0.019523
1756998234.703,latency_s,0.018878
1756998234.703,latency_s,0.017974
1756998234.706,latency_s,0.018537
1756998234.707,latency_s,0.019056
1756998234.707,latency_s,0.019233
1756998234.707,latency_s,0.018940
1756998234.707,latency_s,0.018747
1756998234.707,latency_s,0.018636
1756998234.708,latency_s,0.019610
1756998234.708,latency_s,0.018271
1756998234.715,latency_s,0.019187
1756998234.733,latency_s,0.018977
1756998234.735,latency_s,0.018361
1756998234.766,latency_s,0.019433
1756998234.773,latency_s,0.018458
1756998234.782,latency_s,0.018487
1756998234.787,latency_s,0.018737
1756998234.795,latency_s,0.020575
1756998234.795,latency_s,0.018361
1756998234.803,latency_s,0.019707
1756998234.804,latency_s,0.019731
1756998234.804,latency_s,0.020009
1756998234.804,latency_s,0.019978
1756998234.804,latency_s,0.019602
1756998234.804,latency_s,0.017977
1756998234.811,latency_s,0.021614
1756998234.811,latency_s,0.021830
1756998234.811,latency_s,0.021508
1756998234.811,latency_s,0.021909
1756998234.811,latency_s,0.021933
1756998234.811,latency_s,0.021422
1756998234.811,latency_s,0.021375
1756998234.811,latency_s,0.021316
1756998234.815,latency_s,0.018441
1756998234.836,latency_s,0.020040
1756998234.836,latency_s,0.018651
1756998234.866,latency_s,0.018875
1756998234.875,latency_s,0.019710
1756998234.883,latency_s,0.018528
1756998234.888,latency_s,0.019287
1756998234.894,latency_s,0.018587
1756998234.895,latency_s,0.018612
1756998234.904,latency_s,0.019947
1756998234.904,latency_s,0.020126
1756998234.904,latency_s,0.019918
1756998234.904,latency_s,0.019692
1756998234.904,latency_s,0.020209
1756998234.907,latency_s,0.020541
1756998234.909,latency_s,0.019296
1756998234.909,latency_s,0.019336
1756998234.909,latency_s,0.019422
1756998234.909,latency_s,0.019128
1756998234.909,latency_s,0.019376
1756998234.909,latency_s,0.018736
1756998234.909,latency_s,0.018838
1756998234.910,latency_s,0.019558
1756998234.920,latency_s,0.023305
1756998234.937,latency_s,0.020824
1756998234.937,latency_s,0.019450
1756998234.966,latency_s,0.018987
1756998234.975,latency_s,0.018918
1756998234.984,latency_s,0.019346
1756998234.988,latency_s,0.018983
1756998234.996,latency_s,0.020597
1756998234.996,latency_s,0.018687
1756998235.004,latency_s,0.019979
1756998235.004,latency_s,0.019664
1756998235.004,latency_s,0.020095
1756998235.004,latency_s,0.020024
1756998235.004,latency_s,0.019639
1756998235.007,latency_s,0.020159
1756998235.009,latency_s,0.019513
1756998235.009,latency_s,0.019146
1756998235.010,latency_s,0.019397
1756998235.010,latency_s,0.019253
1756998235.010,latency_s,0.019124
1756998235.010,latency_s,0.019379
1756998235.012,latency_s,0.021704
1756998235.013,latency_s,0.021902
1756998235.015,latency_s,0.018653
1756998235.035,latency_s,0.019185
1756998235.036,latency_s,0.017770
1756998235.068,latency_s,0.019373
1756998235.075,latency_s,0.018279
1756998235.083,latency_s,0.018289
1756998235.088,latency_s,0.018205
1756998235.095,latency_s,0.018850
1756998235.097,latency_s,0.019135
1756998235.103,latency_s,0.018843
1756998235.105,latency_s,0.019091
1756998235.105,latency_s,0.019039
1756998235.105,latency_s,0.018039
1756998235.111,latency_s,0.020576
1756998235.111,latency_s,0.020719
1756998235.111,latency_s,0.020901
1756998235.112,latency_s,0.021006
1756998235.112,latency_s,0.020905
1756998235.112,latency_s,0.020489
1756998235.112,latency_s,0.019996
1756998235.112,latency_s,0.020634
1756998235.115,latency_s,0.018250
1756998235.136,latency_s,0.020112
1756998235.137,latency_s,0.018599
1756998235.168,latency_s,0.019542
1756998235.176,latency_s,0.019630
1756998235.187,latency_s,0.019142
1756998235.189,latency_s,0.018685
1756998235.196,latency_s,0.018651
1756998235.196,latency_s,0.017857
1756998235.204,latency_s,0.019474
1756998235.205,latency_s,0.018765
1756998235.206,latency_s,0.018747
1756998235.206,latency_s,0.017976
1756998235.211,latency_s,0.019475
1756998235.211,latency_s,0.018799
1756998235.211,latency_s,0.019289
1756998235.211,latency_s,0.019393
1756998235.211,latency_s,0.019484
1756998235.211,latency_s,0.019710
1756998235.211,latency_s,0.019688
1756998235.211,latency_s,0.019080
1756998235.215,latency_s,0.018203
1756998235.223,latency_s,0.137532
1756998235.223,latency_s,0.137426
1756998235.223,latency_s,0.036574
1756998235.223,latency_s,0.036497
1756998235.236,latency_s,0.018769
1756998235.238,latency_s,0.018729
1756998235.268,latency_s,0.019079
1756998235.276,latency_s,0.018564
1756998235.289,latency_s,0.018876
1756998235.290,latency_s,0.018723
1756998235.299,latency_s,0.020082
1756998235.299,latency_s,0.020262
1756998235.305,latency_s,0.019576
1756998235.308,latency_s,0.019987
1756998235.308,latency_s,0.020184
1756998235.308,latency_s,0.020217
1756998235.310,latency_s,0.018985
1756998235.310,latency_s,0.018865
1756998235.310,latency_s,0.018951
1756998235.312,latency_s,0.020108
1756998235.312,latency_s,0.019700
1756998235.312,latency_s,0.019912
1756998235.312,latency_s,0.019994
1756998235.316,latency_s,0.024316
1756998235.316,latency_s,0.018636
1756998235.337,latency_s,0.019880
1756998235.338,latency_s,0.018528
1756998235.369,latency_s,0.019456
1756998235.378,latency_s,0.019808
1756998235.392,latency_s,0.020594
1756998235.393,latency_s,0.022433
1756998235.399,latency_s,0.019647
1756998235.399,latency_s,0.018867
1756998235.406,latency_s,0.020008
1756998235.413,latency_s,0.024580
1756998235.413,latency_s,0.024634
1756998235.413,latency_s,0.024669
1756998235.414,latency_s,0.021933
1756998235.414,latency_s,0.021294
1756998235.414,latency_s,0.021900
1756998235.414,latency_s,0.021715
1756998235.414,latency_s,0.021785
1756998235.414,latency_s,0.021708
1756998235.414,latency_s,0.020352
1756998235.417,latency_s,0.018381
1756998235.424,latency_s,0.135967
1756998235.424,latency_s,0.035171
1756998235.434,latency_s,0.146192
1756998235.434,latency_s,0.045762
1756998235.437,latency_s,0.019406
1756998235.439,latency_s,0.019483
1756998235.471,latency_s,0.020260
1756998235.477,latency_s,0.018819
1756998235.490,latency_s,0.019282
1756998235.490,latency_s,0.018530
1756998235.500,latency_s,0.020065
1756998235.501,latency_s,0.019782
1756998235.506,latency_s,0.019620
1756998235.510,latency_s,0.020506
1756998235.510,latency_s,0.020894
1756998235.510,latency_s,0.020482
1756998235.510,latency_s,0.020969
1756998235.510,latency_s,0.020854
1756998235.511,latency_s,0.017909
1756998235.511,latency_s,0.017970
1756998235.511,latency_s,0.017766
1756998235.511,latency_s,0.018046
1756998235.513,latency_s,0.019843
1756998235.513,latency_s,0.020144
1756998235.513,latency_s,0.018454
1756998235.517,latency_s,0.018270
1756998235.535,latency_s,0.142034
1756998235.535,latency_s,0.041865
1756998235.537,latency_s,0.019039
1756998235.539,latency_s,0.018744
1756998235.571,latency_s,0.019366
1756998235.578,latency_s,0.019332
1756998235.593,latency_s,0.018397
1756998235.594,latency_s,0.018969
1756998235.599,latency_s,0.018807
1756998235.601,latency_s,0.019210
1756998235.606,latency_s,0.018797
1756998235.609,latency_s,0.018730
1756998235.610,latency_s,0.018304
1756998235.613,latency_s,0.021451
1756998235.613,latency_s,0.021530
1756998235.613,latency_s,0.021697
1756998235.613,latency_s,0.020660
1756998235.614,latency_s,0.020487
1756998235.614,latency_s,0.020703
1756998235.614,latency_s,0.020065
1756998235.614,latency_s,0.020227
1756998235.614,latency_s,0.020290
1756998235.614,latency_s,0.019658
1756998235.614,latency_s,0.018800
1756998235.618,latency_s,0.018840
1756998235.639,latency_s,0.019050
1756998235.639,latency_s,0.018605
1756998235.671,latency_s,0.018679
1756998235.678,latency_s,0.018798
1756998235.693,latency_s,0.018480
1756998235.694,latency_s,0.018264
1756998235.699,latency_s,0.018077
1756998235.701,latency_s,0.018555
1756998235.706,latency_s,0.018531
1756998235.710,latency_s,0.019345
1756998235.713,latency_s,0.020464
1756998235.713,latency_s,0.020196
1756998235.713,latency_s,0.020515
1756998235.713,latency_s,0.020504
1756998235.713,latency_s,0.019841
1756998235.713,latency_s,0.019678
1756998235.713,latency_s,0.019291
1756998235.713,latency_s,0.019684
1756998235.713,latency_s,0.019164
1756998235.713,latency_s,0.018963
1756998235.713,latency_s,0.018686
1756998235.717,latency_s,0.021625
1756998235.718,latency_s,0.018304
1756998235.740,latency_s,0.019668
1756998235.740,latency_s,0.019566
1756998235.771,latency_s,0.018803
1756998235.780,latency_s,0.020246
1756998235.795,latency_s,0.019447
1756998235.795,latency_s,0.018248
1756998235.802,latency_s,0.019987
1756998235.802,latency_s,0.019612
1756998235.806,latency_s,0.018104
1756998235.809,latency_s,0.018175
1756998235.812,latency_s,0.019546
1756998235.812,latency_s,0.019348
1756998235.812,latency_s,0.019991
1756998235.812,latency_s,0.019499
1756998235.812,latency_s,0.019314
1756998235.812,latency_s,0.019089
1756998235.812,latency_s,0.018933
1756998235.812,latency_s,0.018613
1756998235.813,latency_s,0.018438
1756998235.813,latency_s,0.018134
1756998235.813,latency_s,0.018599
1756998235.817,latency_s,0.020730
1756998235.818,latency_s,0.018247
1756998235.839,latency_s,0.018036
1756998235.839,latency_s,0.018021
1756998235.872,latency_s,0.019070
1756998235.879,latency_s,0.019126
1756998235.894,latency_s,0.018212
1756998235.897,latency_s,0.018749
1756998235.902,latency_s,0.019745
1756998235.902,latency_s,0.019174
1756998235.908,latency_s,0.019894
1756998235.912,latency_s,0.019684
1756998235.913,latency_s,0.019813
1756998235.913,latency_s,0.019521
1756998235.913,latency_s,0.019409
1756998235.913,latency_s,0.019366
1756998235.913,latency_s,0.019834
1756998235.913,latency_s,0.019123
1756998235.913,latency_s,0.019762
1756998235.913,latency_s,0.018536
1756998235.913,latency_s,0.019109
1756998235.913,latency_s,0.019162
1756998235.914,latency_s,0.018430
1756998235.915,latency_s,0.018538
1756998235.920,latency_s,0.019482
1756998235.943,latency_s,0.021500
1756998235.943,latency_s,0.021556
1756998235.974,latency_s,0.019591
1756998235.981,latency_s,0.019457
1756998235.997,latency_s,0.018787
1756998235.999,latency_s,0.018606
1756998236.003,latency_s,0.020197
1756998236.003,latency_s,0.019418
1756998236.007,latency_s,0.018574
1756998236.012,latency_s,0.018499
1756998236.012,latency_s,0.018647
1756998236.013,latency_s,0.018707
1756998236.015,latency_s,0.020319
1756998236.018,latency_s,0.021701
1756998236.019,latency_s,0.021605
1756998236.019,latency_s,0.024520
1756998236.019,latency_s,0.024884
1756998236.019,latency_s,0.021390
1756998236.019,latency_s,0.021736
1756998236.019,latency_s,0.021307
1756998236.019,latency_s,0.021553
1756998236.019,latency_s,0.022530
1756998236.020,latency_s,0.018888
1756998236.042,latency_s,0.020363
1756998236.042,latency_s,0.020385
1756998236.077,latency_s,0.021573
1756998236.081,latency_s,0.018940
1756998236.098,latency_s,0.018663
1756998236.100,latency_s,0.018967
1756998236.102,latency_s,0.018954
1756998236.102,latency_s,0.018670
1756998236.108,latency_s,0.019100
1756998236.119,latency_s,0.024545
1756998236.119,latency_s,0.024632
1756998236.119,latency_s,0.024769
1756998236.119,latency_s,0.024618
1756998236.119,latency_s,0.024532
1756998236.120,latency_s,0.025813
1756998236.120,latency_s,0.023066
1756998236.120,latency_s,0.023095
1756998236.120,latency_s,0.023141
1756998236.121,latency_s,0.022586
1756998236.121,latency_s,0.022971
1756998236.121,latency_s,0.023689
1756998236.121,latency_s,0.023884
1756998236.121,latency_s,0.019652
1756998236.142,latency_s,0.019294
1756998236.142,latency_s,0.019382
1756998236.176,latency_s,0.019207
1756998236.184,latency_s,0.019606
1756998236.201,latency_s,0.020931
1756998236.201,latency_s,0.019221
1756998236.202,latency_s,0.019053
1756998236.203,latency_s,0.019172
1756998236.208,latency_s,0.018162
1756998236.218,latency_s,0.022677
1756998236.218,latency_s,0.022387
1756998236.218,latency_s,0.022217
1756998236.218,latency_s,0.022495
1756998236.218,latency_s,0.022354
1756998236.218,latency_s,0.022801
1756998236.218,latency_s,0.019950
1756998236.218,latency_s,0.019996
1756998236.218,latency_s,0.019533
1756998236.218,latency_s,0.019941
1756998236.218,latency_s,0.019853
1756998236.218,latency_s,0.020215
1756998236.218,latency_s,0.019646
1756998236.221,latency_s,0.019078
1756998236.241,latency_s,0.018564
1756998236.241,latency_s,0.018621
1756998236.277,latency_s,0.019038
1756998236.284,latency_s,0.017958
1756998236.299,latency_s,0.018464
1756998236.300,latency_s,0.018120
1756998236.304,latency_s,0.020147
1756998236.304,latency_s,0.019419
1756998236.309,latency_s,0.019238
1756998236.316,latency_s,0.020507
1756998236.316,latency_s,0.020407
1756998236.316,latency_s,0.019616
1756998236.316,latency_s,0.018885
1756998236.316,latency_s,0.018999
1756998236.316,latency_s,0.020075
1756998236.316,latency_s,0.017827
1756998236.317,latency_s,0.018027
1756998236.317,latency_s,0.018453
1756998236.317,latency_s,0.017917
1756998236.317,latency_s,0.018556
1756998236.317,latency_s,0.018690
1756998236.321,latency_s,0.022081
1756998236.322,latency_s,0.019228
1756998236.343,latency_s,0.019541
1756998236.343,latency_s,0.019609
1756998236.379,latency_s,0.020200
1756998236.385,latency_s,0.018668
1756998236.406,latency_s,0.021474
1756998236.406,latency_s,0.020686
1756998236.406,latency_s,0.020546
1756998236.407,latency_s,0.021052
1756998236.409,latency_s,0.018857
1756998236.414,latency_s,0.018511
1756998236.415,latency_s,0.018671
1756998236.415,latency_s,0.018378
1756998236.415,latency_s,0.018480
1756998236.417,latency_s,0.018834
1756998236.417,latency_s,0.019093
1756998236.419,latency_s,0.020393
1756998236.419,latency_s,0.020432
1756998236.419,latency_s,0.020312
1756998236.419,latency_s,0.020372
1756998236.419,latency_s,0.019899
1756998236.420,latency_s,0.020081
1756998236.441,latency_s,0.042189
1756998236.441,latency_s,0.038802
1756998236.458,latency_s,0.034127
1756998236.458,latency_s,0.033930
1756998236.479,latency_s,0.019254
1756998236.486,latency_s,0.018977
1756998236.503,latency_s,0.018175
1756998236.507,latency_s,0.020935
1756998236.507,latency_s,0.020839
1756998236.507,latency_s,0.020905
1756998236.510,latency_s,0.018928
1756998236.515,latency_s,0.019516
1756998236.516,latency_s,0.019029
1756998236.516,latency_s,0.019479
1756998236.518,latency_s,0.021102
1756998236.518,latency_s,0.019327
1756998236.518,latency_s,0.019189
1756998236.518,latency_s,0.018685
1756998236.518,latency_s,0.018727
1756998236.521,latency_s,0.021606
1756998236.523,latency_s,0.021856
1756998236.523,latency_s,0.023314
1756998236.523,latency_s,0.023167
1756998236.523,latency_s,0.022916
1756998236.523,latency_s,0.019706
1756998236.545,latency_s,0.020853
1756998236.545,latency_s,0.019923
1756998236.579,latency_s,0.018669
1756998236.587,latency_s,0.018987
1756998236.607,latency_s,0.021699
1756998236.607,latency_s,0.020921
1756998236.607,latency_s,0.020885
1756998236.607,latency_s,0.020559
1756998236.610,latency_s,0.018810
1756998236.616,latency_s,0.019741
1756998236.616,latency_s,0.019506
1756998236.616,latency_s,0.019740
1756998236.617,latency_s,0.020137
1756998236.617,latency_s,0.018152
1756998236.618,latency_s,0.019493
1756998236.623,latency_s,0.022983
1756998236.623,latency_s,0.023865
1756998236.623,latency_s,0.023489
1756998236.623,latency_s,0.023616
1756998236.624,latency_s,0.024425
1756998236.625,latency_s,0.024905
1756998236.625,latency_s,0.023532
1756998236.625,latency_s,0.020960
1756998236.644,latency_s,0.019599
1756998236.644,latency_s,0.018991
1756998236.682,latency_s,0.019331
1756998236.687,latency_s,0.018820
1756998236.708,latency_s,0.021737
1756998236.708,latency_s,0.021248
1756998236.708,latency_s,0.021306
1756998236.708,latency_s,0.020933
1756998236.711,latency_s,0.018484
1756998236.718,latency_s,0.021184
1756998236.718,latency_s,0.021151
1756998236.718,latency_s,0.021126
1756998236.718,latency_s,0.019171
1756998236.719,latency_s,0.019406
1756998236.719,latency_s,0.018892
1756998236.724,latency_s,0.024220
1756998236.724,latency_s,0.024337
1756998236.724,latency_s,0.024634
1756998236.725,latency_s,0.024225
1756998236.725,latency_s,0.024172
1756998236.725,latency_s,0.023288
1756998236.725,latency_s,0.023750
1756998236.725,latency_s,0.020658
1756998236.744,latency_s,0.018978
1756998236.745,latency_s,0.018406
1756998236.782,latency_s,0.019269
1756998236.788,latency_s,0.018961
1756998236.805,latency_s,0.018989
1756998236.805,latency_s,0.017984
1756998236.808,latency_s,0.019422
1756998236.808,latency_s,0.019750
1756998236.812,latency_s,0.019160
1756998236.820,latency_s,0.020997
1756998236.820,latency_s,0.021190
1756998236.820,latency_s,0.020242
1756998236.820,latency_s,0.020652
1756998236.820,latency_s,0.021328
1756998236.820,latency_s,0.020349
1756998236.820,latency_s,0.020132
1756998236.820,latency_s,0.019767
1756998236.820,latency_s,0.019495
1756998236.820,latency_s,0.019466
1756998236.824,latency_s,0.022243
1756998236.824,latency_s,0.022398
1756998236.824,latency_s,0.019816
1756998236.847,latency_s,0.020545
1756998236.847,latency_s,0.019556
1756998236.884,latency_s,0.020757
1756998236.892,latency_s,0.019065
1756998236.906,latency_s,0.019645
1756998236.906,latency_s,0.018707
1756998236.910,latency_s,0.020212
1756998236.910,latency_s,0.020283
1756998236.912,latency_s,0.019026
1756998236.920,latency_s,0.020259
1756998236.920,latency_s,0.019434
1756998236.920,latency_s,0.019305
1756998236.920,latency_s,0.019858
1756998236.920,latency_s,0.019917
1756998236.920,latency_s,0.018928
1756998236.920,latency_s,0.018890
1756998236.920,latency_s,0.019252
1756998236.920,latency_s,0.020351
1756998236.920,latency_s,0.020288
1756998236.924,latency_s,0.021492
1756998236.924,latency_s,0.021599
1756998236.924,latency_s,0.019466
1756998236.943,latency_s,0.142244
1756998236.943,latency_s,0.041738
1756998236.947,latency_s,0.019919
1756998236.947,latency_s,0.018149
1756998236.983,latency_s,0.019294
1756998236.992,latency_s,0.019486
1756998237.007,latency_s,0.020110
1756998237.007,latency_s,0.019234
1756998237.010,latency_s,0.019328
1756998237.010,latency_s,0.019619
1756998237.012,latency_s,0.017936
1756998237.021,latency_s,0.020453
1756998237.021,latency_s,0.020326
1756998237.021,latency_s,0.020376
1756998237.021,latency_s,0.020398
1756998237.021,latency_s,0.020380
1756998237.021,latency_s,0.019577
1756998237.021,latency_s,0.020166
1756998237.021,latency_s,0.019826
1756998237.021,latency_s,0.020007
1756998237.021,latency_s,0.019826
1756998237.021,latency_s,0.019886
1756998237.022,latency_s,0.018712
1756998237.022,latency_s,0.018564
1756998237.025,latency_s,0.019745
1756998237.047,latency_s,0.019748
1756998237.049,latency_s,0.019039
1756998237.085,latency_s,0.019499
1756998237.092,latency_s,0.018453
1756998237.108,latency_s,0.020252
1756998237.108,latency_s,0.019639
1756998237.110,latency_s,0.019729
1756998237.111,latency_s,0.020026
1756998237.112,latency_s,0.018094
1756998237.121,latency_s,0.019965
1756998237.121,latency_s,0.019941
1756998237.121,latency_s,0.019885
1756998237.121,latency_s,0.020136
1756998237.121,latency_s,0.019336
1756998237.126,latency_s,0.024745
1756998237.127,latency_s,0.024563
1756998237.127,latency_s,0.024676
1756998237.127,latency_s,0.024524
1756998237.127,latency_s,0.024496
1756998237.127,latency_s,0.023420
1756998237.127,latency_s,0.023763
1756998237.127,latency_s,0.025139
1756998237.127,latency_s,0.020986
1756998237.147,latency_s,0.018865
1756998237.149,latency_s,0.018476
1756998237.185,latency_s,0.019719
1756998237.194,latency_s,0.019034
1756998237.209,latency_s,0.020402
1756998237.209,latency_s,0.019576
1756998237.211,latency_s,0.019152
1756998237.211,latency_s,0.019203
1756998237.213,latency_s,0.018742
1756998237.223,latency_s,0.021022
1756998237.223,latency_s,0.021026
1756998237.223,latency_s,0.021265
1756998237.223,latency_s,0.021095
1756998237.223,latency_s,0.020797
1756998237.223,latency_s,0.020793
1756998237.223,latency_s,0.021423
1756998237.223,latency_s,0.020565
1756998237.223,latency_s,0.020191
1756998237.223,latency_s,0.019544
1756998237.223,latency_s,0.019466
1756998237.223,latency_s,0.019867
1756998237.223,latency_s,0.020103
1756998237.226,latency_s,0.019374
1756998237.247,latency_s,0.018415
1756998237.249,latency_s,0.018262
1756998237.287,latency_s,0.020787
1756998237.294,latency_s,0.018310
1756998237.308,latency_s,0.019030
1756998237.308,latency_s,0.018184
1756998237.311,latency_s,0.019012
1756998237.311,latency_s,0.019148
1756998237.313,latency_s,0.018188
1756998237.322,latency_s,0.019809
1756998237.322,latency_s,0.020102
1756998237.322,latency_s,0.020013
1756998237.322,latency_s,0.020084
1756998237.322,latency_s,0.019592
1756998237.322,latency_s,0.020046
1756998237.322,latency_s,0.019605
1756998237.323,latency_s,0.019441
1756998237.325,latency_s,0.020626
1756998237.325,latency_s,0.021178
1756998237.325,latency_s,0.021590
1756998237.325,latency_s,0.020879
1756998237.325,latency_s,0.020923
1756998237.326,latency_s,0.018842
1756998237.349,latency_s,0.019808
1756998237.350,latency_s,0.018744
1756998237.386,latency_s,0.019392
1756998237.395,latency_s,0.019073
1756998237.410,latency_s,0.019513
1756998237.410,latency_s,0.019594
1756998237.412,latency_s,0.019241
1756998237.412,latency_s,0.019475
1756998237.414,latency_s,0.018509
1756998237.423,latency_s,0.020559
1756998237.423,latency_s,0.020747
1756998237.424,latency_s,0.020944
1756998237.424,latency_s,0.020401
1756998237.424,latency_s,0.021134
1756998237.424,latency_s,0.021022
1756998237.424,latency_s,0.020812
1756998237.424,latency_s,0.020254
1756998237.424,latency_s,0.020190
1756998237.424,latency_s,0.019474
1756998237.424,latency_s,0.019761
1756998237.426,latency_s,0.021118
1756998237.426,latency_s,0.021565
1756998237.426,latency_s,0.018718
1756998237.449,latency_s,0.019024
1756998237.450,latency_s,0.018608
1756998237.486,latency_s,0.018751
1756998237.497,latency_s,0.018674
1756998237.510,latency_s,0.018721
1756998237.510,latency_s,0.018785
1756998237.511,latency_s,0.018595
1756998237.512,latency_s,0.018723
1756998237.514,latency_s,0.018468
1756998237.525,latency_s,0.021575
1756998237.525,latency_s,0.020562
1756998237.525,latency_s,0.020879
1756998237.525,latency_s,0.020474
1756998237.525,latency_s,0.021440
1756998237.525,latency_s,0.020984
1756998237.525,latency_s,0.021329
1756998237.525,latency_s,0.021279
1756998237.525,latency_s,0.020407
1756998237.525,latency_s,0.020802
1756998237.525,latency_s,0.020218
1756998237.525,latency_s,0.020348
1756998237.525,latency_s,0.020147
1756998237.529,latency_s,0.021334
1756998237.548,latency_s,0.018174
1756998237.551,latency_s,0.018979
1756998237.588,latency_s,0.019644
1756998237.598,latency_s,0.018980
1756998237.610,latency_s,0.018756
1756998237.613,latency_s,0.019825
1756998237.614,latency_s,0.020103
1756998237.614,latency_s,0.020019
1756998237.615,latency_s,0.018650
1756998237.625,latency_s,0.021566
1756998237.625,latency_s,0.020473
1756998237.626,latency_s,0.020791
1756998237.626,latency_s,0.020959
1756998237.626,latency_s,0.021507
1756998237.626,latency_s,0.020214
1756998237.626,latency_s,0.020961
1756998237.626,latency_s,0.020694
1756998237.626,latency_s,0.021244
1756998237.626,latency_s,0.021125
1756998237.626,latency_s,0.020629
1756998237.626,latency_s,0.021442
1756998237.626,latency_s,0.020470
1756998237.630,latency_s,0.022058
1756998237.650,latency_s,0.019804
1756998237.651,latency_s,0.018630
1756998237.689,latency_s,0.019499
1756998237.699,latency_s,0.018400
1756998237.711,latency_s,0.019435
1756998237.713,latency_s,0.019709
1756998237.713,latency_s,0.019517
1756998237.714,latency_s,0.019704
1756998237.719,latency_s,0.020610
1756998237.727,latency_s,0.023218
1756998237.727,latency_s,0.022341
1756998237.727,latency_s,0.022547
1756998237.728,latency_s,0.022676
1756998237.729,latency_s,0.024755
1756998237.729,latency_s,0.023545
1756998237.729,latency_s,0.024733
1756998237.730,latency_s,0.023503
1756998237.730,latency_s,0.023572
1756998237.730,latency_s,0.024304
1756998237.730,latency_s,0.024681
1756998237.730,latency_s,0.023575
1756998237.730,latency_s,0.023530
1756998237.730,latency_s,0.021916
1756998237.750,latency_s,0.019295
1756998237.751,latency_s,0.018352
1756998237.790,latency_s,0.019081
1756998237.799,latency_s,0.018436
1756998237.811,latency_s,0.018391
1756998237.816,latency_s,0.021719
1756998237.816,latency_s,0.021771
1756998237.816,latency_s,0.021787
1756998237.817,latency_s,0.018321
1756998237.823,latency_s,0.018460
1756998237.823,latency_s,0.018322
1756998237.823,latency_s,0.018203
1756998237.825,latency_s,0.019348
1756998237.825,latency_s,0.019224
1756998237.825,latency_s,0.019538
1756998237.827,latency_s,0.020626
1756998237.827,latency_s,0.020736
1756998237.827,latency_s,0.020549
1756998237.827,latency_s,0.020604
1756998237.827,latency_s,0.020949
1756998237.828,latency_s,0.020974
1756998237.828,latency_s,0.019468
1756998237.828,latency_s,0.019498
1756998237.852,latency_s,0.020590
1756998237.852,latency_s,0.018708
1756998237.890,latency_s,0.018911
1756998237.903,latency_s,0.018255
1756998237.913,latency_s,0.019284
1756998237.915,latency_s,0.019416
1756998237.915,latency_s,0.019517
1756998237.916,latency_s,0.019803
1756998237.918,latency_s,0.019555
1756998237.926,latency_s,0.020461
1756998237.926,latency_s,0.020428
1756998237.926,latency_s,0.019487
1756998237.926,latency_s,0.019554
1756998237.926,latency_s,0.019289
1756998237.926,latency_s,0.019074
1756998237.926,latency_s,0.019370
1756998237.926,latency_s,0.018906
1756998237.926,latency_s,0.019189
1756998237.926,latency_s,0.019007
1756998237.927,latency_s,0.019509
1756998237.927,latency_s,0.019070
1756998237.927,latency_s,0.018640
1756998237.930,latency_s,0.021436
1756998237.952,latency_s,0.018940
1756998237.952,latency_s,0.018072
1756998237.992,latency_s,0.020472
1756998238.007,latency_s,0.019242
1756998238.013,latency_s,0.018945
1756998238.016,latency_s,0.018326
1756998238.017,latency_s,0.019656
1756998238.017,latency_s,0.019031
1756998238.017,latency_s,0.018511
1756998238.024,latency_s,0.019140
1756998238.025,latency_s,0.018937
1756998238.028,latency_s,0.019775
1756998238.028,latency_s,0.019674
1756998238.028,latency_s,0.019934
1756998238.028,latency_s,0.019708
1756998238.028,latency_s,0.019466
1756998238.028,latency_s,0.019962
1756998238.028,latency_s,0.019167
1756998238.028,latency_s,0.019850
1756998238.028,latency_s,0.018870
1756998238.028,latency_s,0.019476
1756998238.028,latency_s,0.019971
1756998238.028,latency_s,0.019798
1756998238.054,latency_s,0.021069
1756998238.055,latency_s,0.020084
1756998238.092,latency_s,0.020015
1756998238.108,latency_s,0.019339
1756998238.115,latency_s,0.018950
1756998238.117,latency_s,0.018095
1756998238.118,latency_s,0.018744
1756998238.118,latency_s,0.018315
1756998238.119,latency_s,0.018021
1756998238.126,latency_s,0.019721
1756998238.126,latency_s,0.019795
1756998238.127,latency_s,0.018291
1756998238.128,latency_s,0.019452
1756998238.129,latency_s,0.019658
1756998238.129,latency_s,0.019299
1756998238.129,latency_s,0.019441
1756998238.129,latency_s,0.020164
1756998238.129,latency_s,0.020046
1756998238.129,latency_s,0.020265
1756998238.129,latency_s,0.019862
1756998238.129,latency_s,0.019791
1756998238.129,latency_s,0.020352
1756998238.129,latency_s,0.020051
1756998238.154,latency_s,0.019407
1756998238.154,latency_s,0.018588
1756998238.195,latency_s,0.020256
1756998238.208,latency_s,0.018878
1756998238.215,latency_s,0.018445
1756998238.218,latency_s,0.018770
1756998238.218,latency_s,0.018904
1756998238.220,latency_s,0.018694
1756998238.227,latency_s,0.020384
1756998238.227,latency_s,0.020474
1756998238.229,latency_s,0.019354
1756998238.233,latency_s,0.022883
1756998238.233,latency_s,0.023292
1756998238.233,latency_s,0.023221
1756998238.233,latency_s,0.023464
1756998238.233,latency_s,0.023641
1756998238.233,latency_s,0.023452
1756998238.233,latency_s,0.023412
1756998238.233,latency_s,0.023366
1756998238.233,latency_s,0.023746
1756998238.234,latency_s,0.023642
1756998238.234,latency_s,0.023751
1756998238.256,latency_s,0.019796
1756998238.256,latency_s,0.019881
1756998238.295,latency_s,0.019806
1756998238.311,latency_s,0.018967
1756998238.315,latency_s,0.018734
1756998238.319,latency_s,0.019195
1756998238.319,latency_s,0.019012
1756998238.320,latency_s,0.018554
1756998238.326,latency_s,0.019629
1756998238.327,latency_s,0.020036
1756998238.332,latency_s,0.021227
1756998238.332,latency_s,0.021386
1756998238.332,latency_s,0.021378
1756998238.332,latency_s,0.021091
1756998238.332,latency_s,0.021518
1756998238.332,latency_s,0.021246
1756998238.332,latency_s,0.021134
1756998238.332,latency_s,0.020999
1756998238.332,latency_s,0.020888
1756998238.332,latency_s,0.021109
1756998238.332,latency_s,0.021726
1756998238.332,latency_s,0.021365
1756998238.343,latency_s,0.143163
1756998238.343,latency_s,0.042506
1756998238.355,latency_s,0.019470
1756998238.355,latency_s,0.019498
1756998238.395,latency_s,0.020012
1756998238.412,latency_s,0.019095
1756998238.416,latency_s,0.018655
1756998238.419,latency_s,0.018748
1756998238.420,latency_s,0.018107
1756998238.421,latency_s,0.019295
1756998238.423,latency_s,0.018317
1756998238.427,latency_s,0.019246
1756998238.427,latency_s,0.019532
1756998238.431,latency_s,0.020671
1756998238.431,latency_s,0.020744
1756998238.431,latency_s,0.020454
1756998238.431,latency_s,0.020306
1756998238.431,latency_s,0.020655
1756998238.431,latency_s,0.020161
1756998238.431,latency_s,0.020733
1756998238.431,latency_s,0.020072
1756998238.432,latency_s,0.020466
1756998238.432,latency_s,0.020432
1756998238.432,latency_s,0.020493
1756998238.432,latency_s,0.020119
1756998238.456,latency_s,0.019169
1756998238.456,latency_s,0.019241
1756998238.497,latency_s,0.019829
1756998238.517,latency_s,0.021071
1756998238.517,latency_s,0.019693
1756998238.520,latency_s,0.019071
1756998238.522,latency_s,0.019550
1756998238.522,latency_s,0.019746
1756998238.525,latency_s,0.019602
1756998238.526,latency_s,0.018289
1756998238.526,latency_s,0.018456
1756998238.531,latency_s,0.019623
1756998238.531,latency_s,0.019526
1756998238.531,latency_s,0.019390
1756998238.531,latency_s,0.019478
1756998238.531,latency_s,0.019740
1756998238.531,latency_s,0.019622
1756998238.531,latency_s,0.019277
1756998238.531,latency_s,0.018894
1756998238.531,latency_s,0.019214
1756998238.531,latency_s,0.019954
1756998238.531,latency_s,0.019546
1756998238.531,latency_s,0.018991
1756998238.557,latency_s,0.019677
1756998238.557,latency_s,0.020208
1756998238.600,latency_s,0.020389
1756998238.616,latency_s,0.020458
1756998238.617,latency_s,0.018723
1756998238.620,latency_s,0.019047
1756998238.623,latency_s,0.020071
1756998238.624,latency_s,0.020402
1756998238.625,latency_s,0.018926
1756998238.627,latency_s,0.018719
1756998238.629,latency_s,0.018974
1756998238.632,latency_s,0.020632
1756998238.632,latency_s,0.020638
1756998238.632,latency_s,0.020787
1756998238.632,latency_s,0.019862
1756998238.633,latency_s,0.019903
1756998238.633,latency_s,0.020036
1756998238.633,latency_s,0.020978
1756998238.633,latency_s,0.020535
1756998238.633,latency_s,0.020956
1756998238.633,latency_s,0.020748
1756998238.633,latency_s,0.020664
1756998238.633,latency_s,0.020921
1756998238.658,latency_s,0.020755
1756998238.659,latency_s,0.020753
1756998238.700,latency_s,0.019370
1756998238.716,latency_s,0.019351
1756998238.718,latency_s,0.019186
1756998238.721,latency_s,0.018994
1756998238.723,latency_s,0.019455
1756998238.723,latency_s,0.019624
1756998238.727,latency_s,0.020156
1756998238.728,latency_s,0.018361
1756998238.728,latency_s,0.018127
1756998238.734,latency_s,0.021783
1756998238.734,latency_s,0.021541
1756998238.734,latency_s,0.022127
1756998238.735,latency_s,0.021537
1756998238.735,latency_s,0.022005
1756998238.735,latency_s,0.021566
1756998238.735,latency_s,0.022564
1756998238.735,latency_s,0.021187
1756998238.735,latency_s,0.021655
1756998238.735,latency_s,0.022269
1756998238.735,latency_s,0.021287
1756998238.735,latency_s,0.022072
1756998238.758,latency_s,0.019682
1756998238.758,latency_s,0.019611
1756998238.801,latency_s,0.018702
1756998238.819,latency_s,0.019632
1756998238.819,latency_s,0.020215
1756998238.820,latency_s,0.018167
1756998238.826,latency_s,0.020886
1756998238.827,latency_s,0.021177
1756998238.827,latency_s,0.019776
1756998238.830,latency_s,0.019900
1756998238.830,latency_s,0.019753
1756998238.831,latency_s,0.018715
1756998238.833,latency_s,0.020716
1756998238.833,latency_s,0.020003
1756998238.833,latency_s,0.020178
1756998238.834,latency_s,0.020612
1756998238.834,latency_s,0.019643
1756998238.834,latency_s,0.019945
1756998238.834,latency_s,0.020013
1756998238.834,latency_s,0.020363
1756998238.834,latency_s,0.020651
1756998238.834,latency_s,0.019696
1756998238.834,latency_s,0.020997
1756998238.858,latency_s,0.019932
1756998238.859,latency_s,0.018716
1756998238.902,latency_s,0.018856
1756998238.919,latency_s,0.019697
1756998238.919,latency_s,0.019539
1756998238.921,latency_s,0.018258
1756998238.926,latency_s,0.019665
1756998238.926,latency_s,0.019434
1756998238.926,latency_s,0.019210
1756998238.930,latency_s,0.019250
1756998238.930,latency_s,0.018804
1756998238.932,latency_s,0.019590
1756998238.932,latency_s,0.019314
1756998238.932,latency_s,0.019146
1756998238.932,latency_s,0.018954
1756998238.932,latency_s,0.018836
1756998238.932,latency_s,0.018801
1756998238.932,latency_s,0.019323
1756998238.933,latency_s,0.018757
1756998238.933,latency_s,0.018787
1756998238.933,latency_s,0.018468
1756998238.933,latency_s,0.018322
1756998238.933,latency_s,0.018612
1756998238.958,latency_s,0.018913
1756998238.959,latency_s,0.018323
1756998239.004,latency_s,0.019048
1756998239.020,latency_s,0.019276
1756998239.020,latency_s,0.019881
1756998239.022,latency_s,0.018936
1756998239.027,latency_s,0.020053
1756998239.027,latency_s,0.020091
1756998239.027,latency_s,0.019725
1756998239.031,latency_s,0.019793
1756998239.031,latency_s,0.019427
1756998239.033,latency_s,0.019216
1756998239.033,latency_s,0.019220
1756998239.033,latency_s,0.019301
1756998239.033,latency_s,0.019127
1756998239.033,latency_s,0.019116
1756998239.033,latency_s,0.019431
1756998239.033,latency_s,0.019481
1756998239.034,latency_s,0.018920
1756998239.034,latency_s,0.019598
1756998239.034,latency_s,0.019213
1756998239.034,latency_s,0.019051
1756998239.034,latency_s,0.019776
1756998239.059,latency_s,0.019489
1756998239.060,latency_s,0.018803
1756998239.105,latency_s,0.019363
1756998239.120,latency_s,0.019162
1756998239.120,latency_s,0.019520
1756998239.123,latency_s,0.019177
1756998239.129,latency_s,0.020823
1756998239.129,latency_s,0.020821
1756998239.129,latency_s,0.020866
1756998239.130,latency_s,0.018283
1756998239.130,latency_s,0.017957
1756998239.133,latency_s,0.018790
1756998239.133,latency_s,0.018836
1756998239.133,latency_s,0.018509
1756998239.133,latency_s,0.018751
1756998239.133,latency_s,0.018631
1756998239.137,latency_s,0.021810
1756998239.137,latency_s,0.021652
1756998239.137,latency_s,0.021186
1756998239.137,latency_s,0.021130
1756998239.137,latency_s,0.021652
1756998239.137,latency_s,0.022390
1756998239.137,latency_s,0.020903
1756998239.159,latency_s,0.019068
1756998239.161,latency_s,0.019269
1756998239.205,latency_s,0.019566
1756998239.221,latency_s,0.019084
1756998239.221,latency_s,0.019305
1756998239.225,latency_s,0.020284
1756998239.228,latency_s,0.019546
1756998239.228,latency_s,0.019505
1756998239.228,latency_s,0.019144
1756998239.231,latency_s,0.018982
1756998239.232,latency_s,0.018896
1756998239.234,latency_s,0.019190
1756998239.234,latency_s,0.018911
1756998239.234,latency_s,0.019293
1756998239.234,latency_s,0.018765
1756998239.234,latency_s,0.019409
1756998239.234,latency_s,0.019481
1756998239.234,latency_s,0.018459
1756998239.237,latency_s,0.021494
1756998239.238,latency_s,0.021652
1756998239.238,latency_s,0.021127
1756998239.238,latency_s,0.020808
1756998239.238,latency_s,0.021723
1756998239.261,latency_s,0.020200
1756998239.261,latency_s,0.018357
1756998239.308,latency_s,0.021798
1756998239.322,latency_s,0.019521
1756998239.322,latency_s,0.019634
1756998239.324,latency_s,0.019253
1756998239.328,latency_s,0.019336
1756998239.328,latency_s,0.019449
1756998239.328,latency_s,0.019268
1756998239.333,latency_s,0.019485
1756998239.333,latency_s,0.019492
1756998239.335,latency_s,0.019338
1756998239.335,latency_s,0.019543
1756998239.335,latency_s,0.019294
1756998239.335,latency_s,0.018967
1756998239.335,latency_s,0.019679
1756998239.335,latency_s,0.019500
1756998239.335,latency_s,0.019413
1756998239.335,latency_s,0.018625
1756998239.335,latency_s,0.018694
1756998239.335,latency_s,0.018368
1756998239.335,latency_s,0.018240
1756998239.336,latency_s,0.018577
1756998239.360,latency_s,0.019520
1756998239.362,latency_s,0.019493
1756998239.409,latency_s,0.019023
1756998239.422,latency_s,0.018096
1756998239.423,latency_s,0.019106
1756998239.425,latency_s,0.019320
1756998239.428,latency_s,0.018848
1756998239.428,latency_s,0.018684
1756998239.428,latency_s,0.018642
1756998239.433,latency_s,0.019720
1756998239.433,latency_s,0.019379
1756998239.436,latency_s,0.020672
1756998239.436,latency_s,0.020726
1756998239.436,latency_s,0.020438
1756998239.436,latency_s,0.020650
1756998239.436,latency_s,0.020967
1756998239.436,latency_s,0.020934
1756998239.436,latency_s,0.020288
1756998239.436,latency_s,0.020026
1756998239.436,latency_s,0.019396
1756998239.436,latency_s,0.019423
1756998239.437,latency_s,0.019326
1756998239.437,latency_s,0.019279
1756998239.460,latency_s,0.018937
1756998239.462,latency_s,0.018570
1756998239.509,latency_s,0.019078
1756998239.524,latency_s,0.019748
1756998239.524,latency_s,0.018505
1756998239.524,latency_s,0.018383
1756998239.550,latency_s,0.039762
1756998239.550,latency_s,0.039530
1756998239.550,latency_s,0.039885
1756998239.550,latency_s,0.036006
1756998239.550,latency_s,0.035848
1756998239.550,latency_s,0.034117
1756998239.550,latency_s,0.034019
1756998239.550,latency_s,0.034181
1756998239.550,latency_s,0.034204
1756998239.550,latency_s,0.034242
1756998239.550,latency_s,0.033941
1756998239.550,latency_s,0.033597
1756998239.550,latency_s,0.033447
1756998239.550,latency_s,0.032926
1756998239.550,latency_s,0.032854
1756998239.550,latency_s,0.032897
1756998239.550,latency_s,0.032528
1756998239.561,latency_s,0.019585
1756998239.562,latency_s,0.018392
1756998239.609,latency_s,0.018834
1756998239.624,latency_s,0.019139
1756998239.626,latency_s,0.019342
1756998239.626,latency_s,0.019521
1756998239.630,latency_s,0.020171
1756998239.631,latency_s,0.020105
1756998239.634,latency_s,0.019485
1756998239.634,latency_s,0.018770
1756998239.636,latency_s,0.020263
1756998239.636,latency_s,0.020350
1756998239.636,latency_s,0.020232
1756998239.636,latency_s,0.020110
1756998239.637,latency_s,0.019946
1756998239.637,latency_s,0.020352
1756998239.637,latency_s,0.019924
1756998239.637,latency_s,0.019555
1756998239.637,latency_s,0.020198
1756998239.645,latency_s,0.027288
1756998239.645,latency_s,0.027313
1756998239.645,latency_s,0.026983
1756998239.661,latency_s,0.019294
1756998239.663,latency_s,0.018302
1756998239.711,latency_s,0.019785
1756998239.724,latency_s,0.018937
1756998239.727,latency_s,0.019465
1756998239.727,latency_s,0.019446
1756998239.730,latency_s,0.019458
1756998239.730,latency_s,0.019551
1756998239.734,latency_s,0.018865
1756998239.738,latency_s,0.020759
1756998239.738,latency_s,0.020881
1756998239.738,latency_s,0.020286
1756998239.738,latency_s,0.020417
1756998239.738,latency_s,0.020366
1756998239.738,latency_s,0.020910
1756998239.738,latency_s,0.020533
1756998239.738,latency_s,0.020144
1756998239.738,latency_s,0.020385
1756998239.738,latency_s,0.020388
1756998239.738,latency_s,0.020736
1756998239.738,latency_s,0.021186
1756998239.742,latency_s,0.024057
1756998239.752,latency_s,0.141966
1756998239.752,latency_s,0.041510
1756998239.762,latency_s,0.019096
1756998239.765,latency_s,0.018317
1756998239.811,latency_s,0.019511
1756998239.827,latency_s,0.020151
1756998239.827,latency_s,0.018910
1756998239.827,latency_s,0.018967
1756998239.831,latency_s,0.019399
1756998239.831,latency_s,0.019489
1756998239.831,latency_s,0.019522
1756998239.834,latency_s,0.019160
1756998239.838,latency_s,0.020708
1756998239.838,latency_s,0.020342
1756998239.838,latency_s,0.020282
1756998239.838,latency_s,0.020578
1756998239.838,latency_s,0.020375
1756998239.838,latency_s,0.020633
1756998239.838,latency_s,0.020376
1756998239.839,latency_s,0.020078
1756998239.843,latency_s,0.024411
1756998239.843,latency_s,0.024149
1756998239.843,latency_s,0.024671
1756998239.843,latency_s,0.024620
1756998239.843,latency_s,0.024956
1756998239.862,latency_s,0.019064
1756998239.866,latency_s,0.018323
1756998239.912,latency_s,0.018993
1756998239.927,latency_s,0.019544
1756998239.927,latency_s,0.018529
1756998239.929,latency_s,0.020069
1756998239.932,latency_s,0.019821
1756998239.932,latency_s,0.019837
1756998239.932,latency_s,0.019551
1756998239.936,latency_s,0.020183
1756998239.936,latency_s,0.018666
1756998239.937,latency_s,0.019088
1756998239.937,latency_s,0.018649
1756998239.937,latency_s,0.018872
1756998239.937,latency_s,0.018689
1756998239.937,latency_s,0.018696
1756998239.937,latency_s,0.018306
1756998239.937,latency_s,0.018897
1756998239.938,latency_s,0.018626
1756998239.938,latency_s,0.019048
1756998239.944,latency_s,0.024633
1756998239.944,latency_s,0.024713
1756998239.944,latency_s,0.023520
1756998239.962,latency_s,0.018292
1756998239.966,latency_s,0.018568
1756998240.012,latency_s,0.019086
1756998240.027,latency_s,0.019063
1756998240.029,latency_s,0.019273
1756998240.029,latency_s,0.019156
1756998240.033,latency_s,0.020476
1756998240.034,latency_s,0.020535
1756998240.034,latency_s,0.020115
1756998240.035,latency_s,0.019072
1756998240.038,latency_s,0.019375
1756998240.038,latency_s,0.019236
1756998240.038,latency_s,0.019263
1756998240.038,latency_s,0.019262
1756998240.038,latency_s,0.019218
1756998240.038,latency_s,0.019686
1756998240.038,latency_s,0.018945
1756998240.038,latency_s,0.019006
1756998240.038,latency_s,0.019370
1756998240.046,latency_s,0.025980
1756998240.046,latency_s,0.024942
1756998240.046,latency_s,0.024720
1756998240.046,latency_s,0.024681
1756998240.063,latency_s,0.019310
1756998240.067,latency_s,0.018929
1756998240.113,latency_s,0.018956
1756998240.127,latency_s,0.018647
1756998240.129,latency_s,0.018409
1756998240.129,latency_s,0.017954
1756998240.133,latency_s,0.019864
1756998240.134,latency_s,0.019903
1756998240.134,latency_s,0.019881
1756998240.135,latency_s,0.018113
1756998240.137,latency_s,0.018304
1756998240.140,latency_s,0.020727
1756998240.140,latency_s,0.020505
1756998240.140,latency_s,0.020321
1756998240.140,latency_s,0.020799
1756998240.140,latency_s,0.020083
1756998240.140,latency_s,0.021113
1756998240.140,latency_s,0.020212
1756998240.140,latency_s,0.020802
1756998240.140,latency_s,0.021296
1756998240.140,latency_s,0.019040
1756998240.140,latency_s,0.018981
1756998240.140,latency_s,0.018448
1756998240.163,latency_s,0.018782
1756998240.167,latency_s,0.018274
1756998240.217,latency_s,0.019425
1756998240.228,latency_s,0.018634
1756998240.231,latency_s,0.019992
1756998240.231,latency_s,0.019555
1756998240.234,latency_s,0.020328
1756998240.234,latency_s,0.020665
1756998240.235,latency_s,0.020462
1756998240.236,latency_s,0.018559
1756998240.237,latency_s,0.018320
1756998240.239,latency_s,0.019773
1756998240.239,latency_s,0.019562
1756998240.239,latency_s,0.019788
1756998240.239,latency_s,0.019613
1756998240.239,latency_s,0.020119
1756998240.239,latency_s,0.018790
1756998240.239,latency_s,0.019322
1756998240.239,latency_s,0.019529
1756998240.240,latency_s,0.020157
1756998240.240,latency_s,0.018205
1756998240.240,latency_s,0.018153
1756998240.247,latency_s,0.024661
1756998240.265,latency_s,0.019071
1756998240.268,latency_s,0.018558
1756998240.317,latency_s,0.018592
1756998240.328,latency_s,0.018764
1756998240.330,latency_s,0.018507
1756998240.330,latency_s,0.018376
1756998240.335,latency_s,0.020229
1756998240.335,latency_s,0.020098
1756998240.335,latency_s,0.020178
1756998240.337,latency_s,0.019363
1756998240.338,latency_s,0.018669
1756998240.339,latency_s,0.018905
1756998240.340,latency_s,0.019386
1756998240.340,latency_s,0.019199
1756998240.340,latency_s,0.019686
1756998240.340,latency_s,0.019638
1756998240.340,latency_s,0.019186
1756998240.340,latency_s,0.019610
1756998240.340,latency_s,0.018824
1756998240.340,latency_s,0.019123
1756998240.340,latency_s,0.018083
1756998240.346,latency_s,0.022850
1756998240.346,latency_s,0.022923
1756998240.365,latency_s,0.018996
1756998240.369,latency_s,0.018984
1756998240.423,latency_s,0.020580
1756998240.429,latency_s,0.019107
1756998240.430,latency_s,0.018545
1756998240.430,latency_s,0.018120
1756998240.435,latency_s,0.019069
1756998240.435,latency_s,0.019411
1756998240.435,latency_s,0.019631
1756998240.437,latency_s,0.018982
1756998240.437,latency_s,0.018194
1756998240.441,latency_s,0.020463
1756998240.441,latency_s,0.020627
1756998240.441,latency_s,0.020468
1756998240.441,latency_s,0.020429
1756998240.441,latency_s,0.020003
1756998240.441,latency_s,0.019963
1756998240.441,latency_s,0.020379
1756998240.441,latency_s,0.020305
1756998240.441,latency_s,0.020547
1756998240.441,latency_s,0.018527
1756998240.441,latency_s,0.018181
1756998240.441,latency_s,0.018051
1756998240.466,latency_s,0.018769
1756998240.470,latency_s,0.019212
1756998240.522,latency_s,0.019790
1756998240.530,latency_s,0.018976
1756998240.531,latency_s,0.018680
1756998240.532,latency_s,0.018977
1756998240.534,latency_s,0.018361
1756998240.534,latency_s,0.018410
1756998240.534,latency_s,0.018294
1756998240.537,latency_s,0.018821
1756998240.540,latency_s,0.019738
1756998240.540,latency_s,0.019374
1756998240.540,latency_s,0.019132
1756998240.540,latency_s,0.018980
1756998240.540,latency_s,0.018957
1756998240.540,latency_s,0.018629
1756998240.540,latency_s,0.018960
1756998240.540,latency_s,0.019097
1756998240.540,latency_s,0.018698
1756998240.541,latency_s,0.019152
1756998240.542,latency_s,0.017944
1756998240.542,latency_s,0.018159
1756998240.547,latency_s,0.023018
1756998240.567,latency_s,0.019098
1756998240.569,latency_s,0.018399
1756998240.621,latency_s,0.018760
1756998240.630,latency_s,0.018625
1756998240.633,latency_s,0.019800
1756998240.633,latency_s,0.019942
1756998240.635,latency_s,0.019360
1756998240.635,latency_s,0.019445
1756998240.635,latency_s,0.019120
1756998240.638,latency_s,0.019147
1756998240.639,latency_s,0.018809
1756998240.639,latency_s,0.018611
1756998240.639,latency_s,0.018425
1756998240.640,latency_s,0.018306
1756998240.641,latency_s,0.019235
1756998240.641,latency_s,0.019258
1756998240.641,latency_s,0.019539
1756998240.641,latency_s,0.019306
1756998240.641,latency_s,0.018500
1756998240.641,latency_s,0.019058
1756998240.644,latency_s,0.020113
1756998240.644,latency_s,0.020513
1756998240.648,latency_s,0.023847
1756998240.668,latency_s,0.019480
1756998240.670,latency_s,0.018044
1756998240.722,latency_s,0.019158
1756998240.734,latency_s,0.020890
1756998240.734,latency_s,0.020090
1756998240.734,latency_s,0.020160
1756998240.735,latency_s,0.018805
1756998240.735,latency_s,0.018895
1756998240.736,latency_s,0.018767
1756998240.740,latency_s,0.020617
1756998240.741,latency_s,0.019979
1756998240.741,latency_s,0.019736
1756998240.741,latency_s,0.019495
1756998240.741,latency_s,0.019013
1756998240.741,latency_s,0.018599
1756998240.741,latency_s,0.018872
1756998240.741,latency_s,0.018681
1756998240.741,latency_s,0.018391
1756998240.742,latency_s,0.019484
1756998240.742,latency_s,0.019343
1756998240.742,latency_s,0.018470
1756998240.743,latency_s,0.018500
1756998240.750,latency_s,0.026041
1756998240.767,latency_s,0.018667
1756998240.770,latency_s,0.017926
1756998240.824,latency_s,0.018975
1756998240.834,latency_s,0.019506
1756998240.834,latency_s,0.019789
1756998240.834,latency_s,0.019640
1756998240.837,latency_s,0.020450
1756998240.837,latency_s,0.020148
1756998240.837,latency_s,0.020692
1756998240.842,latency_s,0.022233
1756998240.842,latency_s,0.021796
1756998240.843,latency_s,0.021551
1756998240.843,latency_s,0.020714
1756998240.843,latency_s,0.021055
1756998240.843,latency_s,0.020322
1756998240.843,latency_s,0.020566
1756998240.843,latency_s,0.019840
1756998240.843,latency_s,0.019996
1756998240.843,latency_s,0.019325
1756998240.843,latency_s,0.018701
1756998240.843,latency_s,0.018358
1756998240.843,latency_s,0.018043
1756998240.870,latency_s,0.020944
1756998240.871,latency_s,0.018877
1756998240.927,latency_s,0.019831
1756998240.937,latency_s,0.022599
1756998240.937,latency_s,0.022665
1756998240.937,latency_s,0.022739
1756998240.937,latency_s,0.019790
1756998240.937,latency_s,0.019943
1756998240.938,latency_s,0.020149
1756998240.941,latency_s,0.020488
1756998240.942,latency_s,0.020835
1756998240.942,latency_s,0.020661
1756998240.942,latency_s,0.019917
1756998240.942,latency_s,0.019281
1756998240.942,latency_s,0.019738
1756998240.942,latency_s,0.019414
1756998240.942,latency_s,0.019043
1756998240.942,latency_s,0.019291
1756998240.944,latency_s,0.020260
1756998240.944,latency_s,0.019376
1756998240.944,latency_s,0.019159
1756998240.945,latency_s,0.018595
1756998240.958,latency_s,0.135319
1756998240.958,latency_s,0.034891
1756998240.969,latency_s,0.019425
1756998240.971,latency_s,0.018709
1756998241.028,latency_s,0.019971
1756998241.034,latency_s,0.018624
1756998241.034,latency_s,0.018610
1756998241.034,latency_s,0.018754
1756998241.039,latency_s,0.020698
1756998241.039,latency_s,0.020404
1756998241.039,latency_s,0.020519
1756998241.040,latency_s,0.018921
1756998241.040,latency_s,0.018758
1756998241.040,latency_s,0.018575
1756998241.041,latency_s,0.018857
1756998241.042,latency_s,0.018669
1756998241.042,latency_s,0.018897
1756998241.042,latency_s,0.018768
1756998241.044,latency_s,0.020313
1756998241.044,latency_s,0.020006
1756998241.044,latency_s,0.019396
1756998241.044,latency_s,0.018938
1756998241.044,latency_s,0.018613
1756998241.044,latency_s,0.018019
1756998241.044,latency_s,0.017704
1756998241.069,latency_s,0.019241
1756998241.072,latency_s,0.018669
1756998241.127,latency_s,0.018685
1756998241.138,latency_s,0.022171
1756998241.139,latency_s,0.022466
1756998241.139,latency_s,0.022506
1756998241.139,latency_s,0.020232
1756998241.139,latency_s,0.019959
1756998241.139,latency_s,0.020066
1756998241.141,latency_s,0.019580
1756998241.141,latency_s,0.019223
1756998241.141,latency_s,0.018700
1756998241.142,latency_s,0.018756
1756998241.142,latency_s,0.018916
1756998241.146,latency_s,0.022568
1756998241.146,latency_s,0.021815
1756998241.146,latency_s,0.021660
1756998241.146,latency_s,0.021188
1756998241.146,latency_s,0.022503
1756998241.146,latency_s,0.019547
1756998241.146,latency_s,0.019595
1756998241.146,latency_s,0.019338
1756998241.146,latency_s,0.019540
1756998241.170,latency_s,0.019506
1756998241.173,latency_s,0.018939
1756998241.229,latency_s,0.020124
1756998241.253,latency_s,0.036176
1756998241.253,latency_s,0.033831
1756998241.253,latency_s,0.033817
1756998241.253,latency_s,0.033473
1756998241.253,latency_s,0.033807
1756998241.253,latency_s,0.034010
1756998241.253,latency_s,0.032103
1756998241.255,latency_s,0.032215
1756998241.255,latency_s,0.031887
1756998241.255,latency_s,0.031278
1756998241.255,latency_s,0.031338
1756998241.255,latency_s,0.031189
1756998241.255,latency_s,0.030933
1756998241.255,latency_s,0.027935
1756998241.255,latency_s,0.029581
1756998241.255,latency_s,0.029330
1756998241.255,latency_s,0.027904
1756998241.255,latency_s,0.027758
1756998241.255,latency_s,0.027984
1756998241.255,latency_s,0.028024
1756998241.269,latency_s,0.018739
1756998241.274,latency_s,0.019109
1756998241.329,latency_s,0.019953
1756998241.337,latency_s,0.019567
1756998241.341,latency_s,0.020379
1756998241.341,latency_s,0.020476
1756998241.341,latency_s,0.020112
1756998241.341,latency_s,0.020477
1756998241.341,latency_s,0.020415
1756998241.341,latency_s,0.019664
1756998241.341,latency_s,0.018284
1756998241.344,latency_s,0.019892
1756998241.344,latency_s,0.020011
1756998241.344,latency_s,0.020077
1756998241.344,latency_s,0.018808
1756998241.344,latency_s,0.018573
1756998241.347,latency_s,0.019902
1756998241.358,latency_s,0.030843
1756998241.358,latency_s,0.030675
1756998241.358,latency_s,0.030457
1756998241.358,latency_s,0.030654
1756998241.358,latency_s,0.030699
1756998241.358,latency_s,0.030421
1756998241.370,latency_s,0.019421
1756998241.374,latency_s,0.019053
1756998241.430,latency_s,0.019588
1756998241.437,latency_s,0.018656
1756998241.442,latency_s,0.021253
1756998241.442,latency_s,0.021125
1756998241.442,latency_s,0.020782
1756998241.442,latency_s,0.021362
1756998241.442,latency_s,0.021288
1756998241.442,latency_s,0.020460
1756998241.442,latency_s,0.019042
1756998241.443,latency_s,0.018558
1756998241.443,latency_s,0.018657
1756998241.443,latency_s,0.018568
1756998241.446,latency_s,0.020193
1756998241.446,latency_s,0.020695
1756998241.446,latency_s,0.018524
1756998241.446,latency_s,0.018683
1756998241.452,latency_s,0.024161
1756998241.452,latency_s,0.024513
1756998241.453,latency_s,0.024256
1756998241.453,latency_s,0.024645
1756998241.453,latency_s,0.024491
1756998241.471,latency_s,0.019325
1756998241.475,latency_s,0.018924
1756998241.531,latency_s,0.020100
1756998241.541,latency_s,0.021504
1756998241.541,latency_s,0.019998
1756998241.542,latency_s,0.020405
1756998241.542,latency_s,0.020054
1756998241.542,latency_s,0.020033
1756998241.542,latency_s,0.019717
1756998241.543,latency_s,0.021026
1756998241.543,latency_s,0.018761
1756998241.543,latency_s,0.018569
1756998241.543,latency_s,0.018592
1756998241.543,latency_s,0.018422
1756998241.547,latency_s,0.021002
1756998241.547,latency_s,0.021194
1756998241.547,latency_s,0.019289
1756998241.547,latency_s,0.018997
1756998241.547,latency_s,0.019044
1756998241.557,latency_s,0.029112
1756998241.558,latency_s,0.028963
1756998241.558,latency_s,0.028972
1756998241.558,latency_s,0.029073
1756998241.571,latency_s,0.019203
1756998241.576,latency_s,0.019552
1756998241.631,latency_s,0.019771
1756998241.639,latency_s,0.019056
1756998241.646,latency_s,0.024278
1756998241.646,latency_s,0.023675
1756998241.646,latency_s,0.023396
1756998241.646,latency_s,0.023397
1756998241.646,latency_s,0.023792
1756998241.646,latency_s,0.023756
1756998241.646,latency_s,0.021213
1756998241.646,latency_s,0.020909
1756998241.646,latency_s,0.021156
1756998241.646,latency_s,0.020615
1756998241.646,latency_s,0.019977
1756998241.646,latency_s,0.019708
1756998241.650,latency_s,0.021699
1756998241.650,latency_s,0.021279
1756998241.650,latency_s,0.021311
1756998241.650,latency_s,0.021872
1756998241.651,latency_s,0.021529
1756998241.651,latency_s,0.022139
1756998241.660,latency_s,0.031325
1756998241.672,latency_s,0.020316
1756998241.677,latency_s,0.018998
1756998241.731,latency_s,0.019846
1756998241.744,latency_s,0.022449
1756998241.744,latency_s,0.022643
1756998241.744,latency_s,0.022301
1756998241.744,latency_s,0.021976
1756998241.745,latency_s,0.022383
1756998241.745,latency_s,0.021697
1756998241.745,latency_s,0.021854
1756998241.745,latency_s,0.019762
1756998241.745,latency_s,0.019627
1756998241.745,latency_s,0.019309
1756998241.748,latency_s,0.021729
1756998241.748,latency_s,0.020568
1756998241.748,latency_s,0.020685
1756998241.748,latency_s,0.018999
1756998241.748,latency_s,0.019064
1756998241.748,latency_s,0.018926
1756998241.748,latency_s,0.018500
1756998241.748,latency_s,0.019098
1756998241.748,latency_s,0.018663
1756998241.751,latency_s,0.021272
1756998241.773,latency_s,0.020176
1756998241.777,latency_s,0.019125
1756998241.831,latency_s,0.018991
1756998241.844,latency_s,0.022185
1756998241.844,latency_s,0.021864
1756998241.844,latency_s,0.021837
1756998241.844,latency_s,0.022394
1756998241.844,latency_s,0.021376
1756998241.844,latency_s,0.021597
1756998241.844,latency_s,0.021389
1756998241.844,latency_s,0.019105
1756998241.844,latency_s,0.018843
1756998241.845,latency_s,0.019064
1756998241.845,latency_s,0.019245
1756998241.848,latency_s,0.019104
1756998241.850,latency_s,0.019706
1756998241.850,latency_s,0.020729
1756998241.851,latency_s,0.020753
1756998241.851,latency_s,0.018875
1756998241.854,latency_s,0.022151
1756998241.860,latency_s,0.027931
1756998241.860,latency_s,0.026833
1756998241.860,latency_s,0.025525
1756998241.873,latency_s,0.019756
1756998241.877,latency_s,0.018366
1756998241.933,latency_s,0.020223
1756998241.943,latency_s,0.021357
1756998241.944,latency_s,0.021416
1756998241.944,latency_s,0.020979
1756998241.944,latency_s,0.021109
1756998241.944,latency_s,0.020582
1756998241.944,latency_s,0.020082
1756998241.944,latency_s,0.019990
1756998241.948,latency_s,0.021414
1756998241.948,latency_s,0.020752
1756998241.948,latency_s,0.021136
1756998241.948,latency_s,0.021889
1756998241.948,latency_s,0.018926
1756998241.948,latency_s,0.018010
1756998241.949,latency_s,0.019168
1756998241.950,latency_s,0.019607
1756998241.950,latency_s,0.018212
1756998241.950,latency_s,0.018002
1756998241.960,latency_s,0.025851
1756998241.960,latency_s,0.025668
1756998241.960,latency_s,0.022945
1756998241.975,latency_s,0.019445
1756998241.977,latency_s,0.018300
1756998242.032,latency_s,0.019570
1756998242.046,latency_s,0.023665
1756998242.046,latency_s,0.023320
1756998242.046,latency_s,0.023356
1756998242.046,latency_s,0.023834
1756998242.046,latency_s,0.022849
1756998242.046,latency_s,0.022075
1756998242.046,latency_s,0.021566
1756998242.046,latency_s,0.019799
1756998242.046,latency_s,0.019532
1756998242.046,latency_s,0.019766
1756998242.046,latency_s,0.019109
1756998242.048,latency_s,0.018298
1756998242.049,latency_s,0.018162
1756998242.049,latency_s,0.018558
1756998242.049,latency_s,0.018719
1756998242.051,latency_s,0.018136
1756998242.051,latency_s,0.018409
1756998242.053,latency_s,0.017989
1756998242.054,latency_s,0.018719
1756998242.061,latency_s,0.022821
1756998242.076,latency_s,0.020782
1756998242.078,latency_s,0.018355
1756998242.133,latency_s,0.019160
1756998242.144,latency_s,0.020767
1756998242.144,latency_s,0.020758
1756998242.144,latency_s,0.020590
1756998242.144,latency_s,0.020656
1756998242.144,latency_s,0.020176
1756998242.144,latency_s,0.019622
1756998242.144,latency_s,0.019111
1756998242.145,latency_s,0.018152
1756998242.145,latency_s,0.018151
1756998242.147,latency_s,0.019830
1756998242.147,latency_s,0.019810
1756998242.150,latency_s,0.020431
1756998242.150,latency_s,0.019028
1756998242.151,latency_s,0.019529
1756998242.151,latency_s,0.019488
1756998242.151,latency_s,0.018430
1756998242.151,latency_s,0.018621
1756998242.154,latency_s,0.018336
1756998242.160,latency_s,0.024343
1756998242.160,latency_s,0.021670
1756998242.177,latency_s,0.020691
1756998242.248,latency_s,0.088139
1756998242.248,latency_s,0.033947
1756998242.248,latency_s,0.025299
1756998242.249,latency_s,0.025441
1756998242.249,latency_s,0.024172
1756998242.249,latency_s,0.023196
1756998242.249,latency_s,0.022839
1756998242.249,latency_s,0.023102
1756998242.249,latency_s,0.022933
1756998242.249,latency_s,0.021893
1756998242.249,latency_s,0.022126
1756998242.249,latency_s,0.021530
1756998242.252,latency_s,0.024245
1756998242.257,latency_s,0.026816
1756998242.257,latency_s,0.025788
1756998242.257,latency_s,0.025665
1756998242.257,latency_s,0.025374
1756998242.257,latency_s,0.024089
1756998242.258,latency_s,0.024282
1756998242.258,latency_s,0.021849
1756998242.258,latency_s,0.022001
1756998242.258,latency_s,0.019451
1756998242.276,latency_s,0.018658
1756998242.279,latency_s,0.018906
1756998242.334,latency_s,0.019520
1756998242.343,latency_s,0.019605
1756998242.343,latency_s,0.019570
1756998242.347,latency_s,0.021454
1756998242.347,latency_s,0.021338
1756998242.347,latency_s,0.021211
1756998242.348,latency_s,0.021149
1756998242.348,latency_s,0.021130
1756998242.349,latency_s,0.021379
1756998242.350,latency_s,0.021769
1756998242.350,latency_s,0.020681
1756998242.352,latency_s,0.020327
1756998242.352,latency_s,0.022768
1756998242.359,latency_s,0.026162
1756998242.359,latency_s,0.026029
1756998242.359,latency_s,0.025946
1756998242.359,latency_s,0.025283
1756998242.359,latency_s,0.025217
1756998242.359,latency_s,0.022774
1756998242.359,latency_s,0.022450
1756998242.359,latency_s,0.019710
1756998242.376,latency_s,0.018669
1756998242.379,latency_s,0.018773
1756998242.434,latency_s,0.019332
1756998242.444,latency_s,0.020597
1756998242.444,latency_s,0.020555
1756998242.445,latency_s,0.018420
1756998242.445,latency_s,0.018452
1756998242.445,latency_s,0.018248
1756998242.445,latency_s,0.018389
1756998242.450,latency_s,0.020408
1756998242.450,latency_s,0.020370
1756998242.450,latency_s,0.019408
1756998242.451,latency_s,0.018699
1756998242.451,latency_s,0.018795
1756998242.452,latency_s,0.019555
1756998242.453,latency_s,0.019678
1756998242.460,latency_s,0.027194
1756998242.460,latency_s,0.026991
1756998242.460,latency_s,0.026619
1756998242.460,latency_s,0.026412
1756998242.460,latency_s,0.023654
1756998242.460,latency_s,0.023428
1756998242.460,latency_s,0.020648
1756998242.477,latency_s,0.019312
1756998242.479,latency_s,0.018160
1756998242.535,latency_s,0.019484
1756998242.543,latency_s,0.019673
1756998242.544,latency_s,0.019658
1756998242.548,latency_s,0.021018
1756998242.548,latency_s,0.021001
1756998242.548,latency_s,0.020707
1756998242.548,latency_s,0.020858
1756998242.551,latency_s,0.020552
1756998242.551,latency_s,0.020507
1756998242.551,latency_s,0.019690
1756998242.551,latency_s,0.018513
1756998242.551,latency_s,0.018689
1756998242.553,latency_s,0.020216
1756998242.554,latency_s,0.020127
1756998242.560,latency_s,0.026706
1756998242.560,latency_s,0.026278
1756998242.560,latency_s,0.026761
1756998242.560,latency_s,0.026364
1756998242.561,latency_s,0.023121
1756998242.561,latency_s,0.023137
1756998242.561,latency_s,0.020333
1756998242.577,latency_s,0.019193
1756998242.580,latency_s,0.019125
1756998242.635,latency_s,0.019346
1756998242.645,latency_s,0.019230
1756998242.663,latency_s,0.037558
1756998242.663,latency_s,0.034048
1756998242.663,latency_s,0.033973
1756998242.663,latency_s,0.034208
1756998242.663,latency_s,0.034294
1756998242.663,latency_s,0.032437
1756998242.663,latency_s,0.032360
1756998242.663,latency_s,0.032130
1756998242.663,latency_s,0.030471
1756998242.663,latency_s,0.030415
1756998242.663,latency_s,0.029556
1756998242.663,latency_s,0.029670
1756998242.663,latency_s,0.029172
1756998242.663,latency_s,0.029535
1756998242.664,latency_s,0.029328
1756998242.664,latency_s,0.029403
1756998242.664,latency_s,0.026160
1756998242.664,latency_s,0.025962
1756998242.664,latency_s,0.022756
1756998242.678,latency_s,0.019631
1756998242.680,latency_s,0.018397
1756998242.735,latency_s,0.018470
1756998242.746,latency_s,0.019707
1756998242.746,latency_s,0.020091
1756998242.754,latency_s,0.024405
1756998242.754,latency_s,0.024389
1756998242.754,latency_s,0.024492
1756998242.754,latency_s,0.024544
1756998242.754,latency_s,0.023012
1756998242.755,latency_s,0.022836
1756998242.755,latency_s,0.023014
1756998242.755,latency_s,0.021629
1756998242.761,latency_s,0.026885
1756998242.761,latency_s,0.027326
1756998242.761,latency_s,0.027994
1756998242.761,latency_s,0.026890
1756998242.761,latency_s,0.026611
1756998242.761,latency_s,0.026735
1756998242.761,latency_s,0.027183
1756998242.761,latency_s,0.023232
1756998242.762,latency_s,0.023305
1756998242.762,latency_s,0.020354
1756998242.778,latency_s,0.019279
1756998242.782,latency_s,0.019991
1756998242.836,latency_s,0.018889
1756998242.847,latency_s,0.020648
1756998242.848,latency_s,0.021029
1756998242.852,latency_s,0.021121
1756998242.852,latency_s,0.021267
1756998242.853,latency_s,0.022049
1756998242.853,latency_s,0.022191
1756998242.853,latency_s,0.021143
1756998242.853,latency_s,0.020561
1756998242.853,latency_s,0.020759
1756998242.853,latency_s,0.019423
1756998242.863,latency_s,0.029165
1756998242.863,latency_s,0.028692
1756998242.863,latency_s,0.028324
1756998242.863,latency_s,0.028386
1756998242.863,latency_s,0.028440
1756998242.863,latency_s,0.028221
1756998242.863,latency_s,0.028166
1756998242.863,latency_s,0.024512
1756998242.863,latency_s,0.024342
1756998242.863,latency_s,0.021639
1756998242.879,latency_s,0.019075
1756998242.881,latency_s,0.018647
1756998242.938,latency_s,0.019502
1756998242.947,latency_s,0.019863
1756998242.947,latency_s,0.018284
1756998242.950,latency_s,0.018923
1756998242.950,latency_s,0.019177
1756998242.950,latency_s,0.018942
1756998242.950,latency_s,0.018380
1756998242.951,latency_s,0.017995
1756998242.951,latency_s,0.018096
1756998242.951,latency_s,0.018473
1756998242.955,latency_s,0.021234
1756998242.956,latency_s,0.021102
1756998242.956,latency_s,0.021081
1756998242.962,latency_s,0.026649
1756998242.962,latency_s,0.026623
1756998242.962,latency_s,0.026353
1756998242.962,latency_s,0.026820
1756998242.962,latency_s,0.026362
1756998242.962,latency_s,0.022477
1756998242.962,latency_s,0.021470
1756998242.962,latency_s,0.019241
1756998242.980,latency_s,0.019350
1756998242.981,latency_s,0.018463
1756998243.039,latency_s,0.019424
1756998243.048,latency_s,0.021040
1756998243.049,latency_s,0.019281
1756998243.052,latency_s,0.020731
1756998243.052,latency_s,0.021046
1756998243.052,latency_s,0.020590
1756998243.053,latency_s,0.020246
1756998243.053,latency_s,0.019891
1756998243.053,latency_s,0.019784
1756998243.053,latency_s,0.018852
1756998243.055,latency_s,0.019772
1756998243.064,latency_s,0.028809
1756998243.064,latency_s,0.028569
1756998243.064,latency_s,0.029414
1756998243.065,latency_s,0.029138
1756998243.065,latency_s,0.029400
1756998243.065,latency_s,0.028912
1756998243.065,latency_s,0.028902
1756998243.065,latency_s,0.025293
1756998243.065,latency_s,0.024335
1756998243.066,latency_s,0.022890
1756998243.079,latency_s,0.018930
1756998243.081,latency_s,0.018491
1756998243.141,latency_s,0.020826
1756998243.148,latency_s,0.019535
1756998243.150,latency_s,0.019719
1756998243.150,latency_s,0.017841
1756998243.152,latency_s,0.019824
1756998243.152,latency_s,0.019729
1756998243.167,latency_s,0.034053
1756998243.167,latency_s,0.033733
1756998243.167,latency_s,0.033788
1756998243.167,latency_s,0.032892
1756998243.167,latency_s,0.031983
1756998243.167,latency_s,0.031236
1756998243.167,latency_s,0.031658
1756998243.167,latency_s,0.031720
1756998243.167,latency_s,0.031258
1756998243.167,latency_s,0.030896
1756998243.167,latency_s,0.031058
1756998243.167,latency_s,0.029682
1756998243.167,latency_s,0.025792
1756998243.167,latency_s,0.025823
1756998243.167,latency_s,0.023842
1756998243.180,latency_s,0.018924
1756998243.182,latency_s,0.018521
1756998243.241,latency_s,0.020355
1756998243.249,latency_s,0.019369
1756998243.251,latency_s,0.019634
1756998243.251,latency_s,0.018743
1756998243.252,latency_s,0.018791
1756998243.252,latency_s,0.019094
1756998243.279,latency_s,0.045964
1756998243.279,latency_s,0.045938
1756998243.279,latency_s,0.045820
1756998243.279,latency_s,0.044767
1756998243.279,latency_s,0.043787
1756998243.279,latency_s,0.043192
1756998243.279,latency_s,0.043673
1756998243.280,latency_s,0.043877
1756998243.280,latency_s,0.042795
1756998243.280,latency_s,0.043614
1756998243.280,latency_s,0.043398
1756998243.280,latency_s,0.041093
1756998243.280,latency_s,0.037669
1756998243.280,latency_s,0.036672
1756998243.280,latency_s,0.035794
1756998243.281,latency_s,0.019008
1756998243.295,latency_s,0.031152
1756998243.340,latency_s,0.019296
1756998243.348,latency_s,0.018525
1756998243.353,latency_s,0.019207
1756998243.353,latency_s,0.019324
1756998243.353,latency_s,0.019342
1756998243.356,latency_s,0.022263
1756998243.368,latency_s,0.032652
1756998243.368,latency_s,0.032416
1756998243.368,latency_s,0.032457
1756998243.368,latency_s,0.033071
1756998243.368,latency_s,0.032217
1756998243.369,latency_s,0.032534
1756998243.369,latency_s,0.033152
1756998243.369,latency_s,0.033109
1756998243.369,latency_s,0.032081
1756998243.369,latency_s,0.032081
1756998243.369,latency_s,0.031421
1756998243.369,latency_s,0.029405
1756998243.369,latency_s,0.026587
1756998243.369,latency_s,0.025069
1756998243.369,latency_s,0.024147
1756998243.402,latency_s,0.040426
1756998243.403,latency_s,0.038072
1756998243.441,latency_s,0.019753
1756998243.449,latency_s,0.018909
1756998243.456,latency_s,0.022737
1756998243.456,latency_s,0.022875
1756998243.456,latency_s,0.022341
1756998243.456,latency_s,0.022664
1756998243.457,latency_s,0.020558
1756998243.457,latency_s,0.020853
1756998243.457,latency_s,0.020722
1756998243.457,latency_s,0.020915
1756998243.457,latency_s,0.020155
1756998243.457,latency_s,0.020599
1756998243.457,latency_s,0.020448
1756998243.470,latency_s,0.033391
1756998243.470,latency_s,0.033158
1756998243.470,latency_s,0.032809
1756998243.470,latency_s,0.031834
1756998243.470,latency_s,0.030095
1756998243.470,latency_s,0.027212
1756998243.470,latency_s,0.026139
1756998243.470,latency_s,0.024839
1756998243.482,latency_s,0.019511
1756998243.484,latency_s,0.019655
1756998243.542,latency_s,0.019654
1756998243.550,latency_s,0.018995
1756998243.553,latency_s,0.019211
1756998243.553,latency_s,0.019310
1756998243.554,latency_s,0.019329
1756998243.558,latency_s,0.024234
1756998243.559,latency_s,0.021441
1756998243.559,latency_s,0.021789
1756998243.559,latency_s,0.021355
1756998243.559,latency_s,0.022062
1756998243.559,latency_s,0.022222
1756998243.559,latency_s,0.022326
1756998243.559,latency_s,0.022264
1756998243.559,latency_s,0.021965
1756998243.559,latency_s,0.022293
1756998243.559,latency_s,0.022524
1756998243.568,latency_s,0.029556
1756998243.568,latency_s,0.026605
1756998243.568,latency_s,0.024781
1756998243.568,latency_s,0.023515
1756998243.568,latency_s,0.022873
1756998243.585,latency_s,0.021950
1756998243.585,latency_s,0.020123
1756998243.642,latency_s,0.019364
1756998243.649,latency_s,0.017832
1756998243.659,latency_s,0.024243
1756998243.659,latency_s,0.024257
1756998243.659,latency_s,0.024447
1756998243.659,latency_s,0.024325
1756998243.659,latency_s,0.022311
1756998243.673,latency_s,0.035381
1756998243.673,latency_s,0.035572
1756998243.673,latency_s,0.035248
1756998243.673,latency_s,0.036077
1756998243.673,latency_s,0.035690
1756998243.673,latency_s,0.035373
1756998243.673,latency_s,0.035815
1756998243.673,latency_s,0.035739
1756998243.673,latency_s,0.035426
1756998243.673,latency_s,0.033990
1756998243.673,latency_s,0.030405
1756998243.673,latency_s,0.028972
1756998243.673,latency_s,0.028040
1756998243.673,latency_s,0.026915
1756998243.682,latency_s,0.018732
1756998243.685,latency_s,0.018824
1756998243.743,latency_s,0.019722
1756998243.751,latency_s,0.019140
1756998243.754,latency_s,0.019475
1756998243.755,latency_s,0.019307
1756998243.755,latency_s,0.019313
1756998243.759,latency_s,0.023621
1756998243.759,latency_s,0.021662
1756998243.759,latency_s,0.021769
1756998243.759,latency_s,0.021807
1756998243.759,latency_s,0.021586
1756998243.759,latency_s,0.021819
1756998243.760,latency_s,0.021584
1756998243.760,latency_s,0.021725
1756998243.760,latency_s,0.021526
1756998243.760,latency_s,0.020962
1756998243.771,latency_s,0.032255
1756998243.771,latency_s,0.029554
1756998243.771,latency_s,0.027758
1756998243.771,latency_s,0.025799
1756998243.771,latency_s,0.025355
1756998243.771,latency_s,0.024712
1756998243.783,latency_s,0.018501
1756998243.786,latency_s,0.018767
1756998243.844,latency_s,0.020203
1756998243.852,latency_s,0.019328
1756998243.860,latency_s,0.023903
1756998243.860,latency_s,0.023833
1756998243.860,latency_s,0.023798
1756998243.860,latency_s,0.023829
1756998243.860,latency_s,0.022148
1756998243.860,latency_s,0.022054
1756998243.860,latency_s,0.022257
1756998243.860,latency_s,0.021929
1756998243.860,latency_s,0.022152
1756998243.860,latency_s,0.021918
1756998243.860,latency_s,0.021923
1756998243.860,latency_s,0.021381
1756998243.860,latency_s,0.021396
1756998243.860,latency_s,0.018991
1756998243.867,latency_s,0.025341
1756998243.867,latency_s,0.023050
1756998243.867,latency_s,0.021421
1756998243.868,latency_s,0.021178
1756998243.868,latency_s,0.020897
1756998243.886,latency_s,0.020616
1756998243.886,latency_s,0.018556
1756998243.944,latency_s,0.019898
1756998243.952,latency_s,0.018930
1756998243.956,latency_s,0.019708
1756998243.956,latency_s,0.019893
1756998243.957,latency_s,0.018636
1756998243.961,latency_s,0.023603
1756998243.961,latency_s,0.022175
1756998243.961,latency_s,0.023256
1756998243.961,latency_s,0.022091
1756998243.961,latency_s,0.023455
1756998243.961,latency_s,0.023052
1756998243.961,latency_s,0.023164
1756998243.961,latency_s,0.023167
1756998243.962,latency_s,0.022942
1756998243.962,latency_s,0.023447
1756998243.962,latency_s,0.019502
1756998243.967,latency_s,0.024398
1756998243.967,latency_s,0.021575
1756998243.967,latency_s,0.021204
1756998243.967,latency_s,0.020478
1756998243.967,latency_s,0.020556
1756998243.984,latency_s,0.018944
1756998243.987,latency_s,0.018395
1756998244.045,latency_s,0.019505
1756998244.053,latency_s,0.019308
1756998244.056,latency_s,0.019699
1756998244.056,latency_s,0.019625
1756998244.061,latency_s,0.021803
1756998244.061,latency_s,0.022499
1756998244.062,latency_s,0.022518
1756998244.062,latency_s,0.022879
1756998244.062,latency_s,0.022458
1756998244.062,latency_s,0.022482
1756998244.062,latency_s,0.021794
1756998244.062,latency_s,0.022860
1756998244.062,latency_s,0.022810
1756998244.062,latency_s,0.022500
1756998244.062,latency_s,0.023086
1756998244.068,latency_s,0.025119
1756998244.068,latency_s,0.024882
1756998244.068,latency_s,0.021125
1756998244.068,latency_s,0.021553
1756998244.068,latency_s,0.021498
1756998244.068,latency_s,0.020950
1756998244.085,latency_s,0.019547
1756998244.088,latency_s,0.019205
1756998244.145,latency_s,0.019203
1756998244.154,latency_s,0.019804
1756998244.159,latency_s,0.021396
1756998244.159,latency_s,0.021407
1756998244.159,latency_s,0.019079
1756998244.159,latency_s,0.019033
1756998244.159,latency_s,0.020206
1756998244.159,latency_s,0.020270
1756998244.162,latency_s,0.022785
1756998244.162,latency_s,0.022795
1756998244.162,latency_s,0.022656
1756998244.162,latency_s,0.022313
1756998244.162,latency_s,0.022350
1756998244.162,latency_s,0.022198
1756998244.169,latency_s,0.024975
1756998244.169,latency_s,0.024770
1756998244.169,latency_s,0.021148
1756998244.169,latency_s,0.021119
1756998244.169,latency_s,0.021187
1756998244.169,latency_s,0.021351
1756998244.185,latency_s,0.018967
1756998244.187,latency_s,0.017939
1756998244.247,latency_s,0.020133
1756998244.254,latency_s,0.019181
1756998244.260,latency_s,0.022482
1756998244.261,latency_s,0.022689
1756998244.261,latency_s,0.020785
1756998244.277,latency_s,0.036795
1756998244.277,latency_s,0.037214
1756998244.277,latency_s,0.036349
1756998244.278,latency_s,0.037608
1756998244.278,latency_s,0.037326
1756998244.278,latency_s,0.038152
1756998244.278,latency_s,0.037586
1756998244.278,latency_s,0.038256
1756998244.278,latency_s,0.038054
1756998244.278,latency_s,0.034473
1756998244.278,latency_s,0.033026
1756998244.278,latency_s,0.030141
1756998244.278,latency_s,0.029832
1756998244.278,latency_s,0.029879
1756998244.278,latency_s,0.029922
1756998244.279,latency_s,0.139927
1756998244.279,latency_s,0.039380
1756998244.286,latency_s,0.018773
1756998244.292,latency_s,0.021782
1756998244.346,latency_s,0.019437
1756998244.353,latency_s,0.018341
1756998244.361,latency_s,0.021385
1756998244.361,latency_s,0.020341
1756998244.362,latency_s,0.020610
1756998244.362,latency_s,0.020800
1756998244.362,latency_s,0.020801
1756998244.362,latency_s,0.021216
1756998244.362,latency_s,0.021055
1756998244.362,latency_s,0.021005
1756998244.376,latency_s,0.034854
1756998244.376,latency_s,0.035141
1756998244.376,latency_s,0.034702
1756998244.376,latency_s,0.034663
1756998244.376,latency_s,0.035281
1756998244.376,latency_s,0.030486
1756998244.376,latency_s,0.027061
1756998244.376,latency_s,0.027057
1756998244.376,latency_s,0.027071
1756998244.376,latency_s,0.026999
1756998244.376,latency_s,0.025487
1756998244.386,latency_s,0.018961
1756998244.389,latency_s,0.018383
1756998244.447,latency_s,0.019344
1756998244.457,latency_s,0.021075
1756998244.458,latency_s,0.018396
1756998244.460,latency_s,0.019441
1756998244.460,latency_s,0.019443
1756998244.460,latency_s,0.019561
1756998244.460,latency_s,0.019419
1756998244.461,latency_s,0.020012
1756998244.461,latency_s,0.019584
1756998244.461,latency_s,0.019725
1756998244.461,latency_s,0.019366
1756998244.461,latency_s,0.019395
1756998244.461,latency_s,0.020230
1756998244.461,latency_s,0.019195
1756998244.462,latency_s,0.019792
1756998244.471,latency_s,0.025042
1756998244.471,latency_s,0.022168
1756998244.471,latency_s,0.021901
1756998244.471,latency_s,0.021723
1756998244.471,latency_s,0.021792
1756998244.471,latency_s,0.020478
1756998244.487,latency_s,0.019249
1756998244.489,latency_s,0.018437
1756998244.547,latency_s,0.019125
1756998244.555,latency_s,0.018615
1756998244.559,latency_s,0.019045
1756998244.560,latency_s,0.018122
1756998244.560,latency_s,0.018394
1756998244.564,latency_s,0.021901
1756998244.564,latency_s,0.022104
1756998244.564,latency_s,0.021425
1756998244.564,latency_s,0.021563
1756998244.564,latency_s,0.021770
1756998244.564,latency_s,0.021236
1756998244.564,latency_s,0.021319
1756998244.564,latency_s,0.021684
1756998244.564,latency_s,0.021966
1756998244.564,latency_s,0.022592
1756998244.571,latency_s,0.024584
1756998244.572,latency_s,0.021954
1756998244.572,latency_s,0.022024
1756998244.572,latency_s,0.021685
1756998244.572,latency_s,0.021810
1756998244.572,latency_s,0.020793
1756998244.587,latency_s,0.018600
1756998244.590,latency_s,0.018561
1756998244.650,latency_s,0.019475
1756998244.656,latency_s,0.019121
1756998244.659,latency_s,0.018645
1756998244.662,latency_s,0.019669
1756998244.662,latency_s,0.019887
1756998244.662,latency_s,0.019845
1756998244.662,latency_s,0.019716
1756998244.666,latency_s,0.023663
1756998244.666,latency_s,0.023145
1756998244.671,latency_s,0.026715
1756998244.671,latency_s,0.028018
1756998244.671,latency_s,0.022820
1756998244.671,latency_s,0.023887
1756998244.671,latency_s,0.022756
1756998244.671,latency_s,0.019805
1756998244.678,latency_s,0.024633
1756998244.678,latency_s,0.024820
1756998244.678,latency_s,0.024555
1756998244.678,latency_s,0.026817
1756998244.678,latency_s,0.024550
1756998244.678,latency_s,0.024088
1756998244.689,latency_s,0.019892
1756998244.691,latency_s,0.019065
1756998244.752,latency_s,0.019511
1756998244.757,latency_s,0.019497
1756998244.760,latency_s,0.019041
1756998244.763,latency_s,0.020444
1756998244.763,latency_s,0.020453
1756998244.763,latency_s,0.020594
1756998244.763,latency_s,0.020364
1756998244.763,latency_s,0.020642
1756998244.764,latency_s,0.020919
1756998244.768,latency_s,0.019510
1756998244.769,latency_s,0.020077
1756998244.775,latency_s,0.023728
1756998244.777,latency_s,0.025516
1756998244.777,latency_s,0.025552
1756998244.778,latency_s,0.026039
1756998244.778,latency_s,0.025917
1756998244.778,latency_s,0.023670
1756998244.778,latency_s,0.023494
1756998244.778,latency_s,0.023843
1756998244.778,latency_s,0.021887
1756998244.778,latency_s,0.021324
1756998244.789,latency_s,0.019301
1756998244.792,latency_s,0.019333
1756998244.854,latency_s,0.020246
1756998244.857,latency_s,0.019252
1756998244.860,latency_s,0.019430
1756998244.865,latency_s,0.021691
1756998244.865,latency_s,0.021977
1756998244.865,latency_s,0.021692
1756998244.865,latency_s,0.021345
1756998244.865,latency_s,0.021461
1756998244.865,latency_s,0.021320
1756998244.868,latency_s,0.019463
1756998244.868,latency_s,0.019354
1756998244.874,latency_s,0.022100
1756998244.874,latency_s,0.022035
1756998244.874,latency_s,0.022225
1756998244.875,latency_s,0.022293
1756998244.875,latency_s,0.022252
1756998244.875,latency_s,0.020368
1756998244.875,latency_s,0.020114
1756998244.877,latency_s,0.022617
1756998244.877,latency_s,0.021153
1756998244.878,latency_s,0.020700
1756998244.890,latency_s,0.020479
1756998244.892,latency_s,0.019030
1756998244.954,latency_s,0.019754
1756998244.958,latency_s,0.019603
1756998244.960,latency_s,0.018354
1756998244.965,latency_s,0.021561
1756998244.965,latency_s,0.021568
1756998244.965,latency_s,0.021391
1756998244.965,latency_s,0.021391
1756998244.965,latency_s,0.021896
1756998244.966,latency_s,0.021985
1756998244.970,latency_s,0.019898
1756998244.970,latency_s,0.019963
1756998244.975,latency_s,0.022001
1756998244.975,latency_s,0.022242
1756998244.976,latency_s,0.023081
1756998244.976,latency_s,0.022995
1756998244.976,latency_s,0.022937
1756998244.976,latency_s,0.020813
1756998244.976,latency_s,0.020757
1756998244.976,latency_s,0.020785
1756998244.977,latency_s,0.019711
1756998244.980,latency_s,0.022710
1756998244.990,latency_s,0.019371
1756998244.993,latency_s,0.019514
1756998245.057,latency_s,0.021831
1756998245.060,latency_s,0.021309
1756998245.060,latency_s,0.018473
1756998245.064,latency_s,0.019847
1756998245.064,latency_s,0.019627
1756998245.064,latency_s,0.019943
1756998245.064,latency_s,0.019977
1756998245.065,latency_s,0.020478
1756998245.065,latency_s,0.020177
1756998245.070,latency_s,0.019605
1756998245.071,latency_s,0.020566
1756998245.077,latency_s,0.023387
1756998245.078,latency_s,0.023589
1756998245.078,latency_s,0.023159
1756998245.078,latency_s,0.023670
1756998245.079,latency_s,0.024335
1756998245.079,latency_s,0.023810
1756998245.079,latency_s,0.023317
1756998245.079,latency_s,0.023708
1756998245.079,latency_s,0.021873
1756998245.079,latency_s,0.020488
1756998245.090,latency_s,0.019789
1756998245.093,latency_s,0.019140
1756998245.156,latency_s,0.019593
1756998245.160,latency_s,0.020466
1756998245.161,latency_s,0.018937
1756998245.163,latency_s,0.018743
1756998245.163,latency_s,0.018739
1756998245.164,latency_s,0.019053
1756998245.164,latency_s,0.019308
1756998245.164,latency_s,0.019613
1756998245.165,latency_s,0.019711
1756998245.172,latency_s,0.020797
1756998245.172,latency_s,0.020866
1756998245.174,latency_s,0.019540
1756998245.174,latency_s,0.019357
1756998245.176,latency_s,0.021565
1756998245.176,latency_s,0.021689
1756998245.177,latency_s,0.021990
1756998245.177,latency_s,0.021306
1756998245.177,latency_s,0.020787
1756998245.177,latency_s,0.021139
1756998245.177,latency_s,0.019572
1756998245.179,latency_s,0.019405
1756998245.190,latency_s,0.018771
1756998245.193,latency_s,0.018464
1756998245.257,latency_s,0.019187
1756998245.261,latency_s,0.020497
1756998245.262,latency_s,0.019465
1756998245.266,latency_s,0.020640
1756998245.266,latency_s,0.019949
1756998245.266,latency_s,0.020236
1756998245.266,latency_s,0.019859
1756998245.267,latency_s,0.022264
1756998245.268,latency_s,0.021768
1756998245.272,latency_s,0.020107
1756998245.272,latency_s,0.021044
1756998245.275,latency_s,0.020059
1756998245.275,latency_s,0.019686
1756998245.275,latency_s,0.020175
1756998245.275,latency_s,0.020156
1756998245.275,latency_s,0.020368
1756998245.275,latency_s,0.019625
1756998245.276,latency_s,0.019506
1756998245.276,latency_s,0.019848
1756998245.283,latency_s,0.025246
1756998245.283,latency_s,0.021900
1756998245.290,latency_s,0.018532
1756998245.295,latency_s,0.019409
1756998245.361,latency_s,0.021138
1756998245.361,latency_s,0.020692
1756998245.363,latency_s,0.018973
1756998245.365,latency_s,0.019670
1756998245.365,latency_s,0.019675
1756998245.365,latency_s,0.019719
1756998245.365,latency_s,0.019436
1756998245.369,latency_s,0.022094
1756998245.369,latency_s,0.022190
1756998245.371,latency_s,0.019292
1756998245.371,latency_s,0.019206
1756998245.375,latency_s,0.019641
1756998245.375,latency_s,0.019130
1756998245.375,latency_s,0.019932
1756998245.375,latency_s,0.019128
1756998245.375,latency_s,0.019361
1756998245.376,latency_s,0.019216
1756998245.376,latency_s,0.019271
1756998245.376,latency_s,0.019036
1756998245.378,latency_s,0.020412
1756998245.381,latency_s,0.018453
1756998245.391,latency_s,0.018985
1756998245.394,latency_s,0.018710
1756998245.461,latency_s,0.019798
1756998245.464,latency_s,0.019590
1756998245.464,latency_s,0.019493
1756998245.466,latency_s,0.020647
1756998245.467,latency_s,0.020691
1756998245.467,latency_s,0.020252
1756998245.467,latency_s,0.021354
1756998245.468,latency_s,0.020757
1756998245.468,latency_s,0.020543
1756998245.472,latency_s,0.019713
1756998245.472,latency_s,0.020045
1756998245.473,latency_s,0.017978
1756998245.475,latency_s,0.018386
1756998245.480,latency_s,0.023279
1756998245.480,latency_s,0.023821
1756998245.480,latency_s,0.023227
1756998245.480,latency_s,0.023130
1756998245.481,latency_s,0.024376
1756998245.482,latency_s,0.023834
1756998245.482,latency_s,0.023418
1756998245.482,latency_s,0.019044
1756998245.491,latency_s,0.018976
1756998245.495,latency_s,0.019394
1756998245.562,latency_s,0.020087
1756998245.562,latency_s,0.018023
1756998245.569,latency_s,0.022521
1756998245.569,latency_s,0.022663
1756998245.569,latency_s,0.022671
1756998245.569,latency_s,0.022330
1756998245.569,latency_s,0.021552
1756998245.569,latency_s,0.020640
1756998245.570,latency_s,0.020941
1756998245.572,latency_s,0.018885
1756998245.572,latency_s,0.018920
1756998245.573,latency_s,0.017911
1756998245.579,latency_s,0.022043
1756998245.579,latency_s,0.021782
1756998245.579,latency_s,0.021455
1756998245.579,latency_s,0.022023
1756998245.579,latency_s,0.020828
1756998245.585,latency_s,0.027184
1756998245.585,latency_s,0.027208
1756998245.585,latency_s,0.027633
1756998245.585,latency_s,0.021942
1756998245.592,latency_s,0.019076
1756998245.596,latency_s,0.018501
1756998245.662,latency_s,0.020024
1756998245.664,latency_s,0.018929
1756998245.667,latency_s,0.020802
1756998245.668,latency_s,0.020813
1756998245.668,latency_s,0.020889
1756998245.668,latency_s,0.020376
1756998245.668,latency_s,0.019580
1756998245.668,latency_s,0.018520
1756998245.668,latency_s,0.018456
1756998245.672,latency_s,0.018754
1756998245.672,latency_s,0.018825
1756998245.674,latency_s,0.018232
1756998245.679,latency_s,0.019808
1756998245.679,latency_s,0.019860
1756998245.679,latency_s,0.020265
1756998245.679,latency_s,0.020432
1756998245.679,latency_s,0.019722
1756998245.679,latency_s,0.020104
1756998245.679,latency_s,0.020621
1756998245.679,latency_s,0.020619
1756998245.684,latency_s,0.020211
1756998245.693,latency_s,0.020497
1756998245.697,latency_s,0.018378
1756998245.762,latency_s,0.019562
1756998245.765,latency_s,0.019963
1756998245.768,latency_s,0.020018
1756998245.768,latency_s,0.019807
1756998245.768,latency_s,0.019936
1756998245.768,latency_s,0.019617
1756998245.768,latency_s,0.020003
1756998245.770,latency_s,0.020049
1756998245.770,latency_s,0.019584
1756998245.772,latency_s,0.018037
1756998245.772,latency_s,0.018391
1756998245.775,latency_s,0.018042
1756998245.793,latency_s,0.034110
1756998245.793,latency_s,0.034096
1756998245.794,latency_s,0.033701
1756998245.794,latency_s,0.033983
1756998245.794,latency_s,0.034061
1756998245.794,latency_s,0.033900
1756998245.794,latency_s,0.034487
1756998245.794,latency_s,0.033169
1756998245.794,latency_s,0.029671
1756998245.794,latency_s,0.020363
1756998245.798,latency_s,0.018883
1756998245.863,latency_s,0.019663
1756998245.864,latency_s,0.018829
1756998245.867,latency_s,0.019316
1756998245.867,latency_s,0.019224
1756998245.867,latency_s,0.019254
1756998245.868,latency_s,0.019468
1756998245.868,latency_s,0.019294
1756998245.871,latency_s,0.020030
1756998245.872,latency_s,0.019791
1756998245.873,latency_s,0.018955
1756998245.880,latency_s,0.025924
1756998245.880,latency_s,0.022978
1756998245.880,latency_s,0.021100
1756998245.880,latency_s,0.020805
1756998245.880,latency_s,0.020588
1756998245.881,latency_s,0.020472
1756998245.881,latency_s,0.020334
1756998245.883,latency_s,0.022022
1756998245.883,latency_s,0.023736
1756998245.883,latency_s,0.023095
1756998245.883,latency_s,0.019009
1756998245.893,latency_s,0.018765
1756998245.898,latency_s,0.019083
1756998245.962,latency_s,0.018947
1756998245.966,latency_s,0.019987
1756998245.966,latency_s,0.018101
1756998245.967,latency_s,0.018634
1756998245.967,latency_s,0.018765
1756998245.967,latency_s,0.018221
1756998245.967,latency_s,0.018368
1756998245.971,latency_s,0.019035
1756998245.971,latency_s,0.018815
1756998245.974,latency_s,0.018866
1756998245.974,latency_s,0.019012
1756998245.981,latency_s,0.023062
1756998245.981,latency_s,0.021543
1756998245.981,latency_s,0.021067
1756998245.981,latency_s,0.021270
1756998245.981,latency_s,0.020284
1756998245.981,latency_s,0.021184
1756998245.981,latency_s,0.020334
1756998245.981,latency_s,0.020003
1756998245.981,latency_s,0.021061
1756998245.984,latency_s,0.018914
1756998245.993,latency_s,0.018630
1756998246.000,latency_s,0.020647
1756998246.064,latency_s,0.019948
1756998246.064,latency_s,0.018206
1756998246.071,latency_s,0.022653
1756998246.071,latency_s,0.022325
1756998246.071,latency_s,0.022435
1756998246.071,latency_s,0.022045
1756998246.071,latency_s,0.021835
1756998246.071,latency_s,0.019116
1756998246.071,latency_s,0.018987
1756998246.074,latency_s,0.019168
1756998246.075,latency_s,0.019220
1756998246.080,latency_s,0.021563
1756998246.080,latency_s,0.020477
1756998246.080,latency_s,0.019804
1756998246.086,latency_s,0.024796
1756998246.086,latency_s,0.024613
1756998246.086,latency_s,0.024692
1756998246.086,latency_s,0.024738
1756998246.086,latency_s,0.025327
1756998246.086,latency_s,0.024211
1756998246.086,latency_s,0.021320
1756998246.093,latency_s,0.018400
1756998246.099,latency_s,0.019434
1756998246.164,latency_s,0.019874
1756998246.165,latency_s,0.019078
1756998246.170,latency_s,0.021607
1756998246.171,latency_s,0.022039
1756998246.171,latency_s,0.022183
1756998246.171,latency_s,0.021547
1756998246.172,latency_s,0.021601
1756998246.172,latency_s,0.018768
1756998246.172,latency_s,0.018887
1756998246.175,latency_s,0.018610
1756998246.175,latency_s,0.018826
1756998246.180,latency_s,0.021456
1756998246.181,latency_s,0.019305
1756998246.187,latency_s,0.025963
1756998246.187,latency_s,0.025443
1756998246.187,latency_s,0.026329
1756998246.187,latency_s,0.025303
1756998246.187,latency_s,0.025695
1756998246.187,latency_s,0.025026
1756998246.187,latency_s,0.022388
1756998246.195,latency_s,0.019512
1756998246.199,latency_s,0.018768
1756998246.267,latency_s,0.021745
1756998246.267,latency_s,0.020559
1756998246.269,latency_s,0.019958
1756998246.269,latency_s,0.019654
1756998246.269,latency_s,0.020024
1756998246.269,latency_s,0.019320
1756998246.272,latency_s,0.020408
1756998246.276,latency_s,0.022633
1756998246.276,latency_s,0.022807
1756998246.277,latency_s,0.020140
1756998246.277,latency_s,0.020365
1756998246.281,latency_s,0.021178
1756998246.283,latency_s,0.022026
1756998246.283,latency_s,0.021417
1756998246.283,latency_s,0.021473
1756998246.283,latency_s,0.021127
1756998246.283,latency_s,0.021658
1756998246.283,latency_s,0.021168
1756998246.284,latency_s,0.020882
1756998246.286,latency_s,0.020712
1756998246.299,latency_s,0.022592
1756998246.301,latency_s,0.019406
1756998246.304,latency_s,0.144237
1756998246.304,latency_s,0.043959
1756998246.367,latency_s,0.021159
1756998246.368,latency_s,0.020406
1756998246.372,latency_s,0.021825
1756998246.372,latency_s,0.021984
1756998246.372,latency_s,0.021543
1756998246.372,latency_s,0.022125
1756998246.372,latency_s,0.020479
1756998246.372,latency_s,0.018428
1756998246.372,latency_s,0.018484
1756998246.376,latency_s,0.018320
1756998246.376,latency_s,0.018557
1756998246.379,latency_s,0.018911
1756998246.379,latency_s,0.018997
1756998246.383,latency_s,0.021059
1756998246.383,latency_s,0.021407
1756998246.384,latency_s,0.021491
1756998246.384,latency_s,0.021132
1756998246.384,latency_s,0.021465
1756998246.386,latency_s,0.020731
1756998246.386,latency_s,0.023410
1756998246.386,latency_s,0.023177
1756998246.398,latency_s,0.020893
1756998246.400,latency_s,0.018774
1756998246.469,latency_s,0.021832
1756998246.469,latency_s,0.021318
1756998246.469,latency_s,0.018975
1756998246.469,latency_s,0.018884
1756998246.469,latency_s,0.018288
1756998246.473,latency_s,0.021058
1756998246.473,latency_s,0.020971
1756998246.473,latency_s,0.018595
1756998246.473,latency_s,0.018787
1756998246.477,latency_s,0.018652
1756998246.477,latency_s,0.018876
1756998246.479,latency_s,0.018310
1756998246.482,latency_s,0.018557
1756998246.488,latency_s,0.024831
1756998246.488,latency_s,0.023043
1756998246.488,latency_s,0.023453
1756998246.488,latency_s,0.022991
1756998246.488,latency_s,0.023259
1756998246.489,latency_s,0.023235
1756998246.489,latency_s,0.022877
1756998246.496,latency_s,0.018775
1756998246.501,latency_s,0.018437
1756998246.567,latency_s,0.019344
1756998246.568,latency_s,0.018782
1756998246.571,latency_s,0.020274
1756998246.571,latency_s,0.020262
1756998246.571,latency_s,0.019920
1756998246.589,latency_s,0.036409
1756998246.589,latency_s,0.033254
1756998246.589,latency_s,0.036644
1756998246.589,latency_s,0.033389
1756998246.589,latency_s,0.030031
1756998246.589,latency_s,0.029574
1756998246.589,latency_s,0.028159
1756998246.597,latency_s,0.033207
1756998246.597,latency_s,0.033182
1756998246.597,latency_s,0.031692
1756998246.597,latency_s,0.031995
1756998246.597,latency_s,0.031907
1756998246.597,latency_s,0.030557
1756998246.597,latency_s,0.031213
1756998246.597,latency_s,0.030870
1756998246.597,latency_s,0.019761
1756998246.601,latency_s,0.018527
1756998246.640,latency_s,0.179818
1756998246.641,latency_s,0.079538
1756998246.673,latency_s,0.023007
1756998246.673,latency_s,0.023022
1756998246.673,latency_s,0.021613
1756998246.673,latency_s,0.021474
1756998246.673,latency_s,0.021355
1756998246.673,latency_s,0.019794
1756998246.685,latency_s,0.028685
1756998246.685,latency_s,0.028836
1756998246.685,latency_s,0.028724
1756998246.685,latency_s,0.025540
1756998246.685,latency_s,0.025630
1756998246.685,latency_s,0.023627
1756998246.685,latency_s,0.023738
1756998246.685,latency_s,0.021685
1756998246.685,latency_s,0.021504
1756998246.689,latency_s,0.023609
1756998246.689,latency_s,0.023476
1756998246.689,latency_s,0.023411
1756998246.689,latency_s,0.022377
1756998246.689,latency_s,0.022537
1756998246.689,latency_s,0.022343
1756998246.697,latency_s,0.018992
1756998246.703,latency_s,0.019553
1756998246.769,latency_s,0.019357
1756998246.769,latency_s,0.019183
1756998246.772,latency_s,0.020891
1756998246.773,latency_s,0.020686
1756998246.773,latency_s,0.020442
1756998246.773,latency_s,0.018749
1756998246.777,latency_s,0.019253
1756998246.785,latency_s,0.027117
1756998246.785,latency_s,0.027169
1756998246.785,latency_s,0.023845
1756998246.785,latency_s,0.023889
1756998246.785,latency_s,0.022810
1756998246.785,latency_s,0.022831
1756998246.785,latency_s,0.020530
1756998246.785,latency_s,0.020722
1756998246.785,latency_s,0.019548
1756998246.785,latency_s,0.019359
1756998246.785,latency_s,0.018993
1756998246.788,latency_s,0.020871
1756998246.788,latency_s,0.020737
1756998246.788,latency_s,0.020852
1756998246.797,latency_s,0.019043
1756998246.803,latency_s,0.018902
1756998246.871,latency_s,0.020685
1756998246.886,latency_s,0.035511
1756998246.886,latency_s,0.034275
1756998246.886,latency_s,0.034499
1756998246.886,latency_s,0.033938
1756998246.886,latency_s,0.032439
1756998246.887,latency_s,0.027994
1756998246.887,latency_s,0.028009
1756998246.887,latency_s,0.026949
1756998246.887,latency_s,0.025064
1756998246.887,latency_s,0.025069
1756998246.887,latency_s,0.024459
1756998246.887,latency_s,0.024502
1756998246.887,latency_s,0.022403
1756998246.887,latency_s,0.022382
1756998246.887,latency_s,0.020892
1756998246.887,latency_s,0.020625
1756998246.893,latency_s,0.026910
1756998246.893,latency_s,0.025349
1756998246.893,latency_s,0.025320
1756998246.893,latency_s,0.024997
1756998246.900,latency_s,0.021307
1756998246.905,latency_s,0.019721
1756998246.974,latency_s,0.023468
1756998246.975,latency_s,0.024035
1756998246.975,latency_s,0.022419
1756998246.975,latency_s,0.022462
1756998246.975,latency_s,0.022606
1756998246.990,latency_s,0.035441
1756998246.990,latency_s,0.031484
1756998246.990,latency_s,0.031378
1756998246.990,latency_s,0.030253
1756998246.991,latency_s,0.028350
1756998246.991,latency_s,0.028042
1756998246.991,latency_s,0.028525
1756998246.991,latency_s,0.028268
1756998246.991,latency_s,0.025510
1756998246.991,latency_s,0.025617
1756998246.991,latency_s,0.024162
1756998246.991,latency_s,0.024283
1756998246.991,latency_s,0.023684
1756998246.991,latency_s,0.023134
1756998246.991,latency_s,0.022935
1756998246.991,latency_s,0.022954
1756998246.997,latency_s,0.018967
1756998247.006,latency_s,0.019694
1756998247.075,latency_s,0.022283
1756998247.075,latency_s,0.022650
1756998247.075,latency_s,0.022113
1756998247.075,latency_s,0.021580
1756998247.075,latency_s,0.022219
1756998247.092,latency_s,0.036305
1756998247.092,latency_s,0.032488
1756998247.092,latency_s,0.032449
1756998247.092,latency_s,0.031765
1756998247.092,latency_s,0.028219
1756998247.092,latency_s,0.028267
1756998247.092,latency_s,0.028260
1756998247.092,latency_s,0.026444
1756998247.092,latency_s,0.026412
1756998247.092,latency_s,0.025419
1756998247.092,latency_s,0.025353
1756998247.092,latency_s,0.024852
1756998247.092,latency_s,0.024481
1756998247.092,latency_s,0.024174
1756998247.092,latency_s,0.024195
1756998247.098,latency_s,0.019121
1756998247.105,latency_s,0.018369
1756998247.174,latency_s,0.020602
1756998247.174,latency_s,0.020098
1756998247.174,latency_s,0.020298
1756998247.174,latency_s,0.020550
1756998247.174,latency_s,0.020087
1756998247.177,latency_s,0.019675
1756998247.190,latency_s,0.029907
1756998247.190,latency_s,0.030000
1756998247.191,latency_s,0.029850
1756998247.191,latency_s,0.026586
1756998247.191,latency_s,0.026593
1756998247.191,latency_s,0.026124
1756998247.191,latency_s,0.023303
1756998247.191,latency_s,0.022936
1756998247.191,latency_s,0.023111
1756998247.191,latency_s,0.023239
1756998247.191,latency_s,0.023176
1756998247.191,latency_s,0.022805
1756998247.191,latency_s,0.021897
1756998247.200,latency_s,0.020407
1756998247.207,latency_s,0.018703
1756998247.224,latency_s,0.159866
1756998247.224,latency_s,0.059575
1756998247.276,latency_s,0.021636
1756998247.276,latency_s,0.021857
1756998247.276,latency_s,0.021938
1756998247.276,latency_s,0.021666
1756998247.276,latency_s,0.021443
1756998247.280,latency_s,0.022518
1756998247.291,latency_s,0.030583
1756998247.291,latency_s,0.030573
1756998247.291,latency_s,0.030061
1756998247.291,latency_s,0.026335
1756998247.291,latency_s,0.026356
1756998247.291,latency_s,0.026394
1756998247.291,latency_s,0.026258
1756998247.291,latency_s,0.023340
1756998247.291,latency_s,0.023465
1756998247.291,latency_s,0.023599
1756998247.291,latency_s,0.023361
1756998247.291,latency_s,0.023220
1756998247.292,latency_s,0.023215
1756998247.292,latency_s,0.021983
1756998247.300,latency_s,0.020007
1756998247.307,latency_s,0.018643
1756998247.310,latency_s,0.141272
1756998247.310,latency_s,0.041361
1756998247.377,latency_s,0.022673
1756998247.378,latency_s,0.022668
1756998247.378,latency_s,0.022907
1756998247.378,latency_s,0.022669
1756998247.378,latency_s,0.022830
1756998247.378,latency_s,0.019348
1756998247.380,latency_s,0.018061
1756998247.393,latency_s,0.031099
1756998247.393,latency_s,0.031145
1756998247.393,latency_s,0.028356
1756998247.393,latency_s,0.028395
1756998247.393,latency_s,0.028403
1756998247.393,latency_s,0.028293
1756998247.393,latency_s,0.024765
1756998247.393,latency_s,0.024651
1756998247.393,latency_s,0.025074
1756998247.393,latency_s,0.024332
1756998247.393,latency_s,0.024225
1756998247.393,latency_s,0.025223
1756998247.394,latency_s,0.024176
1756998247.394,latency_s,0.023674
1756998247.401,latency_s,0.020845
1756998247.409,latency_s,0.020084
1756998247.476,latency_s,0.021390
1756998247.477,latency_s,0.020845
1756998247.477,latency_s,0.021174
1756998247.477,latency_s,0.020891
1756998247.477,latency_s,0.021050
1756998247.478,latency_s,0.018671
1756998247.483,latency_s,0.020597
1756998247.492,latency_s,0.029279
1756998247.492,latency_s,0.029168
1756998247.492,latency_s,0.026745
1756998247.492,latency_s,0.026930
1756998247.492,latency_s,0.027014
1756998247.492,latency_s,0.027037
1756998247.492,latency_s,0.022563
1756998247.492,latency_s,0.023150
1756998247.492,latency_s,0.023099
1756998247.492,latency_s,0.023015
1756998247.492,latency_s,0.023298
1756998247.492,latency_s,0.022631
1756998247.492,latency_s,0.022623
1756998247.492,latency_s,0.021288
1756998247.500,latency_s,0.019399
1756998247.509,latency_s,0.018890
1756998247.576,latency_s,0.020864
1756998247.576,latency_s,0.020559
1756998247.576,latency_s,0.020502
1756998247.576,latency_s,0.020452
1756998247.577,latency_s,0.020217
1756998247.579,latency_s,0.018989
1756998247.585,latency_s,0.020969
1756998247.585,latency_s,0.021144
1756998247.592,latency_s,0.027828
1756998247.593,latency_s,0.027447
1756998247.593,latency_s,0.027551
1756998247.593,latency_s,0.027628
1756998247.593,latency_s,0.027315
1756998247.593,latency_s,0.023878
1756998247.593,latency_s,0.023740
1756998247.593,latency_s,0.023412
1756998247.593,latency_s,0.023054
1756998247.593,latency_s,0.023191
1756998247.593,latency_s,0.023235
1756998247.593,latency_s,0.021661
1756998247.593,latency_s,0.023586
1756998247.601,latency_s,0.020199
1756998247.610,latency_s,0.020128
1756998247.675,latency_s,0.018865
1756998247.675,latency_s,0.018959
1756998247.675,latency_s,0.018759
1756998247.676,latency_s,0.019240
1756998247.678,latency_s,0.020899
1756998247.679,latency_s,0.018838
1756998247.685,latency_s,0.020446
1756998247.685,latency_s,0.020376
1756998247.690,latency_s,0.025140
1756998247.690,latency_s,0.024880
1756998247.690,latency_s,0.024574
1756998247.690,latency_s,0.024324
1756998247.690,latency_s,0.025032
1756998247.690,latency_s,0.020741
1756998247.690,latency_s,0.020602
1756998247.690,latency_s,0.020758
1756998247.691,latency_s,0.020418
1756998247.691,latency_s,0.020430
1756998247.691,latency_s,0.020639
1756998247.691,latency_s,0.020496
1756998247.691,latency_s,0.018714
1756998247.742,latency_s,0.061133
1756998247.743,latency_s,0.052181
1756998247.776,latency_s,0.019239
1756998247.776,latency_s,0.019073
1756998247.779,latency_s,0.022369
1756998247.779,latency_s,0.022088
1756998247.779,latency_s,0.021909
1756998247.779,latency_s,0.018125
1756998247.791,latency_s,0.025836
1756998247.791,latency_s,0.025814
1756998247.791,latency_s,0.025580
1756998247.791,latency_s,0.025412
1756998247.791,latency_s,0.025550
1756998247.791,latency_s,0.025430
1756998247.791,latency_s,0.025246
1756998247.792,latency_s,0.021190
1756998247.792,latency_s,0.021021
1756998247.794,latency_s,0.023429
1756998247.794,latency_s,0.023438
1756998247.794,latency_s,0.023448
1756998247.794,latency_s,0.023574
1756998247.794,latency_s,0.023580
1756998247.794,latency_s,0.022140
1756998247.801,latency_s,0.019045
1756998247.810,latency_s,0.019487
1756998247.879,latency_s,0.021503
1756998247.879,latency_s,0.021368
1756998247.879,latency_s,0.021179
1756998247.879,latency_s,0.021650
1756998247.882,latency_s,0.024110
1756998247.882,latency_s,0.020586
1756998247.887,latency_s,0.021636
1756998247.896,latency_s,0.029696
1756998247.896,latency_s,0.030102
1756998247.896,latency_s,0.029315
1756998247.896,latency_s,0.029439
1756998247.896,latency_s,0.029901
1756998247.896,latency_s,0.029824
1756998247.896,latency_s,0.023668
1756998247.896,latency_s,0.023995
1756998247.896,latency_s,0.023600
1756998247.896,latency_s,0.023951
1756998247.896,latency_s,0.024031
1756998247.896,latency_s,0.023791
1756998247.896,latency_s,0.023870
1756998247.896,latency_s,0.024436
1756998247.902,latency_s,0.019946
1756998247.911,latency_s,0.019992
1756998247.976,latency_s,0.018684
1756998247.981,latency_s,0.022016
1756998247.981,latency_s,0.022106
1756998247.981,latency_s,0.021950
1756998247.982,latency_s,0.021742
1756998247.982,latency_s,0.019776
1756998247.986,latency_s,0.020039
1756998247.992,latency_s,0.025772
1756998247.992,latency_s,0.025372
1756998247.992,latency_s,0.024849
1756998247.992,latency_s,0.025739
1756998247.992,latency_s,0.025020
1756998247.992,latency_s,0.025093
1756998247.992,latency_s,0.019482
1756998247.997,latency_s,0.023927
1756998247.997,latency_s,0.024495
1756998247.997,latency_s,0.024192
1756998247.997,latency_s,0.024370
1756998247.997,latency_s,0.024122
1756998247.997,latency_s,0.024059
1756998247.997,latency_s,0.024408
1756998248.001,latency_s,0.019312
1756998248.010,latency_s,0.018473
1756998248.077,latency_s,0.018564
1756998248.082,latency_s,0.022417
1756998248.082,latency_s,0.022745
1756998248.082,latency_s,0.022280
1756998248.082,latency_s,0.021598
1756998248.083,latency_s,0.020098
1756998248.086,latency_s,0.019521
1756998248.093,latency_s,0.026519
1756998248.093,latency_s,0.026334
1756998248.093,latency_s,0.026443
1756998248.097,latency_s,0.029663
1756998248.097,latency_s,0.030016
1756998248.097,latency_s,0.027329
1756998248.097,latency_s,0.024322
1756998248.097,latency_s,0.024451
1756998248.097,latency_s,0.024035
1756998248.097,latency_s,0.024211
1756998248.097,latency_s,0.024088
1756998248.098,latency_s,0.024271
1756998248.098,latency_s,0.024304
1756998248.098,latency_s,0.022901
1756998248.101,latency_s,0.018639
1756998248.112,latency_s,0.018970
1756998248.181,latency_s,0.021912
1756998248.181,latency_s,0.020052
1756998248.181,latency_s,0.019987
1756998248.182,latency_s,0.020972
1756998248.182,latency_s,0.020548
1756998248.182,latency_s,0.019053
1756998248.190,latency_s,0.021915
1756998248.197,latency_s,0.029487
1756998248.198,latency_s,0.030499
1756998248.198,latency_s,0.030343
1756998248.198,latency_s,0.029487
1756998248.198,latency_s,0.029648
1756998248.198,latency_s,0.027667
1756998248.198,latency_s,0.024233
1756998248.198,latency_s,0.024095
1756998248.198,latency_s,0.024245
1756998248.198,latency_s,0.024391
1756998248.198,latency_s,0.024502
1756998248.198,latency_s,0.024183
1756998248.198,latency_s,0.024122
1756998248.199,latency_s,0.023085
1756998248.202,latency_s,0.018790
1756998248.212,latency_s,0.018277
1756998248.280,latency_s,0.020239
1756998248.280,latency_s,0.019382
1756998248.280,latency_s,0.019188
1756998248.280,latency_s,0.018751
1756998248.280,latency_s,0.019415
1756998248.283,latency_s,0.018714
1756998248.290,latency_s,0.022000
1756998248.290,latency_s,0.021999
1756998248.296,latency_s,0.027459
1756998248.296,latency_s,0.027848
1756998248.296,latency_s,0.027265
1756998248.297,latency_s,0.028345
1756998248.297,latency_s,0.026678
1756998248.297,latency_s,0.023695
1756998248.297,latency_s,0.023511
1756998248.297,latency_s,0.023518
1756998248.297,latency_s,0.023558
1756998248.298,latency_s,0.023249
1756998248.298,latency_s,0.023483
1756998248.298,latency_s,0.022893
1756998248.298,latency_s,0.021137
1756998248.303,latency_s,0.019674
1756998248.313,latency_s,0.018645
1756998248.381,latency_s,0.020499
1756998248.381,latency_s,0.019403
1756998248.381,latency_s,0.019873
1756998248.381,latency_s,0.019662
1756998248.381,latency_s,0.018968
1756998248.385,latency_s,0.019649
1756998248.389,latency_s,0.020722
1756998248.389,latency_s,0.020632
1756998248.389,latency_s,0.020382
1756998248.389,latency_s,0.020376
1756998248.389,latency_s,0.019995
1756998248.389,latency_s,0.020204
1756998248.396,latency_s,0.025027
1756998248.396,latency_s,0.022133
1756998248.397,latency_s,0.022099
1756998248.397,latency_s,0.022287
1756998248.397,latency_s,0.021597
1756998248.397,latency_s,0.022185
1756998248.397,latency_s,0.021880
1756998248.397,latency_s,0.022192
1756998248.397,latency_s,0.018950
1756998248.429,latency_s,0.045380
1756998248.429,latency_s,0.033214
1756998248.481,latency_s,0.020073
1756998248.481,latency_s,0.019928
1756998248.482,latency_s,0.019874
1756998248.482,latency_s,0.019916
1756998248.484,latency_s,0.018286
1756998248.485,latency_s,0.019565
1756998248.498,latency_s,0.029319
1756998248.498,latency_s,0.029696
1756998248.500,latency_s,0.030465
1756998248.500,latency_s,0.030344
1756998248.500,latency_s,0.030463
1756998248.500,latency_s,0.030184
1756998248.500,latency_s,0.028826
1756998248.500,latency_s,0.025557
1756998248.501,latency_s,0.025163
1756998248.501,latency_s,0.025142
1756998248.501,latency_s,0.025556
1756998248.501,latency_s,0.024668
1756998248.501,latency_s,0.025016
1756998248.501,latency_s,0.024586
1756998248.501,latency_s,0.022056
1756998248.502,latency_s,0.018560
1756998248.515,latency_s,0.018469
1756998248.582,latency_s,0.020089
1756998248.582,latency_s,0.020308
1756998248.582,latency_s,0.020185
1756998248.582,latency_s,0.019924
1756998248.585,latency_s,0.019233
1756998248.585,latency_s,0.019424
1756998248.588,latency_s,0.019762
1756998248.597,latency_s,0.028149
1756998248.598,latency_s,0.027483
1756998248.598,latency_s,0.027198
1756998248.598,latency_s,0.027343
1756998248.598,latency_s,0.027083
1756998248.598,latency_s,0.026176
1756998248.598,latency_s,0.022865
1756998248.598,latency_s,0.022445
1756998248.598,latency_s,0.022465
1756998248.598,latency_s,0.022415
1756998248.598,latency_s,0.021854
1756998248.598,latency_s,0.022083
1756998248.598,latency_s,0.021166
1756998248.598,latency_s,0.019242
1756998248.603,latency_s,0.019025
1756998248.617,latency_s,0.020126
1756998248.683,latency_s,0.020339
1756998248.683,latency_s,0.020254
1756998248.683,latency_s,0.020646
1756998248.684,latency_s,0.018163
1756998248.685,latency_s,0.018426
1756998248.689,latency_s,0.019068
1756998248.689,latency_s,0.019016
1756998248.700,latency_s,0.028744
1756998248.700,latency_s,0.028610
1756998248.700,latency_s,0.027836
1756998248.700,latency_s,0.027673
1756998248.700,latency_s,0.027521
1756998248.700,latency_s,0.023749
1756998248.700,latency_s,0.023866
1756998248.700,latency_s,0.024083
1756998248.700,latency_s,0.023966
1756998248.700,latency_s,0.023613
1756998248.700,latency_s,0.023359
1756998248.700,latency_s,0.022320
1756998248.700,latency_s,0.019482
1756998248.703,latency_s,0.018724
1756998248.717,latency_s,0.019069
1756998248.786,latency_s,0.022280
1756998248.786,latency_s,0.022661
1756998248.786,latency_s,0.022396
1756998248.786,latency_s,0.018804
1756998248.786,latency_s,0.019003
1756998248.790,latency_s,0.019618
1756998248.790,latency_s,0.019279
1756998248.790,latency_s,0.018806
1756998248.802,latency_s,0.030540
1756998248.802,latency_s,0.028681
1756998248.802,latency_s,0.028694
1756998248.802,latency_s,0.028828
1756998248.802,latency_s,0.025884
1756998248.802,latency_s,0.025690
1756998248.802,latency_s,0.025998
1756998248.802,latency_s,0.025842
1756998248.802,latency_s,0.026066
1756998248.802,latency_s,0.025693
1756998248.802,latency_s,0.024166
1756998248.803,latency_s,0.138987
1756998248.803,latency_s,0.038754
1756998248.803,latency_s,0.021802
1756998248.819,latency_s,0.019061
1756998248.883,latency_s,0.019032
1756998248.883,latency_s,0.018828
1756998248.883,latency_s,0.019027
1756998248.888,latency_s,0.020150
1756998248.888,latency_s,0.020122
1756998248.888,latency_s,0.020427
1756998248.890,latency_s,0.019249
1756998248.893,latency_s,0.021105
1756998248.898,latency_s,0.026720
1756998248.899,latency_s,0.026933
1756998248.899,latency_s,0.024917
1756998248.899,latency_s,0.024921
1756998248.899,latency_s,0.024677
1756998248.899,latency_s,0.021619
1756998248.899,latency_s,0.021665
1756998248.899,latency_s,0.021576
1756998248.899,latency_s,0.021677
1756998248.899,latency_s,0.021620
1756998248.899,latency_s,0.021564
1756998248.899,latency_s,0.020225
1756998248.903,latency_s,0.020585
1756998248.920,latency_s,0.019358
1756998248.927,latency_s,0.141784
1756998248.927,latency_s,0.041748
1756998248.985,latency_s,0.020188
1756998248.985,latency_s,0.020445
1756998248.986,latency_s,0.020808
1756998248.988,latency_s,0.019958
1756998248.988,latency_s,0.019716
1756998248.988,latency_s,0.020027
1756998248.989,latency_s,0.018134
1756998248.991,latency_s,0.019252
1756998248.991,latency_s,0.019269
1756998249.001,latency_s,0.028985
1756998249.001,latency_s,0.027052
1756998249.001,latency_s,0.026992
1756998249.002,latency_s,0.024205
1756998249.002,latency_s,0.024015
1756998249.002,latency_s,0.024307
1756998249.002,latency_s,0.024306
1756998249.002,latency_s,0.024201
1756998249.002,latency_s,0.024383
1756998249.002,latency_s,0.022783
1756998249.004,latency_s,0.020571
1756998249.005,latency_s,0.018799
1756998249.021,latency_s,0.019291
1756998249.085,latency_s,0.019676
1756998249.085,latency_s,0.018730
1756998249.085,latency_s,0.018454
1756998249.088,latency_s,0.019446
1756998249.088,latency_s,0.019608
1756998249.088,latency_s,0.019526
1756998249.090,latency_s,0.018653
1756998249.091,latency_s,0.018997
1756998249.091,latency_s,0.018797
1756998249.104,latency_s,0.032018
1756998249.105,latency_s,0.029674
1756998249.106,latency_s,0.030715
1756998249.106,latency_s,0.027988
1756998249.106,latency_s,0.028156
1756998249.106,latency_s,0.028140
1756998249.106,latency_s,0.028171
1756998249.106,latency_s,0.027951
1756998249.106,latency_s,0.028193
1756998249.106,latency_s,0.026421
1756998249.106,latency_s,0.022569
1756998249.106,latency_s,0.020060
1756998249.136,latency_s,0.161540
1756998249.136,latency_s,0.060996
1756998249.136,latency_s,0.034282
1756998249.185,latency_s,0.018940
1756998249.186,latency_s,0.018108
1756998249.186,latency_s,0.018514
1756998249.189,latency_s,0.020338
1756998249.190,latency_s,0.020238
1756998249.190,latency_s,0.020897
1756998249.190,latency_s,0.018144
1756998249.199,latency_s,0.026254
1756998249.199,latency_s,0.026168
1756998249.199,latency_s,0.026240
1756998249.200,latency_s,0.024505
1756998249.200,latency_s,0.024300
1756998249.200,latency_s,0.023976
1756998249.200,latency_s,0.020995
1756998249.200,latency_s,0.021169
1756998249.200,latency_s,0.020962
1756998249.200,latency_s,0.020825
1756998249.200,latency_s,0.020933
1756998249.201,latency_s,0.021887
1756998249.201,latency_s,0.020145
1756998249.205,latency_s,0.020466
1756998249.205,latency_s,0.018239
1756998249.221,latency_s,0.019049
1756998249.286,latency_s,0.019747
1756998249.288,latency_s,0.019660
1756998249.289,latency_s,0.020033
1756998249.292,latency_s,0.022035
1756998249.292,latency_s,0.021369
1756998249.292,latency_s,0.022354
1756998249.292,latency_s,0.020054
1756998249.293,latency_s,0.018723
1756998249.305,latency_s,0.031521
1756998249.305,latency_s,0.031332
1756998249.305,latency_s,0.030263
1756998249.305,latency_s,0.030013
1756998249.305,latency_s,0.029154
1756998249.306,latency_s,0.026831
1756998249.306,latency_s,0.026601
1756998249.306,latency_s,0.026475
1756998249.306,latency_s,0.026689
1756998249.306,latency_s,0.026492
1756998249.306,latency_s,0.026865
1756998249.306,latency_s,0.024822
1756998249.306,latency_s,0.021559
1756998249.306,latency_s,0.019363
1756998249.322,latency_s,0.019781
1756998249.387,latency_s,0.019558
1756998249.390,latency_s,0.020345
1756998249.390,latency_s,0.020424
1756998249.390,latency_s,0.020022
1756998249.391,latency_s,0.020257
1756998249.391,latency_s,0.018854
1756998249.391,latency_s,0.018378
1756998249.396,latency_s,0.021016
1756998249.406,latency_s,0.031794
1756998249.406,latency_s,0.031879
1756998249.406,latency_s,0.031108
1756998249.407,latency_s,0.030849
1756998249.407,latency_s,0.029203
1756998249.407,latency_s,0.027300
1756998249.407,latency_s,0.026964
1756998249.407,latency_s,0.026906
1756998249.407,latency_s,0.027255
1756998249.407,latency_s,0.027157
1756998249.407,latency_s,0.027313
1756998249.407,latency_s,0.025400
1756998249.407,latency_s,0.022118
1756998249.407,latency_s,0.020041
1756998249.423,latency_s,0.020048
1756998249.487,latency_s,0.019351
1756998249.490,latency_s,0.019245
1756998249.490,latency_s,0.019023
1756998249.490,latency_s,0.018998
1756998249.490,latency_s,0.018615
1756998249.492,latency_s,0.019579
1756998249.492,latency_s,0.019633
1756998249.493,latency_s,0.018791
1756998249.506,latency_s,0.030821
1756998249.506,latency_s,0.030750
1756998249.506,latency_s,0.030112
1756998249.506,latency_s,0.029219
1756998249.506,latency_s,0.027546
1756998249.506,latency_s,0.025881
1756998249.506,latency_s,0.025872
1756998249.506,latency_s,0.025743
1756998249.506,latency_s,0.025825
1756998249.506,latency_s,0.026229
1756998249.506,latency_s,0.025687
1756998249.506,latency_s,0.024027
1756998249.506,latency_s,0.021065
1756998249.506,latency_s,0.019130
1756998249.522,latency_s,0.019168
1756998249.587,latency_s,0.019264
1756998249.594,latency_s,0.022194
1756998249.594,latency_s,0.021955
1756998249.594,latency_s,0.022275
1756998249.594,latency_s,0.021708
1756998249.594,latency_s,0.021274
1756998249.594,latency_s,0.021288
1756998249.594,latency_s,0.019035
1756998249.597,latency_s,0.022023
1756998249.608,latency_s,0.032879
1756998249.608,latency_s,0.032496
1756998249.608,latency_s,0.030915
1756998249.608,latency_s,0.029223
1756998249.608,latency_s,0.028334
1756998249.609,latency_s,0.028386
1756998249.609,latency_s,0.028717
1756998249.609,latency_s,0.028582
1756998249.609,latency_s,0.028153
1756998249.609,latency_s,0.028226
1756998249.609,latency_s,0.026164
1756998249.609,latency_s,0.023209
1756998249.609,latency_s,0.021697
1756998249.623,latency_s,0.019010
1756998249.688,latency_s,0.019264
1756998249.690,latency_s,0.018433
1756998249.696,latency_s,0.023070
1756998249.696,latency_s,0.022278
1756998249.696,latency_s,0.022092
1756998249.696,latency_s,0.022547
1756998249.696,latency_s,0.022006
1756998249.696,latency_s,0.020220
1756998249.696,latency_s,0.020405
1756998249.697,latency_s,0.020805
1756998249.705,latency_s,0.028146
1756998249.705,latency_s,0.026647
1756998249.705,latency_s,0.024849
1756998249.705,latency_s,0.024619
1756998249.705,latency_s,0.024251
1756998249.705,latency_s,0.024426
1756998249.705,latency_s,0.023730
1756998249.705,latency_s,0.023747
1756998249.705,latency_s,0.024115
1756998249.705,latency_s,0.022087
1756998249.708,latency_s,0.021371
1756998249.708,latency_s,0.020652
1756998249.724,latency_s,0.019079
1756998249.789,latency_s,0.020394
1756998249.792,latency_s,0.019759
1756998249.794,latency_s,0.020413
1756998249.795,latency_s,0.020757
1756998249.795,latency_s,0.021255
1756998249.795,latency_s,0.020833
1756998249.795,latency_s,0.020795
1756998249.795,latency_s,0.019248
1756998249.795,latency_s,0.019145
1756998249.795,latency_s,0.019135
1756998249.807,latency_s,0.029001
1756998249.807,latency_s,0.028837
1756998249.808,latency_s,0.026798
1756998249.808,latency_s,0.027137
1756998249.808,latency_s,0.026157
1756998249.808,latency_s,0.027132
1756998249.808,latency_s,0.027254
1756998249.808,latency_s,0.027393
1756998249.808,latency_s,0.026740
1756998249.808,latency_s,0.024899
1756998249.808,latency_s,0.021588
1756998249.808,latency_s,0.020196
1756998249.825,latency_s,0.019244
1756998249.888,latency_s,0.018987
1756998249.892,latency_s,0.019148
1756998249.895,latency_s,0.020559
1756998249.895,latency_s,0.020471
1756998249.895,latency_s,0.020375
1756998249.895,latency_s,0.020468
1756998249.895,latency_s,0.020356
1756998249.895,latency_s,0.018480
1756998249.895,latency_s,0.018436
1756998249.895,latency_s,0.018499
1756998249.899,latency_s,0.019797
1756998249.899,latency_s,0.018933
1756998249.905,latency_s,0.024032
1756998249.905,latency_s,0.023933
1756998249.905,latency_s,0.023780
1756998249.905,latency_s,0.023746
1756998249.905,latency_s,0.023800
1756998249.905,latency_s,0.023166
1756998249.905,latency_s,0.023278
1756998249.907,latency_s,0.022619
1756998249.907,latency_s,0.020081
1756998249.910,latency_s,0.020569
1756998249.925,latency_s,0.018537
1756998249.990,latency_s,0.020124
1756998249.992,latency_s,0.018957
1756998249.996,latency_s,0.022097
1756998249.997,latency_s,0.021798
1756998249.997,latency_s,0.021880
1756998249.997,latency_s,0.021899
1756998249.997,latency_s,0.021103
1756998249.997,latency_s,0.019261
1756998249.997,latency_s,0.019029
1756998249.999,latency_s,0.020996
1756998249.999,latency_s,0.019113
1756998250.001,latency_s,0.020898
1756998250.007,latency_s,0.025812
1756998250.007,latency_s,0.025859
1756998250.007,latency_s,0.025733
1756998250.007,latency_s,0.025579
1756998250.007,latency_s,0.025615
1756998250.007,latency_s,0.025014
1756998250.007,latency_s,0.024021
1756998250.007,latency_s,0.021889
1756998250.008,latency_s,0.020137
1756998250.009,latency_s,0.019851
1756998250.027,latency_s,0.019013
1756998250.090,latency_s,0.018987
1756998250.095,latency_s,0.021225
1756998250.095,latency_s,0.019858
1756998250.095,latency_s,0.020028
1756998250.095,latency_s,0.019838
1756998250.095,latency_s,0.019405
1756998250.095,latency_s,0.019998
1756998250.098,latency_s,0.020059
1756998250.098,latency_s,0.019883
1756998250.098,latency_s,0.019693
1756998250.099,latency_s,0.019139
1756998250.099,latency_s,0.018945
1756998250.101,latency_s,0.019068
1756998250.105,latency_s,0.022247
1756998250.105,latency_s,0.022786
1756998250.105,latency_s,0.022483
1756998250.105,latency_s,0.022870
1756998250.105,latency_s,0.021214
1756998250.110,latency_s,0.024287
1756998250.110,latency_s,0.022804
1756998250.110,latency_s,0.020942
1756998250.127,latency_s,0.018615
1756998250.190,latency_s,0.018746
1756998250.193,latency_s,0.019106
1756998250.195,latency_s,0.019586
1756998250.196,latency_s,0.020017
1756998250.196,latency_s,0.020003
1756998250.196,latency_s,0.019687
1756998250.196,latency_s,0.019949
1756998250.199,latency_s,0.021063
1756998250.199,latency_s,0.020734
1756998250.199,latency_s,0.020563
1756998250.199,latency_s,0.018733
1756998250.199,latency_s,0.018627
1756998250.210,latency_s,0.027721
1756998250.211,latency_s,0.027661
1756998250.211,latency_s,0.027645
1756998250.211,latency_s,0.027928
1756998250.211,latency_s,0.027636
1756998250.211,latency_s,0.026125
1756998250.211,latency_s,0.024319
1756998250.211,latency_s,0.023074
1756998250.211,latency_s,0.021224
1756998250.223,latency_s,0.140714
1756998250.223,latency_s,0.040282
1756998250.229,latency_s,0.019859
1756998250.290,latency_s,0.018751
1756998250.294,latency_s,0.019000
1756998250.298,latency_s,0.021740
1756998250.298,latency_s,0.022178
1756998250.298,latency_s,0.021195
1756998250.298,latency_s,0.021334
1756998250.298,latency_s,0.021693
1756998250.298,latency_s,0.020076
1756998250.298,latency_s,0.019733
1756998250.298,latency_s,0.019600
1756998250.300,latency_s,0.019435
1756998250.301,latency_s,0.018942
1756998250.301,latency_s,0.017929
1756998250.311,latency_s,0.028371
1756998250.311,latency_s,0.028260
1756998250.312,latency_s,0.028022
1756998250.312,latency_s,0.028003
1756998250.312,latency_s,0.027674
1756998250.312,latency_s,0.024868
1756998250.312,latency_s,0.024933
1756998250.312,latency_s,0.023685
1756998250.312,latency_s,0.022186
1756998250.329,latency_s,0.018856
1756998250.392,latency_s,0.019666
1756998250.396,latency_s,0.020862
1756998250.396,latency_s,0.020125
1756998250.396,latency_s,0.019222
1756998250.396,latency_s,0.019241
1756998250.397,latency_s,0.019131
1756998250.399,latency_s,0.019170
1756998250.399,latency_s,0.019359
1756998250.416,latency_s,0.034236
1756998250.416,latency_s,0.034480
1756998250.416,latency_s,0.034653
1756998250.416,latency_s,0.034413
1756998250.416,latency_s,0.033307
1756998250.417,latency_s,0.033197
1756998250.417,latency_s,0.032757
1756998250.417,latency_s,0.032790
1756998250.417,latency_s,0.032471
1756998250.417,latency_s,0.033066
1756998250.417,latency_s,0.029185
1756998250.417,latency_s,0.029098
1756998250.417,latency_s,0.028265
1756998250.417,latency_s,0.026829
1756998250.430,latency_s,0.019063
1756998250.492,latency_s,0.019611
1756998250.494,latency_s,0.018341
1756998250.495,latency_s,0.018290
1756998250.499,latency_s,0.021046
1756998250.499,latency_s,0.021057
1756998250.517,latency_s,0.038867
1756998250.517,latency_s,0.037025
1756998250.517,latency_s,0.036870
1756998250.517,latency_s,0.033648
1756998250.517,latency_s,0.033599
1756998250.517,latency_s,0.033698
1756998250.517,latency_s,0.032897
1756998250.517,latency_s,0.033007
1756998250.517,latency_s,0.033374
1756998250.517,latency_s,0.033798
1756998250.517,latency_s,0.033265
1756998250.517,latency_s,0.032363
1756998250.517,latency_s,0.032235
1756998250.517,latency_s,0.028416
1756998250.517,latency_s,0.028486
1756998250.517,latency_s,0.028378
1756998250.517,latency_s,0.027265
1756998250.531,latency_s,0.018781
1756998250.593,latency_s,0.020040
1756998250.599,latency_s,0.022694
1756998250.599,latency_s,0.021745
1756998250.600,latency_s,0.021638
1756998250.600,latency_s,0.021352
1756998250.600,latency_s,0.021432
1756998250.615,latency_s,0.034193
1756998250.615,latency_s,0.034389
1756998250.615,latency_s,0.031104
1756998250.615,latency_s,0.030716
1756998250.615,latency_s,0.031332
1756998250.615,latency_s,0.030227
1756998250.615,latency_s,0.030819
1756998250.615,latency_s,0.030575
1756998250.615,latency_s,0.030239
1756998250.615,latency_s,0.029387
1756998250.615,latency_s,0.030382
1756998250.615,latency_s,0.029546
1756998250.615,latency_s,0.025749
1756998250.615,latency_s,0.026219
1756998250.615,latency_s,0.026093
1756998250.615,latency_s,0.025023
1756998250.634,latency_s,0.021457
1756998250.692,latency_s,0.019235
1756998250.699,latency_s,0.021523
1756998250.699,latency_s,0.021430
1756998250.699,latency_s,0.020819
1756998250.699,latency_s,0.021292
1756998250.700,latency_s,0.020335
1756998250.700,latency_s,0.018360
1756998250.715,latency_s,0.033570
1756998250.715,latency_s,0.029736
1756998250.715,latency_s,0.029724
1756998250.715,latency_s,0.029821
1756998250.715,latency_s,0.029581
1756998250.715,latency_s,0.029736
1756998250.715,latency_s,0.029230
1756998250.715,latency_s,0.029901
1756998250.715,latency_s,0.028688
1756998250.715,latency_s,0.028257
1756998250.715,latency_s,0.028864
1756998250.715,latency_s,0.025950
1756998250.715,latency_s,0.025457
1756998250.715,latency_s,0.025124
1756998250.715,latency_s,0.024815
1756998250.732,latency_s,0.018839
1756998250.793,latency_s,0.018968
1756998250.802,latency_s,0.023602
1756998250.802,latency_s,0.023294
1756998250.802,latency_s,0.023345
1756998250.802,latency_s,0.022534
1756998250.802,latency_s,0.023643
1756998250.803,latency_s,0.020496
1756998250.803,latency_s,0.020596
1756998250.805,latency_s,0.020017
1756998250.818,latency_s,0.032300
1756998250.818,latency_s,0.031913
1756998250.818,latency_s,0.031941
1756998250.818,latency_s,0.031784
1756998250.818,latency_s,0.031226
1756998250.818,latency_s,0.031510
1756998250.818,latency_s,0.031282
1756998250.818,latency_s,0.032033
1756998250.818,latency_s,0.030806
1756998250.818,latency_s,0.028578
1756998250.818,latency_s,0.027217
1756998250.818,latency_s,0.027359
1756998250.818,latency_s,0.026967
1756998250.833,latency_s,0.019188
1756998250.892,latency_s,0.018589
1756998250.902,latency_s,0.023024
1756998250.902,latency_s,0.023200
1756998250.902,latency_s,0.023259
1756998250.902,latency_s,0.023374
1756998250.903,latency_s,0.022736
1756998250.903,latency_s,0.019943
1756998250.908,latency_s,0.024853
1756998250.908,latency_s,0.021964
1756998250.908,latency_s,0.021320
1756998250.908,latency_s,0.021404
1756998250.908,latency_s,0.021641
1756998250.908,latency_s,0.021745
1756998250.908,latency_s,0.021406
1756998250.908,latency_s,0.021333
1756998250.908,latency_s,0.021972
1756998250.908,latency_s,0.020967
1756998250.908,latency_s,0.021253
1756998250.918,latency_s,0.027607
1756998250.918,latency_s,0.026708
1756998250.918,latency_s,0.026703
1756998250.918,latency_s,0.026812
1756998250.934,latency_s,0.019744
1756998250.993,latency_s,0.018820
1756998251.001,latency_s,0.022279
1756998251.002,latency_s,0.022179
1756998251.002,latency_s,0.020742
1756998251.002,latency_s,0.020900
1756998251.002,latency_s,0.020953
1756998251.003,latency_s,0.019166
1756998251.003,latency_s,0.019335
1756998251.018,latency_s,0.032021
1756998251.018,latency_s,0.031521
1756998251.018,latency_s,0.031279
1756998251.018,latency_s,0.031255
1756998251.018,latency_s,0.030858
1756998251.018,latency_s,0.030700
1756998251.018,latency_s,0.030994
1756998251.018,latency_s,0.031573
1756998251.018,latency_s,0.030576
1756998251.018,latency_s,0.030681
1756998251.019,latency_s,0.027609
1756998251.019,latency_s,0.027219
1756998251.019,latency_s,0.026950
1756998251.019,latency_s,0.026716
1756998251.035,latency_s,0.019161
1756998251.093,latency_s,0.019335
1756998251.102,latency_s,0.022190
1756998251.102,latency_s,0.022331
1756998251.102,latency_s,0.021021
1756998251.102,latency_s,0.021199
1756998251.103,latency_s,0.021447
1756998251.103,latency_s,0.018388
1756998251.103,latency_s,0.018202
1756998251.118,latency_s,0.032201
1756998251.119,latency_s,0.031309
1756998251.119,latency_s,0.031354
1756998251.119,latency_s,0.031455
1756998251.119,latency_s,0.031089
1756998251.119,latency_s,0.031403
1756998251.119,latency_s,0.031151
1756998251.119,latency_s,0.030698
1756998251.119,latency_s,0.031076
1756998251.119,latency_s,0.030700
1756998251.119,latency_s,0.027560
1756998251.119,latency_s,0.027257
1756998251.119,latency_s,0.026484
1756998251.119,latency_s,0.026659
1756998251.135,latency_s,0.019206
1756998251.194,latency_s,0.019108
1756998251.201,latency_s,0.020962
1756998251.201,latency_s,0.021022
1756998251.201,latency_s,0.020131
1756998251.202,latency_s,0.020041
1756998251.202,latency_s,0.020213
1756998251.204,latency_s,0.019351
1756998251.204,latency_s,0.018508
1756998251.205,latency_s,0.018954
1756998251.208,latency_s,0.020566
1756998251.217,latency_s,0.028575
1756998251.217,latency_s,0.028822
1756998251.217,latency_s,0.028532
1756998251.217,latency_s,0.028720
1756998251.217,latency_s,0.028478
1756998251.217,latency_s,0.028259
1756998251.217,latency_s,0.028682
1756998251.217,latency_s,0.028376
1756998251.217,latency_s,0.025168
1756998251.217,latency_s,0.024970
1756998251.217,latency_s,0.024146
1756998251.217,latency_s,0.024101
1756998251.235,latency_s,0.018646
1756998251.294,latency_s,0.018911
1756998251.304,latency_s,0.022404
1756998251.304,latency_s,0.022436
1756998251.304,latency_s,0.022055
1756998251.304,latency_s,0.021808
1756998251.304,latency_s,0.021768
1756998251.304,latency_s,0.018929
1756998251.305,latency_s,0.019240
1756998251.305,latency_s,0.018704
1756998251.310,latency_s,0.021631
1756998251.321,latency_s,0.032360
1756998251.321,latency_s,0.032684
1756998251.321,latency_s,0.032865
1756998251.321,latency_s,0.032466
1756998251.321,latency_s,0.032607
1756998251.322,latency_s,0.032400
1756998251.322,latency_s,0.032301
1756998251.322,latency_s,0.032823
1756998251.322,latency_s,0.029170
1756998251.322,latency_s,0.029310
1756998251.322,latency_s,0.028263
1756998251.322,latency_s,0.028295
1756998251.341,latency_s,0.019531
1756998251.394,latency_s,0.019174
1756998251.402,latency_s,0.020225
1756998251.416,latency_s,0.034095
1756998251.416,latency_s,0.034604
1756998251.416,latency_s,0.033880
1756998251.416,latency_s,0.033923
1756998251.416,latency_s,0.030567
1756998251.417,latency_s,0.029944
1756998251.417,latency_s,0.029864
1756998251.417,latency_s,0.028038
1756998251.417,latency_s,0.028228
1756998251.417,latency_s,0.027321
1756998251.417,latency_s,0.027311
1756998251.417,latency_s,0.027623
1756998251.417,latency_s,0.027815
1756998251.417,latency_s,0.028051
1756998251.418,latency_s,0.028863
1756998251.418,latency_s,0.029183
1756998251.418,latency_s,0.025783
1756998251.418,latency_s,0.025622
1756998251.418,latency_s,0.024715
1756998251.419,latency_s,0.024982
1756998251.441,latency_s,0.018832
1756998251.496,latency_s,0.020549
1756998251.502,latency_s,0.019692
1756998251.502,latency_s,0.019542
1756998251.502,latency_s,0.018993
1756998251.502,latency_s,0.019153
1756998251.502,latency_s,0.019031
1756998251.505,latency_s,0.018903
1756998251.511,latency_s,0.024065
1756998251.511,latency_s,0.023576
1756998251.511,latency_s,0.022580
1756998251.511,latency_s,0.022475
1756998251.511,latency_s,0.022303
1756998251.512,latency_s,0.021867
1756998251.512,latency_s,0.021971
1756998251.512,latency_s,0.021848
1756998251.512,latency_s,0.021759
1756998251.512,latency_s,0.021985
1756998251.512,latency_s,0.021897
1756998251.517,latency_s,0.023833
1756998251.517,latency_s,0.023901
1756998251.517,latency_s,0.022642
1756998251.517,latency_s,0.022734
1756998251.544,latency_s,0.021569
1756998251.596,latency_s,0.019475
1756998251.603,latency_s,0.020070
1756998251.603,latency_s,0.020139
1756998251.603,latency_s,0.019503
1756998251.603,latency_s,0.018850
1756998251.603,latency_s,0.019009
1756998251.605,latency_s,0.018802
1756998251.607,latency_s,0.019057
1756998251.612,latency_s,0.023990
1756998251.612,latency_s,0.022435
1756998251.612,latency_s,0.022390
1756998251.612,latency_s,0.021801
1756998251.613,latency_s,0.022935
1756998251.613,latency_s,0.022689
1756998251.613,latency_s,0.022931
1756998251.613,latency_s,0.022899
1756998251.613,latency_s,0.022754
1756998251.613,latency_s,0.022881
1756998251.618,latency_s,0.024472
1756998251.619,latency_s,0.024824
1756998251.619,latency_s,0.024084
1756998251.619,latency_s,0.024076
1756998251.642,latency_s,0.019281
1756998251.696,latency_s,0.019623
1756998251.701,latency_s,0.018541
1756998251.702,latency_s,0.019445
1756998251.703,latency_s,0.018969
1756998251.705,latency_s,0.019714
1756998251.705,latency_s,0.019943
1756998251.707,latency_s,0.019197
1756998251.708,latency_s,0.018991
1756998251.714,latency_s,0.025297
1756998251.714,latency_s,0.023742
1756998251.714,latency_s,0.023059
1756998251.714,latency_s,0.023509
1756998251.714,latency_s,0.023362
1756998251.714,latency_s,0.023400
1756998251.714,latency_s,0.023347
1756998251.718,latency_s,0.027326
1756998251.718,latency_s,0.028053
1756998251.718,latency_s,0.027294
1756998251.718,latency_s,0.024225
1756998251.718,latency_s,0.023804
1756998251.718,latency_s,0.023246
1756998251.718,latency_s,0.023114
1756998251.745,latency_s,0.020074
1756998251.797,latency_s,0.019871
1756998251.805,latency_s,0.021206
1756998251.805,latency_s,0.020868
1756998251.805,latency_s,0.019976
1756998251.805,latency_s,0.019316
1756998251.805,latency_s,0.019475
1756998251.808,latency_s,0.019391
1756998251.808,latency_s,0.019473
1756998251.813,latency_s,0.024038
1756998251.813,latency_s,0.022174
1756998251.813,latency_s,0.022316
1756998251.813,latency_s,0.022290
1756998251.813,latency_s,0.021382
1756998251.813,latency_s,0.021348
1756998251.813,latency_s,0.020652
1756998251.820,latency_s,0.028666
1756998251.820,latency_s,0.027513
1756998251.820,latency_s,0.028018
1756998251.821,latency_s,0.025784
1756998251.821,latency_s,0.025865
1756998251.821,latency_s,0.025451
1756998251.821,latency_s,0.025244
1756998251.845,latency_s,0.019370
1756998251.897,latency_s,0.019376
1756998251.903,latency_s,0.018872
1756998251.903,latency_s,0.018787
1756998251.907,latency_s,0.021187
1756998251.907,latency_s,0.021074
1756998251.908,latency_s,0.022540
1756998251.908,latency_s,0.019242
1756998251.908,latency_s,0.019166
1756998251.913,latency_s,0.023487
1756998251.913,latency_s,0.021714
1756998251.913,latency_s,0.021749
1756998251.913,latency_s,0.021675
1756998251.913,latency_s,0.020307
1756998251.913,latency_s,0.020314
1756998251.976,latency_s,0.083722
1756998251.976,latency_s,0.083137
1756998251.977,latency_s,0.083890
1756998251.977,latency_s,0.083533
1756998251.977,latency_s,0.081210
1756998251.977,latency_s,0.081033
1756998251.977,latency_s,0.081531
1756998251.977,latency_s,0.080832
1756998251.977,latency_s,0.050353
1756998252.000,latency_s,0.021777
1756998252.004,latency_s,0.020086
1756998252.004,latency_s,0.019841
1756998252.005,latency_s,0.018639
1756998252.005,latency_s,0.018801
1756998252.005,latency_s,0.018842
1756998252.010,latency_s,0.020138
1756998252.016,latency_s,0.025735
1756998252.016,latency_s,0.023903
1756998252.016,latency_s,0.023812
1756998252.016,latency_s,0.024049
1756998252.016,latency_s,0.022833
1756998252.016,latency_s,0.023011
1756998252.016,latency_s,0.022477
1756998252.016,latency_s,0.022717
1756998252.016,latency_s,0.022220
1756998252.016,latency_s,0.021275
1756998252.020,latency_s,0.024440
1756998252.020,latency_s,0.024190
1756998252.021,latency_s,0.024241
1756998252.021,latency_s,0.023730
1756998252.048,latency_s,0.020802
1756998252.099,latency_s,0.020034
1756998252.106,latency_s,0.020557
1756998252.106,latency_s,0.020530
1756998252.106,latency_s,0.018816
1756998252.106,latency_s,0.018826
1756998252.106,latency_s,0.018927
1756998252.110,latency_s,0.019715
1756998252.110,latency_s,0.019543
1756998252.115,latency_s,0.023277
1756998252.115,latency_s,0.023198
1756998252.115,latency_s,0.022305
1756998252.115,latency_s,0.022099
1756998252.115,latency_s,0.022451
1756998252.115,latency_s,0.022075
1756998252.115,latency_s,0.021556
1756998252.121,latency_s,0.025977
1756998252.121,latency_s,0.025455
1756998252.121,latency_s,0.024342
1756998252.121,latency_s,0.024328
1756998252.121,latency_s,0.024360
1756998252.121,latency_s,0.023717
1756998252.128,latency_s,0.138612
1756998252.129,latency_s,0.038290
1756998252.147,latency_s,0.019041
1756998252.199,latency_s,0.018974
1756998252.205,latency_s,0.019342
1756998252.206,latency_s,0.020215
1756998252.206,latency_s,0.018413
1756998252.206,latency_s,0.018441
1756998252.206,latency_s,0.018534
1756998252.210,latency_s,0.019287
1756998252.210,latency_s,0.019120
1756998252.216,latency_s,0.024553
1756998252.216,latency_s,0.022465
1756998252.216,latency_s,0.022475
1756998252.216,latency_s,0.022552
1756998252.216,latency_s,0.022642
1756998252.216,latency_s,0.021810
1756998252.216,latency_s,0.021944
1756998252.216,latency_s,0.021649
1756998252.221,latency_s,0.026188
1756998252.221,latency_s,0.025681
1756998252.221,latency_s,0.024400
1756998252.221,latency_s,0.023899
1756998252.221,latency_s,0.023937
1756998252.222,latency_s,0.024036
1756998252.248,latency_s,0.019270
1756998252.299,latency_s,0.018890
1756998252.305,latency_s,0.018682
1756998252.305,latency_s,0.018710
1756998252.310,latency_s,0.021299
1756998252.310,latency_s,0.021399
1756998252.310,latency_s,0.021583
1756998252.310,latency_s,0.018751
1756998252.310,latency_s,0.018938
1756998252.314,latency_s,0.022233
1756998252.314,latency_s,0.020234
1756998252.314,latency_s,0.020459
1756998252.314,latency_s,0.020537
1756998252.314,latency_s,0.020820
1756998252.314,latency_s,0.019681
1756998252.314,latency_s,0.019902
1756998252.314,latency_s,0.019430
1756998252.322,latency_s,0.026027
1756998252.322,latency_s,0.025728
1756998252.322,latency_s,0.024131
1756998252.322,latency_s,0.023888
1756998252.322,latency_s,0.023895
1756998252.322,latency_s,0.023969
1756998252.350,latency_s,0.020370
1756998252.400,latency_s,0.019489
1756998252.405,latency_s,0.018684
1756998252.408,latency_s,0.020149
1756998252.408,latency_s,0.019361
1756998252.408,latency_s,0.019200
1756998252.408,latency_s,0.019389
1756998252.411,latency_s,0.019231
1756998252.411,latency_s,0.018991
1756998252.411,latency_s,0.019479
1756998252.416,latency_s,0.022531
1756998252.416,latency_s,0.022603
1756998252.416,latency_s,0.022539
1756998252.417,latency_s,0.022654
1756998252.417,latency_s,0.021878
1756998252.417,latency_s,0.021442
1756998252.417,latency_s,0.021939
1756998252.425,latency_s,0.028779
1756998252.425,latency_s,0.027759
1756998252.425,latency_s,0.027087
1756998252.425,latency_s,0.026863
1756998252.425,latency_s,0.026325
1756998252.425,latency_s,0.026782
1756998252.451,latency_s,0.020079
1756998252.501,latency_s,0.019775
1756998252.508,latency_s,0.021658
1756998252.508,latency_s,0.020781
1756998252.508,latency_s,0.019155
1756998252.509,latency_s,0.019354
1756998252.509,latency_s,0.019242
1756998252.511,latency_s,0.018652
1756998252.512,latency_s,0.018343
1756998252.517,latency_s,0.022564
1756998252.517,latency_s,0.022834
1756998252.517,latency_s,0.022765
1756998252.518,latency_s,0.022619
1756998252.518,latency_s,0.022788
1756998252.518,latency_s,0.022686
1756998252.518,latency_s,0.022179
1756998252.518,latency_s,0.022337
1756998252.518,latency_s,0.021171
1756998252.524,latency_s,0.026175
1756998252.524,latency_s,0.025598
1756998252.524,latency_s,0.025423
1756998252.524,latency_s,0.025117
1756998252.524,latency_s,0.024893
1756998252.553,latency_s,0.020318
1756998252.601,latency_s,0.019297
1756998252.605,latency_s,0.018581
1756998252.609,latency_s,0.021471
1756998252.609,latency_s,0.019669
1756998252.610,latency_s,0.019743
1756998252.610,latency_s,0.019923
1756998252.613,latency_s,0.020241
1756998252.613,latency_s,0.019282
1756998252.614,latency_s,0.019563
1756998252.615,latency_s,0.020383
1756998252.615,latency_s,0.020302
1756998252.615,latency_s,0.020522
1756998252.615,latency_s,0.019421
1756998252.616,latency_s,0.019995
1756998252.625,latency_s,0.027802
1756998252.625,latency_s,0.029639
1756998252.625,latency_s,0.028676
1756998252.625,latency_s,0.026860
1756998252.625,latency_s,0.026703
1756998252.625,latency_s,0.026422
1756998252.625,latency_s,0.026252
1756998252.625,latency_s,0.025832
1756998252.653,latency_s,0.019721
1756998252.701,latency_s,0.019047
1756998252.717,latency_s,0.025991
1756998252.717,latency_s,0.026120
1756998252.717,latency_s,0.024957
1756998252.717,latency_s,0.025070
1756998252.717,latency_s,0.024975
1756998252.717,latency_s,0.023991
1756998252.717,latency_s,0.022588
1756998252.717,latency_s,0.022022
1756998252.717,latency_s,0.021733
1756998252.717,latency_s,0.021768
1756998252.717,latency_s,0.021714
1756998252.717,latency_s,0.020887
1756998252.717,latency_s,0.020869
1756998252.731,latency_s,0.033683
1756998252.731,latency_s,0.034134
1756998252.731,latency_s,0.033638
1756998252.731,latency_s,0.031622
1756998252.731,latency_s,0.031568
1756998252.731,latency_s,0.031699
1756998252.731,latency_s,0.031542
1756998252.731,latency_s,0.030924
1756998252.754,latency_s,0.020279
1756998252.802,latency_s,0.020088
1756998252.812,latency_s,0.020779
1756998252.812,latency_s,0.020847
1756998252.813,latency_s,0.020627
1756998252.813,latency_s,0.020616
1756998252.813,latency_s,0.020443
1756998252.813,latency_s,0.018824
1756998252.817,latency_s,0.022155
1756998252.817,latency_s,0.022129
1756998252.818,latency_s,0.022156
1756998252.818,latency_s,0.021749
1756998252.818,latency_s,0.021903
1756998252.818,latency_s,0.020092
1756998252.818,latency_s,0.020139
1756998252.827,latency_s,0.029877
1756998252.827,latency_s,0.029270
1756998252.827,latency_s,0.029232
1756998252.827,latency_s,0.027416
1756998252.827,latency_s,0.027544
1756998252.827,latency_s,0.027386
1756998252.828,latency_s,0.027274
1756998252.828,latency_s,0.027830
1756998252.856,latency_s,0.020107
1756998252.902,latency_s,0.019628
1756998252.916,latency_s,0.023626
1756998252.916,latency_s,0.023714
1756998252.916,latency_s,0.023352
1756998252.916,latency_s,0.023418
1756998252.916,latency_s,0.024003
1756998252.916,latency_s,0.022064
1756998252.916,latency_s,0.020195
1756998252.916,latency_s,0.020203
1756998252.916,latency_s,0.020262
1756998252.917,latency_s,0.020309
1756998252.921,latency_s,0.022096
1756998252.921,latency_s,0.022086
1756998252.931,latency_s,0.032681
1756998252.931,latency_s,0.032710
1756998252.931,latency_s,0.032308
1756998252.931,latency_s,0.031390
1756998252.932,latency_s,0.031237
1756998252.932,latency_s,0.031252
1756998252.932,latency_s,0.030950
1756998252.932,latency_s,0.030769
1756998252.957,latency_s,0.020150
1756998253.002,latency_s,0.019029
1756998253.013,latency_s,0.020441
1756998253.013,latency_s,0.020552
1756998253.013,latency_s,0.020678
1756998253.014,latency_s,0.020733
1756998253.014,latency_s,0.020528
1756998253.014,latency_s,0.019289
1756998253.020,latency_s,0.022769
1756998253.020,latency_s,0.022833
1756998253.020,latency_s,0.023070
1756998253.020,latency_s,0.023220
1756998253.020,latency_s,0.021281
1756998253.020,latency_s,0.020248
1756998253.020,latency_s,0.020699
1756998253.021,latency_s,0.020399
1756998253.029,latency_s,0.029447
1756998253.030,latency_s,0.029106
1756998253.030,latency_s,0.028689
1756998253.030,latency_s,0.028867
1756998253.030,latency_s,0.028759
1756998253.030,latency_s,0.028293
1756998253.031,latency_s,0.134931
1756998253.031,latency_s,0.034308
1756998253.057,latency_s,0.019416
1756998253.104,latency_s,0.020059
1756998253.114,latency_s,0.020856
1756998253.114,latency_s,0.021024
1756998253.114,latency_s,0.021105
1756998253.114,latency_s,0.020639
1756998253.114,latency_s,0.020909
1756998253.114,latency_s,0.019019
1756998253.117,latency_s,0.020336
1756998253.118,latency_s,0.020997
1756998253.118,latency_s,0.020864
1756998253.118,latency_s,0.021127
1756998253.118,latency_s,0.020712
1756998253.119,latency_s,0.020240
1756998253.122,latency_s,0.021425
1756998253.122,latency_s,0.020773
1756998253.130,latency_s,0.028690
1756998253.130,latency_s,0.030203
1756998253.130,latency_s,0.029249
1756998253.131,latency_s,0.029350
1756998253.131,latency_s,0.028920
1756998253.131,latency_s,0.029704
1756998253.158,latency_s,0.020080
1756998253.205,latency_s,0.019706
1756998253.215,latency_s,0.020863
1756998253.215,latency_s,0.020950
1756998253.215,latency_s,0.020462
1756998253.215,latency_s,0.020713
1756998253.215,latency_s,0.021021
1756998253.215,latency_s,0.019195
1756998253.219,latency_s,0.021181
1756998253.219,latency_s,0.020873
1756998253.220,latency_s,0.021281
1756998253.220,latency_s,0.021553
1756998253.220,latency_s,0.021302
1756998253.220,latency_s,0.019609
1756998253.220,latency_s,0.019019
1756998253.220,latency_s,0.019052
1756998253.220,latency_s,0.018700
1756998253.230,latency_s,0.028327
1756998253.230,latency_s,0.028602
1756998253.230,latency_s,0.028253
1756998253.230,latency_s,0.027679
1756998253.230,latency_s,0.028980
1756998253.240,latency_s,0.139073
1756998253.240,latency_s,0.038907
1756998253.260,latency_s,0.020727
1756998253.306,latency_s,0.019819
1756998253.314,latency_s,0.019464
1756998253.314,latency_s,0.019578
1756998253.314,latency_s,0.019627
1756998253.314,latency_s,0.019527
1756998253.316,latency_s,0.020241
1756998253.317,latency_s,0.018349
1756998253.317,latency_s,0.018434
1756998253.317,latency_s,0.018150
1756998253.320,latency_s,0.020856
1756998253.320,latency_s,0.021224
1756998253.322,latency_s,0.020746
1756998253.323,latency_s,0.020839
1756998253.324,latency_s,0.020783
1756998253.324,latency_s,0.021215
1756998253.329,latency_s,0.027735
1756998253.330,latency_s,0.026816
1756998253.330,latency_s,0.027579
1756998253.330,latency_s,0.026789
1756998253.330,latency_s,0.027796
1756998253.360,latency_s,0.019145
1756998253.407,latency_s,0.019971
1756998253.419,latency_s,0.023734
1756998253.419,latency_s,0.023766
1756998253.419,latency_s,0.023791
1756998253.419,latency_s,0.023446
1756998253.419,latency_s,0.022034
1756998253.419,latency_s,0.020019
1756998253.419,latency_s,0.020149
1756998253.419,latency_s,0.019891
1756998253.419,latency_s,0.020200
1756998253.420,latency_s,0.020227
1756998253.423,latency_s,0.021093
1756998253.423,latency_s,0.021138
1756998253.423,latency_s,0.020096
1756998253.423,latency_s,0.021095
1756998253.423,latency_s,0.020420
1756998253.434,latency_s,0.031395
1756998253.434,latency_s,0.031012
1756998253.434,latency_s,0.031815
1756998253.434,latency_s,0.031162
1756998253.434,latency_s,0.139830
1756998253.434,latency_s,0.039238
1756998253.439,latency_s,0.136569
1756998253.439,latency_s,0.036331
1756998253.461,latency_s,0.019847
1756998253.507,latency_s,0.019728
1756998253.516,latency_s,0.020686
1756998253.516,latency_s,0.020602
1756998253.516,latency_s,0.020428
1756998253.516,latency_s,0.019598
1756998253.516,latency_s,0.019902
1756998253.516,latency_s,0.019153
1756998253.519,latency_s,0.019370
1756998253.519,latency_s,0.019859
1756998253.520,latency_s,0.019715
1756998253.520,latency_s,0.019701
1756998253.520,latency_s,0.020068
1756998253.524,latency_s,0.021186
1756998253.524,latency_s,0.021068
1756998253.524,latency_s,0.021270
1756998253.524,latency_s,0.020176
1756998253.531,latency_s,0.028170
1756998253.532,latency_s,0.028625
1756998253.532,latency_s,0.028354
1756998253.532,latency_s,0.028833
1756998253.532,latency_s,0.028381
1756998253.563,latency_s,0.019189
1756998253.607,latency_s,0.019648
1756998253.616,latency_s,0.020219
1756998253.616,latency_s,0.019498
1756998253.616,latency_s,0.019623
1756998253.616,latency_s,0.020379
1756998253.616,latency_s,0.020082
1756998253.616,latency_s,0.019206
1756998253.621,latency_s,0.020828
1756998253.621,latency_s,0.020874
1756998253.621,latency_s,0.020428
1756998253.621,latency_s,0.020965
1756998253.621,latency_s,0.020730
1756998253.621,latency_s,0.018433
1756998253.623,latency_s,0.019917
1756998253.625,latency_s,0.021797
1756998253.625,latency_s,0.021365
1756998253.625,latency_s,0.021657
1756998253.631,latency_s,0.027514
1756998253.631,latency_s,0.028190
1756998253.632,latency_s,0.027838
1756998253.632,latency_s,0.027527
1756998253.647,latency_s,0.143365
1756998253.647,latency_s,0.042935
1756998253.665,latency_s,0.020391
1756998253.707,latency_s,0.019490
1756998253.717,latency_s,0.020496
1756998253.717,latency_s,0.019283
1756998253.717,latency_s,0.019356
1756998253.717,latency_s,0.019572
1756998253.717,latency_s,0.018698
1756998253.717,latency_s,0.018553
1756998253.721,latency_s,0.020395
1756998253.721,latency_s,0.020340
1756998253.721,latency_s,0.020556
1756998253.721,latency_s,0.020151
1756998253.721,latency_s,0.020550
1756998253.725,latency_s,0.020534
1756998253.725,latency_s,0.021044
1756998253.725,latency_s,0.020920
1756998253.725,latency_s,0.021387
1756998253.725,latency_s,0.020072
1756998253.725,latency_s,0.020679
1756998253.725,latency_s,0.020678
1756998253.732,latency_s,0.027488
1756998253.732,latency_s,0.028098
1756998253.732,latency_s,0.028371
1756998253.767,latency_s,0.019473
1756998253.808,latency_s,0.018918
1756998253.817,latency_s,0.019991
1756998253.817,latency_s,0.019033
1756998253.817,latency_s,0.019022
1756998253.817,latency_s,0.018936
1756998253.817,latency_s,0.018186
1756998253.820,latency_s,0.020452
1756998253.820,latency_s,0.018993
1756998253.820,latency_s,0.018809
1756998253.820,latency_s,0.019148
1756998253.820,latency_s,0.019181
1756998253.820,latency_s,0.018727
1756998253.823,latency_s,0.019369
1756998253.823,latency_s,0.019264
1756998253.826,latency_s,0.020916
1756998253.826,latency_s,0.020908
1756998253.826,latency_s,0.019479
1756998253.826,latency_s,0.021383
1756998253.832,latency_s,0.026194
1756998253.832,latency_s,0.026130
1756998253.832,latency_s,0.026410
1756998253.832,latency_s,0.026491
1756998253.866,latency_s,0.018444
1756998253.908,latency_s,0.019452
1756998253.917,latency_s,0.019317
1756998253.917,latency_s,0.018578
1756998253.920,latency_s,0.021818
1756998253.920,latency_s,0.021826
1756998253.920,latency_s,0.020938
1756998253.920,latency_s,0.021134
1756998253.923,latency_s,0.022726
1756998253.924,latency_s,0.022669
1756998253.924,latency_s,0.022785
1756998253.924,latency_s,0.022395
1756998253.924,latency_s,0.022173
1756998253.924,latency_s,0.019580
1756998253.924,latency_s,0.019046
1756998253.924,latency_s,0.019281
1756998253.924,latency_s,0.018991
1756998253.926,latency_s,0.018979
1756998253.926,latency_s,0.019203
1756998253.933,latency_s,0.026118
1756998253.933,latency_s,0.026067
1756998253.933,latency_s,0.026047
1756998253.933,latency_s,0.025989
1756998253.969,latency_s,0.020456
1756998254.009,latency_s,0.019586
1756998254.017,latency_s,0.019460
1756998254.024,latency_s,0.024068
1756998254.024,latency_s,0.024374
1756998254.024,latency_s,0.025064
1756998254.024,latency_s,0.024768
1756998254.024,latency_s,0.024637
1756998254.025,latency_s,0.023595
1756998254.025,latency_s,0.023431
1756998254.025,latency_s,0.023473
1756998254.025,latency_s,0.023032
1756998254.025,latency_s,0.022913
1756998254.025,latency_s,0.019804
1756998254.025,latency_s,0.020176
1756998254.025,latency_s,0.019991
1756998254.025,latency_s,0.019275
1756998254.025,latency_s,0.018301
1756998254.025,latency_s,0.018242
1756998254.025,latency_s,0.018090
1756998254.028,latency_s,0.020574
1756998254.039,latency_s,0.031239
1756998254.039,latency_s,0.031702
1756998254.070,latency_s,0.019662
1756998254.110,latency_s,0.020039
1756998254.117,latency_s,0.018559
1756998254.119,latency_s,0.019438
1756998254.119,latency_s,0.019397
1756998254.119,latency_s,0.019616
1756998254.119,latency_s,0.019149
1756998254.119,latency_s,0.018986
1756998254.120,latency_s,0.017860
1756998254.122,latency_s,0.020422
1756998254.122,latency_s,0.020224
1756998254.122,latency_s,0.020572
1756998254.122,latency_s,0.019925
1756998254.126,latency_s,0.019712
1756998254.126,latency_s,0.019874
1756998254.127,latency_s,0.019948
1756998254.127,latency_s,0.019262
1756998254.127,latency_s,0.019068
1756998254.127,latency_s,0.018659
1756998254.127,latency_s,0.018796
1756998254.149,latency_s,0.041385
1756998254.149,latency_s,0.041977
1756998254.149,latency_s,0.041581
1756998254.225,latency_s,0.073121
1756998254.225,latency_s,0.034590
1756998254.225,latency_s,0.026244
1756998254.225,latency_s,0.025127
1756998254.225,latency_s,0.025217
1756998254.225,latency_s,0.025081
1756998254.225,latency_s,0.024470
1756998254.225,latency_s,0.024477
1756998254.225,latency_s,0.023475
1756998254.225,latency_s,0.023478
1756998254.225,latency_s,0.023414
1756998254.225,latency_s,0.022170
1756998254.225,latency_s,0.022109
1756998254.233,latency_s,0.026260
1756998254.233,latency_s,0.026171
1756998254.233,latency_s,0.026341
1756998254.233,latency_s,0.025551
1756998254.233,latency_s,0.024620
1756998254.233,latency_s,0.024877
1756998254.233,latency_s,0.025443
1756998254.233,latency_s,0.025504
1756998254.233,latency_s,0.024795
1756998254.233,latency_s,0.025216
1756998254.272,latency_s,0.019181
1756998254.311,latency_s,0.020347
1756998254.318,latency_s,0.018648
1756998254.322,latency_s,0.021748
1756998254.322,latency_s,0.021602
1756998254.322,latency_s,0.021768
1756998254.322,latency_s,0.021026
1756998254.322,latency_s,0.020080
1756998254.322,latency_s,0.019799
1756998254.322,latency_s,0.020356
1756998254.325,latency_s,0.022816
1756998254.325,latency_s,0.021644
1756998254.325,latency_s,0.021723
1756998254.338,latency_s,0.030561
1756998254.338,latency_s,0.030506
1756998254.338,latency_s,0.030491
1756998254.338,latency_s,0.030250
1756998254.338,latency_s,0.030211
1756998254.338,latency_s,0.029737
1756998254.338,latency_s,0.029380
1756998254.338,latency_s,0.029776
1756998254.338,latency_s,0.029388
1756998254.338,latency_s,0.029349
1756998254.373,latency_s,0.020257
1756998254.410,latency_s,0.019136
1756998254.420,latency_s,0.019794
1756998254.420,latency_s,0.019846
1756998254.420,latency_s,0.019716
1756998254.420,latency_s,0.019534
1756998254.420,latency_s,0.018191
1756998254.421,latency_s,0.019017
1756998254.421,latency_s,0.019149
1756998254.421,latency_s,0.018710
1756998254.421,latency_s,0.018553
1756998254.425,latency_s,0.020869
1756998254.425,latency_s,0.020947
1756998254.436,latency_s,0.027507
1756998254.436,latency_s,0.027164
1756998254.436,latency_s,0.027891
1756998254.436,latency_s,0.027755
1756998254.436,latency_s,0.027039
1756998254.436,latency_s,0.026731
1756998254.436,latency_s,0.026668
1756998254.436,latency_s,0.026574
1756998254.436,latency_s,0.027288
1756998254.474,latency_s,0.020014
1756998254.511,latency_s,0.019578
1756998254.523,latency_s,0.022440
1756998254.523,latency_s,0.022312
1756998254.523,latency_s,0.022049
1756998254.523,latency_s,0.022357
1756998254.523,latency_s,0.020824
1756998254.523,latency_s,0.020853
1756998254.523,latency_s,0.020154
1756998254.523,latency_s,0.020248
1756998254.523,latency_s,0.020205
1756998254.524,latency_s,0.018904
1756998254.527,latency_s,0.022026
1756998254.539,latency_s,0.030163
1756998254.539,latency_s,0.030252
1756998254.539,latency_s,0.029899
1756998254.539,latency_s,0.029746
1756998254.539,latency_s,0.030177
1756998254.539,latency_s,0.029386
1756998254.539,latency_s,0.029870
1756998254.539,latency_s,0.029410
1756998254.539,latency_s,0.029356
1756998254.552,latency_s,0.142803
1756998254.552,latency_s,0.042704
1756998254.575,latency_s,0.019188
1756998254.611,latency_s,0.019337
1756998254.627,latency_s,0.025631
1756998254.627,latency_s,0.025315
1756998254.627,latency_s,0.025659
1756998254.627,latency_s,0.025249
1756998254.627,latency_s,0.024376
1756998254.627,latency_s,0.024210
1756998254.627,latency_s,0.022769
1756998254.627,latency_s,0.022211
1756998254.627,latency_s,0.021999
1756998254.627,latency_s,0.022473
1756998254.627,latency_s,0.021924
1756998254.640,latency_s,0.030618
1756998254.640,latency_s,0.030507
1756998254.640,latency_s,0.030790
1756998254.640,latency_s,0.030074
1756998254.640,latency_s,0.030084
1756998254.640,latency_s,0.030807
1756998254.640,latency_s,0.030310
1756998254.640,latency_s,0.030197
1756998254.641,latency_s,0.030354
1756998254.641,latency_s,0.030880
1756998254.675,latency_s,0.019290
1756998260.620,latency_s,0.022334
1756998260.620,latency_s,0.022620
1756998260.624,latency_s,0.025715
1756998260.624,latency_s,0.026792
1756998260.624,latency_s,0.026071
1756998260.624,latency_s,0.025421
1756998260.624,latency_s,0.022880
1756998260.624,latency_s,0.022334
1756998260.624,latency_s,0.027562
1756998260.624,latency_s,0.027294
1756998260.637,latency_s,0.035908
1756998260.637,latency_s,0.039139
1756998260.637,latency_s,0.038759
1756998260.637,latency_s,0.036172
1756998260.637,latency_s,0.036330
1756998260.637,latency_s,0.032316
1756998260.637,latency_s,0.032805
1756998260.637,latency_s,0.032024
1756998260.637,latency_s,0.032221
1756998260.637,latency_s,0.032659
1756998260.637,latency_s,0.038712
1756998260.637,latency_s,0.031681
1756998260.637,latency_s,0.035732
1756998260.724,latency_s,0.025456
1756998260.724,latency_s,0.025628
1756998260.724,latency_s,0.026483
1756998260.724,latency_s,0.025598
1756998260.724,latency_s,0.025980
1756998260.724,latency_s,0.025078
1756998260.724,latency_s,0.025297
1756998260.724,latency_s,0.026559
1756998260.724,latency_s,0.023080
1756998260.724,latency_s,0.022857
1756998260.724,latency_s,0.021872
1756998260.725,latency_s,0.019862
1756998260.739,latency_s,0.034020
1756998260.739,latency_s,0.034252
1756998260.739,latency_s,0.034346
1756998260.739,latency_s,0.033777
1756998260.739,latency_s,0.033170
1756998260.739,latency_s,0.032775
1756998260.739,latency_s,0.033348
1756998260.739,latency_s,0.033167
1756998260.739,latency_s,0.032548
1756998260.739,latency_s,0.032562
1756998260.739,latency_s,0.031116
1756998260.821,latency_s,0.023472
1756998260.822,latency_s,0.023247
1756998260.822,latency_s,0.023184
1756998260.822,latency_s,0.023183
1756998260.822,latency_s,0.023042
1756998260.822,latency_s,0.022752
1756998260.822,latency_s,0.022247
1756998260.822,latency_s,0.022379
1756998260.822,latency_s,0.019401
1756998260.822,latency_s,0.019071
1756998260.822,latency_s,0.019676
1756998260.825,latency_s,0.019919
1756998260.837,latency_s,0.032306
1756998260.837,latency_s,0.031869
1756998260.837,latency_s,0.032161
1756998260.837,latency_s,0.030206
1756998260.838,latency_s,0.030967
1756998260.838,latency_s,0.030903
1756998260.838,latency_s,0.031070
1756998260.838,latency_s,0.032084
1756998260.838,latency_s,0.030800
1756998260.838,latency_s,0.031682
1756998260.838,latency_s,0.028711
1756998260.920,latency_s,0.021102
1756998260.921,latency_s,0.020855
1756998260.924,latency_s,0.018277
1756998260.927,latency_s,0.020074
1756998260.929,latency_s,0.022107
1756998260.929,latency_s,0.023250
1756998260.929,latency_s,0.022893
1756998260.929,latency_s,0.022464
1756998260.929,latency_s,0.023024
1756998260.929,latency_s,0.023571
1756998260.930,latency_s,0.023377
1756998260.930,latency_s,0.022562
1756998260.930,latency_s,0.022395
1756998260.930,latency_s,0.022803
1756998260.930,latency_s,0.023677
1756998260.930,latency_s,0.022338
1756998260.930,latency_s,0.022118
1756998260.930,latency_s,0.024033
1756998260.930,latency_s,0.022578
1756998260.930,latency_s,0.024265
1756998260.930,latency_s,0.022876
1756998260.930,latency_s,0.024291
1756998260.930,latency_s,0.020328
1756998261.020,latency_s,0.020609
1756998261.022,latency_s,0.018712
1756998261.027,latency_s,0.020822
1756998261.027,latency_s,0.020449
1756998261.027,latency_s,0.021029
1756998261.031,latency_s,0.024707
1756998261.031,latency_s,0.023396
1756998261.031,latency_s,0.023764
1756998261.031,latency_s,0.024754
1756998261.031,latency_s,0.024324
1756998261.031,latency_s,0.024276
1756998261.031,latency_s,0.024648
1756998261.032,latency_s,0.025136
1756998261.032,latency_s,0.024560
1756998261.032,latency_s,0.023632
1756998261.032,latency_s,0.024582
1756998261.032,latency_s,0.023422
1756998261.032,latency_s,0.021194
1756998261.032,latency_s,0.021290
1756998261.036,latency_s,0.025784
1756998261.037,latency_s,0.025754
1756998261.037,latency_s,0.025987
1756998261.037,latency_s,0.026278
1756998261.122,latency_s,0.021827
1756998261.123,latency_s,0.019137
1756998261.125,latency_s,0.018362
1756998261.130,latency_s,0.022341
1756998261.130,latency_s,0.022506
1756998261.130,latency_s,0.021643
1756998261.130,latency_s,0.022268
1756998261.130,latency_s,0.021851
1756998261.130,latency_s,0.022949
1756998261.130,latency_s,0.022429
1756998261.130,latency_s,0.021800
1756998261.130,latency_s,0.021722
1756998261.130,latency_s,0.022537
1756998261.130,latency_s,0.022530
1756998261.130,latency_s,0.023061
1756998261.130,latency_s,0.022871
1756998261.130,latency_s,0.022123
1756998261.131,latency_s,0.019438
1756998261.139,latency_s,0.027865
1756998261.139,latency_s,0.027698
1756998261.139,latency_s,0.027892
1756998261.139,latency_s,0.028147
1756998261.140,latency_s,0.028312
1756998261.221,latency_s,0.019515
1756998261.229,latency_s,0.022088
1756998261.230,latency_s,0.021872
1756998261.230,latency_s,0.021737
1756998261.230,latency_s,0.021425
1756998261.230,latency_s,0.021003
1756998261.230,latency_s,0.021698
1756998261.230,latency_s,0.020982
1756998261.230,latency_s,0.021138
1756998261.230,latency_s,0.022061
1756998261.230,latency_s,0.020710
1756998261.230,latency_s,0.021184
1756998261.230,latency_s,0.020973
1756998261.237,latency_s,0.027037
1756998261.237,latency_s,0.027297
1756998261.237,latency_s,0.027262
1756998261.237,latency_s,0.027496
1756998261.237,latency_s,0.025862
1756998261.237,latency_s,0.025700
1756998261.238,latency_s,0.025888
1756998261.238,latency_s,0.025890
1756998261.238,latency_s,0.025684
1756998261.238,latency_s,0.025779
1756998261.322,latency_s,0.019858
1756998261.328,latency_s,0.020167
1756998261.328,latency_s,0.019980
1756998261.329,latency_s,0.020959
1756998261.332,latency_s,0.023249
1756998261.332,latency_s,0.023142
1756998261.332,latency_s,0.023627
1756998261.332,latency_s,0.022611
1756998261.333,latency_s,0.023903
1756998261.333,latency_s,0.023219
1756998261.333,latency_s,0.024469
1756998261.333,latency_s,0.023306
1756998261.333,latency_s,0.023055
1756998261.333,latency_s,0.022283
1756998261.333,latency_s,0.022461
1756998261.333,latency_s,0.022435
1756998261.333,latency_s,0.022434
1756998261.339,latency_s,0.026609
1756998261.339,latency_s,0.026295
1756998261.339,latency_s,0.026529
1756998261.339,latency_s,0.026442
1756998261.339,latency_s,0.026345
1756998261.339,latency_s,0.026635
1756998261.423,latency_s,0.020903
1756998261.429,latency_s,0.021313
1756998261.429,latency_s,0.021233
1756998261.429,latency_s,0.020952
1756998261.430,latency_s,0.020741
1756998261.430,latency_s,0.020695
1756998261.430,latency_s,0.020354
1756998261.430,latency_s,0.020483
1756998261.430,latency_s,0.020036
1756998261.430,latency_s,0.019694
1756998261.430,latency_s,0.020011
1756998261.430,latency_s,0.019357
1756998261.430,latency_s,0.019300
1756998261.430,latency_s,0.019029
1756998261.440,latency_s,0.029010
1756998261.440,latency_s,0.029098
1756998261.440,latency_s,0.028866
1756998261.440,latency_s,0.027696
1756998261.440,latency_s,0.027534
1756998261.440,latency_s,0.026738
1756998261.440,latency_s,0.026885
1756998261.440,latency_s,0.026490
1756998261.440,latency_s,0.026901
1756998261.523,latency_s,0.020298
1756998261.531,latency_s,0.021660
1756998261.531,latency_s,0.021756
1756998261.531,latency_s,0.021767
1756998261.531,latency_s,0.021620
1756998261.531,latency_s,0.021371
1756998261.531,latency_s,0.021918
1756998261.531,latency_s,0.021408
1756998261.531,latency_s,0.021314
1756998261.531,latency_s,0.020316
1756998261.531,latency_s,0.020918
1756998261.531,latency_s,0.020538
1756998261.531,latency_s,0.019676
1756998261.531,latency_s,0.019838
1756998261.531,latency_s,0.019779
1756998261.531,latency_s,0.019664
1756998261.532,latency_s,0.019950
1756998261.540,latency_s,0.026757
1756998261.540,latency_s,0.026716
1756998261.540,latency_s,0.026325
1756998261.540,latency_s,0.026291
1756998261.540,latency_s,0.026259
1756998261.540,latency_s,0.025850
1756998261.623,latency_s,0.019960
1756998261.632,latency_s,0.022678
1756998261.632,latency_s,0.022766
1756998261.632,latency_s,0.022845
1756998261.632,latency_s,0.022867
1756998261.632,latency_s,0.022015
1756998261.632,latency_s,0.022217
1756998261.632,latency_s,0.022529
1756998261.632,latency_s,0.021578
1756998261.632,latency_s,0.020700
1756998261.632,latency_s,0.020537
1756998261.647,latency_s,0.034668
1756998261.647,latency_s,0.035504
1756998261.647,latency_s,0.035570
1756998261.647,latency_s,0.034914
1756998261.647,latency_s,0.034597
1756998261.647,latency_s,0.034012
1756998261.647,latency_s,0.033450
1756998261.647,latency_s,0.033814
1756998261.647,latency_s,0.033052
1756998261.647,latency_s,0.033375
1756998261.648,latency_s,0.034305
1756998261.648,latency_s,0.033832
1756998261.724,latency_s,0.020265
1756998261.732,latency_s,0.022133
1756998261.732,latency_s,0.021952
1756998261.732,latency_s,0.022054
1756998261.732,latency_s,0.022120
1756998261.732,latency_s,0.021511
1756998261.732,latency_s,0.020784
1756998261.732,latency_s,0.021417
1756998261.732,latency_s,0.021354
1756998261.732,latency_s,0.019489
1756998261.733,latency_s,0.019646
1756998261.741,latency_s,0.028562
1756998261.742,latency_s,0.028725
1756998261.742,latency_s,0.028643
1756998261.742,latency_s,0.028701
1756998261.742,latency_s,0.027960
1756998261.742,latency_s,0.027735
1756998261.742,latency_s,0.027755
1756998261.742,latency_s,0.027315
1756998261.742,latency_s,0.027620
1756998261.742,latency_s,0.027613
1756998261.742,latency_s,0.026992
1756998261.747,latency_s,0.032075
1756998261.825,latency_s,0.021079
1756998261.829,latency_s,0.018629
1756998261.831,latency_s,0.019576
1756998261.831,latency_s,0.020083
1756998261.831,latency_s,0.020145
1756998261.831,latency_s,0.019652
1756998261.831,latency_s,0.019248
1756998261.831,latency_s,0.019357
1756998261.835,latency_s,0.021364
1756998261.835,latency_s,0.021525
1756998261.835,latency_s,0.020965
1756998261.835,latency_s,0.021440
1756998261.835,latency_s,0.021211
1756998261.841,latency_s,0.027402
1756998261.841,latency_s,0.026785
1756998261.841,latency_s,0.026930
1756998261.841,latency_s,0.026203
1756998261.841,latency_s,0.026065
1756998261.841,latency_s,0.025915
1756998261.841,latency_s,0.025647
1756998261.841,latency_s,0.025319
1756998261.841,latency_s,0.025277
1756998261.841,latency_s,0.025868
1756998261.927,latency_s,0.022199
1756998261.932,latency_s,0.021271
1756998261.932,latency_s,0.021152
1756998261.932,latency_s,0.020673
1756998261.932,latency_s,0.020309
1756998261.932,latency_s,0.020969
1756998261.932,latency_s,0.020293
1756998261.932,latency_s,0.020217
1756998261.936,latency_s,0.021604
1756998261.936,latency_s,0.021399
1756998261.936,latency_s,0.021574
1756998261.936,latency_s,0.021310
1756998261.936,latency_s,0.021828
1756998261.936,latency_s,0.021893
1756998261.936,latency_s,0.021385
1756998261.945,latency_s,0.029229
1756998261.945,latency_s,0.028998
1756998261.945,latency_s,0.029499
1756998261.945,latency_s,0.028605
1756998261.945,latency_s,0.029506
1756998261.945,latency_s,0.028773
1756998261.945,latency_s,0.029119
1756998262.026,latency_s,0.020844
1756998262.032,latency_s,0.020786
1756998262.032,latency_s,0.020650
1756998262.032,latency_s,0.020178
1756998262.032,latency_s,0.020112
1756998262.032,latency_s,0.019884
1756998262.032,latency_s,0.019806
1756998262.032,latency_s,0.019415
1756998262.037,latency_s,0.022063
1756998262.037,latency_s,0.022086
1756998262.037,latency_s,0.022251
1756998262.037,latency_s,0.022099
1756998262.042,latency_s,0.027771
1756998262.042,latency_s,0.027556
1756998262.042,latency_s,0.027379
1756998262.042,latency_s,0.026966
1756998262.043,latency_s,0.026991
1756998262.043,latency_s,0.026806
1756998262.043,latency_s,0.026419
1756998262.043,latency_s,0.026681
1756998262.043,latency_s,0.026405
1756998262.043,latency_s,0.026200
1756998262.056,latency_s,0.141100
1756998262.056,latency_s,0.040966
1756998262.126,latency_s,0.020598
1756998262.132,latency_s,0.021179
1756998262.133,latency_s,0.021045
1756998262.133,latency_s,0.020661
1756998262.133,latency_s,0.019786
1756998262.133,latency_s,0.020156
1756998262.133,latency_s,0.019802
1756998262.133,latency_s,0.019979
1756998262.138,latency_s,0.022652
1756998262.138,latency_s,0.022609
1756998262.138,latency_s,0.022300
1756998262.138,latency_s,0.022552
1756998262.138,latency_s,0.022228
1756998262.138,latency_s,0.022484
1756998262.138,latency_s,0.022934
1756998262.141,latency_s,0.026527
1756998262.141,latency_s,0.025809
1756998262.142,latency_s,0.024849
1756998262.142,latency_s,0.024704
1756998262.142,latency_s,0.025292
1756998262.142,latency_s,0.025239
1756998262.142,latency_s,0.025527
1756998262.227,latency_s,0.020526
1756998262.233,latency_s,0.021247
1756998262.233,latency_s,0.021194
1756998262.233,latency_s,0.020790
1756998262.233,latency_s,0.019200
1756998262.233,latency_s,0.019126
1756998262.233,latency_s,0.019287
1756998262.233,latency_s,0.019097
1756998262.233,latency_s,0.018185
1756998262.238,latency_s,0.022151
1756998262.238,latency_s,0.021942
1756998262.238,latency_s,0.022437
1756998262.238,latency_s,0.022271
1756998262.242,latency_s,0.026620
1756998262.242,latency_s,0.026252
1756998262.242,latency_s,0.026650
1756998262.242,latency_s,0.025914
1756998262.242,latency_s,0.025796
1756998262.243,latency_s,0.025681
1756998262.243,latency_s,0.025778
1756998262.243,latency_s,0.025552
1756998262.243,latency_s,0.025412
1756998262.256,latency_s,0.140661
1756998262.257,latency_s,0.040306
1756998262.327,latency_s,0.020338
1756998262.332,latency_s,0.020203
1756998262.332,latency_s,0.020369
1756998262.332,latency_s,0.019737
1756998262.336,latency_s,0.021540
1756998262.336,latency_s,0.021533
1756998262.336,latency_s,0.021669
1756998262.336,latency_s,0.021699
1756998262.336,latency_s,0.021290
1756998262.336,latency_s,0.021064
1756998262.337,latency_s,0.020494
1756998262.337,latency_s,0.020625
1756998262.337,latency_s,0.020814
1756998262.337,latency_s,0.020337
1756998262.337,latency_s,0.020397
1756998262.337,latency_s,0.019927
1756998262.343,latency_s,0.026199
1756998262.343,latency_s,0.026251
1756998262.343,latency_s,0.026239
1756998262.343,latency_s,0.026649
1756998262.343,latency_s,0.026050
1756998262.343,latency_s,0.025923
1756998262.343,latency_s,0.025786
1756998262.427,latency_s,0.019930
1756998262.432,latency_s,0.020017
1756998262.432,latency_s,0.020046
1756998262.433,latency_s,0.019842
1756998262.436,latency_s,0.020769
1756998262.436,latency_s,0.021038
1756998262.436,latency_s,0.020956
1756998262.437,latency_s,0.021194
1756998262.437,latency_s,0.020344
1756998262.437,latency_s,0.020943
1756998262.437,latency_s,0.020440
1756998262.437,latency_s,0.021406
1756998262.437,latency_s,0.019522
1756998262.437,latency_s,0.020661
1756998262.437,latency_s,0.019790
1756998262.443,latency_s,0.024791
1756998262.443,latency_s,0.025246
1756998262.443,latency_s,0.025107
1756998262.443,latency_s,0.025124
1756998262.443,latency_s,0.025294
1756998262.443,latency_s,0.025109
1756998262.443,latency_s,0.025357
1756998262.443,latency_s,0.025346
1756998262.526,latency_s,0.018566
1756998262.532,latency_s,0.019375
1756998262.532,latency_s,0.019183
1756998262.536,latency_s,0.020057
1756998262.536,latency_s,0.020008
1756998262.536,latency_s,0.020055
1756998262.536,latency_s,0.019966
1756998262.536,latency_s,0.020347
1756998262.536,latency_s,0.019828
1756998262.536,latency_s,0.019888
1756998262.536,latency_s,0.019717
1756998262.538,latency_s,0.019802
1756998262.538,latency_s,0.018981
1756998262.538,latency_s,0.021299
1756998262.538,latency_s,0.021795
1756998262.539,latency_s,0.019696
1756998262.544,latency_s,0.024737
1756998262.544,latency_s,0.024540
1756998262.544,latency_s,0.024680
1756998262.544,latency_s,0.024514
1756998262.544,latency_s,0.024772
1756998262.544,latency_s,0.025716
1756998262.544,latency_s,0.024700
1756998262.629,latency_s,0.020486
1756998262.633,latency_s,0.020396
1756998262.633,latency_s,0.020232
1756998262.636,latency_s,0.020025
1756998262.636,latency_s,0.020034
1756998262.636,latency_s,0.020001
1756998262.637,latency_s,0.020383
1756998262.637,latency_s,0.019928
1756998262.637,latency_s,0.019468
1756998262.637,latency_s,0.019500
1756998262.637,latency_s,0.020049
1756998262.637,latency_s,0.019579
1756998262.637,latency_s,0.018959
1756998262.640,latency_s,0.020556
1756998262.640,latency_s,0.021156
1756998262.645,latency_s,0.025646
1756998262.645,latency_s,0.025325
1756998262.645,latency_s,0.025234
1756998262.645,latency_s,0.025074
1756998262.645,latency_s,0.024047
1756998262.645,latency_s,0.025734
1756998262.645,latency_s,0.022740
1756998262.646,latency_s,0.022958
1756998262.729,latency_s,0.019294
1756998262.734,latency_s,0.019853
1756998262.734,latency_s,0.019982
1756998262.735,latency_s,0.018775
1756998262.741,latency_s,0.022999
1756998262.741,latency_s,0.022846
1756998262.741,latency_s,0.023205
1756998262.741,latency_s,0.022609
1756998262.741,latency_s,0.023526
1756998262.741,latency_s,0.022585
1756998262.741,latency_s,0.023706
1756998262.741,latency_s,0.023149
1756998262.741,latency_s,0.021927
1756998262.742,latency_s,0.021506
1756998262.742,latency_s,0.021530
1756998262.742,latency_s,0.020541
1756998262.743,latency_s,0.020643
1756998262.747,latency_s,0.023704
1756998262.751,latency_s,0.029535
1756998262.751,latency_s,0.023181
1756998262.751,latency_s,0.026834
1756998262.756,latency_s,0.027135
1756998262.756,latency_s,0.023437
1756998262.830,latency_s,0.020263
1756998262.834,latency_s,0.019492
1756998262.834,latency_s,0.019574
1756998262.836,latency_s,0.018866
1756998262.840,latency_s,0.021395
1756998262.840,latency_s,0.021395
1756998262.854,latency_s,0.035539
1756998262.854,latency_s,0.035087
1756998262.854,latency_s,0.035922
1756998262.854,latency_s,0.035437
1756998262.854,latency_s,0.035706
1756998262.854,latency_s,0.034201
1756998262.854,latency_s,0.034245
1756998262.854,latency_s,0.035480
1756998262.855,latency_s,0.034703
1756998262.855,latency_s,0.032800
1756998262.855,latency_s,0.029421
1756998262.855,latency_s,0.029481
1756998262.855,latency_s,0.027599
1756998262.855,latency_s,0.027608
1756998262.856,latency_s,0.026793
1756998262.856,latency_s,0.023344
1756998262.856,latency_s,0.022970
1756998262.929,latency_s,0.019238
1756998262.934,latency_s,0.019554
1756998262.935,latency_s,0.019743
1756998262.937,latency_s,0.018498
1756998262.942,latency_s,0.022746
1756998262.942,latency_s,0.022915
1756998262.942,latency_s,0.022659
1756998262.942,latency_s,0.022820
1756998262.942,latency_s,0.022819
1756998262.942,latency_s,0.022435
1756998262.942,latency_s,0.022553
1756998262.945,latency_s,0.026175
1756998262.945,latency_s,0.024964
1756998262.945,latency_s,0.024924
1756998262.945,latency_s,0.024430
1756998262.945,latency_s,0.021531
1756998262.949,latency_s,0.022482
1756998262.950,latency_s,0.022384
1756998262.950,latency_s,0.021589
1756998262.950,latency_s,0.021654
1756998262.950,latency_s,0.020899
1756998262.952,latency_s,0.018926
1756998262.957,latency_s,0.023921
1756998263.031,latency_s,0.019723
1756998263.035,latency_s,0.019701
1756998263.035,latency_s,0.019645
1756998263.037,latency_s,0.019154
1756998263.041,latency_s,0.021681
1756998263.041,latency_s,0.021972
1756998263.042,latency_s,0.021965
1756998263.042,latency_s,0.021684
1756998263.042,latency_s,0.021901
1756998263.042,latency_s,0.022292
1756998263.042,latency_s,0.021170
1756998263.042,latency_s,0.021492
1756998263.042,latency_s,0.021750
1756998263.042,latency_s,0.021049
1756998263.046,latency_s,0.024388
1756998263.046,latency_s,0.021088
1756998263.051,latency_s,0.023245
1756998263.051,latency_s,0.023052
1756998263.051,latency_s,0.022040
1756998263.051,latency_s,0.021539
1756998263.051,latency_s,0.021801
1756998263.053,latency_s,0.019252
1756998263.057,latency_s,0.022732
1756998263.132,latency_s,0.020155
1756998263.134,latency_s,0.018683
1756998263.135,latency_s,0.019176
1756998263.138,latency_s,0.018701
1756998263.139,latency_s,0.018890
1756998263.140,latency_s,0.018649
1756998263.140,latency_s,0.018878
1756998263.142,latency_s,0.021078
1756998263.142,latency_s,0.021405
1756998263.142,latency_s,0.020680
1756998263.142,latency_s,0.020539
1756998263.142,latency_s,0.021424
1756998263.142,latency_s,0.021138
1756998263.142,latency_s,0.021171
1756998263.142,latency_s,0.020436
1756998263.144,latency_s,0.018395
1756998263.148,latency_s,0.018565
1756998263.148,latency_s,0.018513
1756998263.148,latency_s,0.018886
1756998263.150,latency_s,0.020740
1756998263.150,latency_s,0.020572
1756998263.154,latency_s,0.018535
1756998263.156,latency_s,0.019908
1756998263.232,latency_s,0.020054
1756998263.237,latency_s,0.020324
1756998263.237,latency_s,0.020358
1756998263.238,latency_s,0.018383
1756998263.239,latency_s,0.018554
1756998263.243,latency_s,0.021067
1756998263.243,latency_s,0.020920
1756998263.243,latency_s,0.020783
1756998263.243,latency_s,0.020757
1756998263.243,latency_s,0.020462
1756998263.243,latency_s,0.020915
1756998263.243,latency_s,0.020881
1756998263.243,latency_s,0.020755
1756998263.247,latency_s,0.024372
1756998263.247,latency_s,0.024596
1756998263.247,latency_s,0.020565
1756998263.252,latency_s,0.021514
1756998263.252,latency_s,0.021487
1756998263.252,latency_s,0.021732
1756998263.252,latency_s,0.021198
1756998263.252,latency_s,0.021253
1756998263.257,latency_s,0.020910
1756998263.258,latency_s,0.021498
1756998263.332,latency_s,0.019285
1756998263.338,latency_s,0.020627
1756998263.338,latency_s,0.021017
1756998263.338,latency_s,0.018279
1756998263.339,latency_s,0.018184
1756998263.341,latency_s,0.019263
1756998263.342,latency_s,0.018948
1756998263.342,latency_s,0.019265
1756998263.342,latency_s,0.019047
1756998263.344,latency_s,0.021655
1756998263.345,latency_s,0.021538
1756998263.345,latency_s,0.021897
1756998263.345,latency_s,0.022114
1756998263.345,latency_s,0.021607
1756998263.345,latency_s,0.021509
1756998263.348,latency_s,0.020359
1756998263.353,latency_s,0.022355
1756998263.353,latency_s,0.021969
1756998263.353,latency_s,0.022168
1756998263.353,latency_s,0.022407
1756998263.353,latency_s,0.022511
1756998263.358,latency_s,0.021940
1756998263.359,latency_s,0.021584
1756998263.433,latency_s,0.020102
1756998263.439,latency_s,0.021818
1756998263.440,latency_s,0.021065
1756998263.440,latency_s,0.019427
1756998263.440,latency_s,0.018945
1756998263.444,latency_s,0.020423
1756998263.444,latency_s,0.020817
1756998263.444,latency_s,0.020630
1756998263.444,latency_s,0.020804
1756998263.444,latency_s,0.020855
1756998263.444,latency_s,0.020971
1756998263.444,latency_s,0.020669
1756998263.444,latency_s,0.020507
1756998263.444,latency_s,0.020563
1756998263.445,latency_s,0.020840
1756998263.449,latency_s,0.020635
1756998263.452,latency_s,0.021145
1756998263.452,latency_s,0.020560
1756998263.455,latency_s,0.023694
1756998263.455,latency_s,0.023594
1756998263.455,latency_s,0.023932
1756998263.459,latency_s,0.021676
1756998263.459,latency_s,0.021271
1756998263.534,latency_s,0.020777
1756998263.538,latency_s,0.018554
1756998263.538,latency_s,0.018890
1756998263.541,latency_s,0.020187
1756998263.542,latency_s,0.020376
1756998263.543,latency_s,0.018696
1756998263.544,latency_s,0.019717
1756998263.544,latency_s,0.019744
1756998263.544,latency_s,0.019714
1756998263.544,latency_s,0.019802
1756998263.544,latency_s,0.019278
1756998263.544,latency_s,0.019557
1756998263.544,latency_s,0.019825
1756998263.546,latency_s,0.021745
1756998263.547,latency_s,0.022155
1756998263.549,latency_s,0.019064
1756998263.552,latency_s,0.020401
1756998263.552,latency_s,0.020171
1756998263.553,latency_s,0.021618
1756998263.554,latency_s,0.021773
1756998263.554,latency_s,0.022030
1756998263.559,latency_s,0.020494
1756998263.649,latency_s,0.110226
1756998263.649,latency_s,0.034416
1756998263.649,latency_s,0.028595
1756998263.649,latency_s,0.027586
1756998263.649,latency_s,0.027352
1756998263.649,latency_s,0.024284
1756998263.649,latency_s,0.024380
1756998263.649,latency_s,0.024119
1756998263.649,latency_s,0.024190
1756998263.649,latency_s,0.024663
1756998263.649,latency_s,0.024330
1756998263.649,latency_s,0.024354
1756998263.649,latency_s,0.024795
1756998263.650,latency_s,0.023950
1756998263.650,latency_s,0.023453
1756998263.655,latency_s,0.023831
1756998263.655,latency_s,0.023012
1756998263.655,latency_s,0.022685
1756998263.655,latency_s,0.022741
1756998263.655,latency_s,0.022248
1756998263.655,latency_s,0.022742
1756998263.659,latency_s,0.019444
1756998263.662,latency_s,0.021954
1756998263.735,latency_s,0.019989
1756998263.742,latency_s,0.020589
1756998263.742,latency_s,0.019797
1756998263.743,latency_s,0.020722
1756998263.746,latency_s,0.021388
1756998263.746,latency_s,0.021289
1756998263.747,latency_s,0.020900
1756998263.747,latency_s,0.021147
1756998263.747,latency_s,0.021328
1756998263.747,latency_s,0.020824
1756998263.747,latency_s,0.021127
1756998263.747,latency_s,0.020955
1756998263.750,latency_s,0.023789
1756998263.750,latency_s,0.022423
1756998263.757,latency_s,0.024835
1756998263.757,latency_s,0.025700
1756998263.757,latency_s,0.024644
1756998263.757,latency_s,0.024669
1756998263.758,latency_s,0.024342
1756998263.758,latency_s,0.024536
1756998263.758,latency_s,0.138206
1756998263.759,latency_s,0.037598
1756998263.762,latency_s,0.020965
1756998263.762,latency_s,0.021187
1756998263.834,latency_s,0.019256
1756998263.843,latency_s,0.021265
1756998263.843,latency_s,0.020258
1756998263.843,latency_s,0.020426
1756998263.843,latency_s,0.020457
1756998263.845,latency_s,0.018891
1756998263.845,latency_s,0.019285
1756998263.845,latency_s,0.019239
1756998263.845,latency_s,0.019548
1756998263.845,latency_s,0.019528
1756998263.845,latency_s,0.019911
1756998263.849,latency_s,0.023400
1756998263.849,latency_s,0.022949
1756998263.849,latency_s,0.023443
1756998263.850,latency_s,0.022047
1756998263.880,latency_s,0.048422
1756998263.881,latency_s,0.046998
1756998263.881,latency_s,0.048457
1756998263.881,latency_s,0.047124
1756998263.881,latency_s,0.047246
1756998263.881,latency_s,0.047323
1756998263.881,latency_s,0.039912
1756998263.881,latency_s,0.039322
1756998263.935,latency_s,0.019424
1756998263.940,latency_s,0.018590
1756998263.942,latency_s,0.018921
1756998263.942,latency_s,0.019089
1756998263.943,latency_s,0.019048
1756998263.948,latency_s,0.022220
1756998263.949,latency_s,0.022394
1756998263.949,latency_s,0.022604
1756998263.949,latency_s,0.023297
1756998263.950,latency_s,0.023323
1756998263.950,latency_s,0.023216
1756998263.950,latency_s,0.022948
1756998263.950,latency_s,0.023395
1756998263.950,latency_s,0.023052
1756998263.950,latency_s,0.021806
1756998263.958,latency_s,0.024939
1756998263.958,latency_s,0.023952
1756998263.958,latency_s,0.023151
1756998263.958,latency_s,0.023700
1756998263.958,latency_s,0.023014
1756998263.958,latency_s,0.023691
1756998263.965,latency_s,0.022829
1756998263.965,latency_s,0.021227
1756998264.036,latency_s,0.019501
1756998264.041,latency_s,0.019158
1756998264.043,latency_s,0.019656
1756998264.043,latency_s,0.019027
1756998264.043,latency_s,0.019629
1756998264.049,latency_s,0.022059
1756998264.049,latency_s,0.021913
1756998264.049,latency_s,0.022158
1756998264.052,latency_s,0.024690
1756998264.052,latency_s,0.024591
1756998264.052,latency_s,0.024608
1756998264.052,latency_s,0.024963
1756998264.052,latency_s,0.024411
1756998264.052,latency_s,0.025011
1756998264.052,latency_s,0.023204
1756998264.058,latency_s,0.025132
1756998264.058,latency_s,0.023316
1756998264.058,latency_s,0.023499
1756998264.058,latency_s,0.023446
1756998264.058,latency_s,0.023262
1756998264.058,latency_s,0.023281
1756998264.062,latency_s,0.020412
1756998264.063,latency_s,0.018889
1756998264.136,latency_s,0.019821
1756998264.145,latency_s,0.021998
1756998264.145,latency_s,0.021760
1756998264.145,latency_s,0.021609
1756998264.146,latency_s,0.021979
1756998264.147,latency_s,0.019764
1756998264.150,latency_s,0.022445
1756998264.150,latency_s,0.022234
1756998264.150,latency_s,0.022222
1756998264.151,latency_s,0.024047
1756998264.151,latency_s,0.023557
1756998264.151,latency_s,0.023587
1756998264.151,latency_s,0.023392
1756998264.151,latency_s,0.023829
1756998264.152,latency_s,0.022825
1756998264.161,latency_s,0.025641
1756998264.161,latency_s,0.025702
1756998264.162,latency_s,0.026240
1756998264.162,latency_s,0.028713
1756998264.162,latency_s,0.026505
1756998264.162,latency_s,0.027257
1756998264.162,latency_s,0.019807
1756998264.165,latency_s,0.020049
1756998264.238,latency_s,0.020552
1756998264.244,latency_s,0.020569
1756998264.244,latency_s,0.020565
1756998264.245,latency_s,0.020818
1756998264.245,latency_s,0.019399
1756998264.249,latency_s,0.021090
1756998264.249,latency_s,0.020788
1756998264.249,latency_s,0.020782
1756998264.249,latency_s,0.021187
1756998264.254,latency_s,0.026880
1756998264.255,latency_s,0.026543
1756998264.255,latency_s,0.026513
1756998264.255,latency_s,0.026969
1756998264.255,latency_s,0.026370
1756998264.255,latency_s,0.024625
1756998264.255,latency_s,0.020798
1756998264.255,latency_s,0.019748
1756998264.260,latency_s,0.024176
1756998264.260,latency_s,0.024054
1756998264.260,latency_s,0.024118
1756998264.260,latency_s,0.024449
1756998264.263,latency_s,0.020497
1756998264.267,latency_s,0.020018
1756998264.339,latency_s,0.020689
1756998264.343,latency_s,0.019178
1756998264.343,latency_s,0.019030
1756998264.343,latency_s,0.019137
1756998264.344,latency_s,0.018160
1756998264.347,latency_s,0.018970
1756998264.347,latency_s,0.019206
1756998264.347,latency_s,0.019243
1756998264.347,latency_s,0.019222
1756998264.354,latency_s,0.026256
1756998264.355,latency_s,0.026640
1756998264.355,latency_s,0.026392
1756998264.355,latency_s,0.025736
1756998264.355,latency_s,0.025812
1756998264.355,latency_s,0.023478
1756998264.355,latency_s,0.019438
1756998264.359,latency_s,0.023632
1756998264.359,latency_s,0.023730
1756998264.361,latency_s,0.024917
1756998264.361,latency_s,0.024678
1756998264.361,latency_s,0.024755
1756998264.364,latency_s,0.020514
1756998264.367,latency_s,0.019391
1756998264.438,latency_s,0.019701
1756998264.446,latency_s,0.021291
1756998264.450,latency_s,0.025032
1756998264.450,latency_s,0.025518
1756998264.450,latency_s,0.023234
1756998264.450,latency_s,0.022028
1756998264.450,latency_s,0.021771
1756998264.450,latency_s,0.022023
1756998264.450,latency_s,0.021634
1756998264.450,latency_s,0.021756
1756998264.450,latency_s,0.021839
1756998264.453,latency_s,0.023951
1756998264.453,latency_s,0.024257
1756998264.453,latency_s,0.023742
1756998264.453,latency_s,0.020666
1756998264.465,latency_s,0.029073
1756998264.465,latency_s,0.029272
1756998264.465,latency_s,0.028887
1756998264.465,latency_s,0.028717
1756998264.465,latency_s,0.028750
1756998264.465,latency_s,0.029043
1756998264.465,latency_s,0.022151
1756998264.468,latency_s,0.020103
1756998264.537,latency_s,0.018817
1756998264.548,latency_s,0.023369
1756998264.549,latency_s,0.023333
1756998264.549,latency_s,0.022263
1756998264.549,latency_s,0.020750
1756998264.549,latency_s,0.020556
1756998264.549,latency_s,0.020426
1756998264.549,latency_s,0.020246
1756998264.549,latency_s,0.020174
1756998264.549,latency_s,0.019886
1756998264.554,latency_s,0.025483
1756998264.554,latency_s,0.025040
1756998264.554,latency_s,0.024834
1756998264.555,latency_s,0.024634
1756998264.555,latency_s,0.021543
1756998264.555,latency_s,0.018750
1756998264.599,latency_s,0.062213
1756998264.599,latency_s,0.061982
1756998264.599,latency_s,0.061963
1756998264.599,latency_s,0.061899
1756998264.599,latency_s,0.061730
1756998264.599,latency_s,0.055169
1756998264.599,latency_s,0.050122
1756998264.641,latency_s,0.021046
1756998264.645,latency_s,0.019888
1756998264.645,latency_s,0.019653
1756998264.646,latency_s,0.019041
1756998264.648,latency_s,0.018850
1756998264.650,latency_s,0.020771
1756998264.650,latency_s,0.020950
1756998264.650,latency_s,0.020800
1756998264.653,latency_s,0.024369
1756998264.654,latency_s,0.023583
1756998264.654,latency_s,0.024963
1756998264.654,latency_s,0.022967
1756998264.654,latency_s,0.022986
1756998264.654,latency_s,0.020265
1756998264.660,latency_s,0.023713
1756998264.661,latency_s,0.023831
1756998264.661,latency_s,0.023344
1756998264.661,latency_s,0.023314
1756998264.661,latency_s,0.023626
1756998264.661,latency_s,0.023475
1756998264.663,latency_s,0.019179
1756998264.668,latency_s,0.018805
1756998264.742,latency_s,0.021036
1756998264.745,latency_s,0.019158
1756998264.745,latency_s,0.019248
1756998264.753,latency_s,0.023661
1756998264.753,latency_s,0.023352
1756998264.753,latency_s,0.023904
1756998264.753,latency_s,0.023148
1756998264.753,latency_s,0.022667
1756998264.753,latency_s,0.021423
1756998264.753,latency_s,0.021351
1756998264.753,latency_s,0.021425
1756998264.753,latency_s,0.021660
1756998264.753,latency_s,0.021614
1756998264.753,latency_s,0.018800
1756998264.758,latency_s,0.019659
1756998264.758,latency_s,0.019939
1756998264.758,latency_s,0.020325
1756998264.760,latency_s,0.022145
1756998264.760,latency_s,0.022496
1756998264.760,latency_s,0.022414
1756998264.767,latency_s,0.022131
1756998264.768,latency_s,0.138631
1756998264.768,latency_s,0.036910
1756998264.769,latency_s,0.018544
1756998264.841,latency_s,0.020118
1756998264.847,latency_s,0.020647
1756998264.848,latency_s,0.020784
1756998264.850,latency_s,0.020446
1756998264.850,latency_s,0.020616
1756998264.850,latency_s,0.020284
1756998264.850,latency_s,0.020792
1756998264.851,latency_s,0.020112
1756998264.851,latency_s,0.018612
1756998264.857,latency_s,0.024864
1756998264.858,latency_s,0.024799
1756998264.858,latency_s,0.025293
1756998264.858,latency_s,0.024982
1756998264.858,latency_s,0.025666
1756998264.858,latency_s,0.023006
1756998264.863,latency_s,0.024781
1756998264.863,latency_s,0.024770
1756998264.863,latency_s,0.024936
1756998264.863,latency_s,0.025182
1756998264.863,latency_s,0.025475
1756998264.863,latency_s,0.024593
1756998264.865,latency_s,0.019785
1756998264.870,latency_s,0.018793
1756998264.943,latency_s,0.020677
1756998264.946,latency_s,0.018829
1756998264.949,latency_s,0.019920
1756998264.949,latency_s,0.018788
1756998264.950,latency_s,0.018914
1756998264.950,latency_s,0.019872
1756998264.950,latency_s,0.019963
1756998264.950,latency_s,0.019421
1756998264.955,latency_s,0.022450
1756998264.955,latency_s,0.022267
1756998264.957,latency_s,0.024287
1756998264.957,latency_s,0.024269
1756998264.957,latency_s,0.024793
1756998264.957,latency_s,0.024988
1756998264.958,latency_s,0.022233
1756998264.973,latency_s,0.033890
1756998264.973,latency_s,0.033874
1756998264.973,latency_s,0.033824
1756998264.973,latency_s,0.032981
1756998264.973,latency_s,0.033080
1756998264.973,latency_s,0.033730
1756998264.973,latency_s,0.027698
1756998264.973,latency_s,0.021013
1756998265.043,latency_s,0.019931
1756998265.046,latency_s,0.018324
1756998265.050,latency_s,0.018894
1756998265.050,latency_s,0.019117
1756998265.052,latency_s,0.020481
1756998265.052,latency_s,0.020888
1756998265.052,latency_s,0.020724
1756998265.052,latency_s,0.020351
1756998265.052,latency_s,0.018927
1756998265.059,latency_s,0.025811
1756998265.059,latency_s,0.025859
1756998265.059,latency_s,0.025649
1756998265.059,latency_s,0.025707
1756998265.059,latency_s,0.025927
1756998265.059,latency_s,0.023314
1756998265.059,latency_s,0.020149
1756998265.059,latency_s,0.019941
1756998265.066,latency_s,0.025483
1756998265.066,latency_s,0.025476
1756998265.066,latency_s,0.026311
1756998265.066,latency_s,0.025324
1756998265.066,latency_s,0.020371
1756998265.072,latency_s,0.019378
1756998265.142,latency_s,0.019241
1756998265.148,latency_s,0.019323
1756998265.151,latency_s,0.019260
1756998265.151,latency_s,0.018943
1756998265.151,latency_s,0.019282
1756998265.151,latency_s,0.019422
1756998265.151,latency_s,0.018969
1756998265.151,latency_s,0.018759
1756998265.153,latency_s,0.020069
1756998265.154,latency_s,0.020286
1756998265.157,latency_s,0.023532
1756998265.157,latency_s,0.022651
1756998265.157,latency_s,0.022480
1756998265.157,latency_s,0.022747
1756998265.157,latency_s,0.020475
1756998265.166,latency_s,0.026076
1756998265.166,latency_s,0.025912
1756998265.166,latency_s,0.026125
1756998265.166,latency_s,0.025287
1756998265.166,latency_s,0.025230
1756998265.166,latency_s,0.024996
1756998265.166,latency_s,0.019957
1756998265.174,latency_s,0.020126
1756998265.243,latency_s,0.019789
1756998265.254,latency_s,0.021547
1756998265.254,latency_s,0.021321
1756998265.254,latency_s,0.021863
1756998265.254,latency_s,0.021447
1756998265.254,latency_s,0.021832
1756998265.254,latency_s,0.021842
1756998265.254,latency_s,0.020071
1756998265.254,latency_s,0.020068
1756998265.254,latency_s,0.019971
1756998265.254,latency_s,0.020129
1756998265.254,latency_s,0.019678
1756998265.260,latency_s,0.025490
1756998265.260,latency_s,0.025462
1756998265.261,latency_s,0.022635
1756998265.268,latency_s,0.027900
1756998265.268,latency_s,0.027810
1756998265.268,latency_s,0.027489
1756998265.268,latency_s,0.026782
1756998265.268,latency_s,0.027055
1756998265.268,latency_s,0.026618
1756998265.268,latency_s,0.021746
1756998265.274,latency_s,0.019561
1756998265.343,latency_s,0.019281
1756998265.353,latency_s,0.020343
1756998265.354,latency_s,0.021058
1756998265.355,latency_s,0.021980
1756998265.355,latency_s,0.022192
1756998265.355,latency_s,0.021986
1756998265.355,latency_s,0.022149
1756998265.355,latency_s,0.020307
1756998265.355,latency_s,0.020394
1756998265.355,latency_s,0.020256
1756998265.355,latency_s,0.020212
1756998265.355,latency_s,0.019940
1756998265.355,latency_s,0.020524
1756998265.355,latency_s,0.019984
1756998265.359,latency_s,0.020774
1756998265.359,latency_s,0.018901
1756998265.370,latency_s,0.028568
1756998265.370,latency_s,0.028428
1756998265.370,latency_s,0.027914
1756998265.370,latency_s,0.028720
1756998265.370,latency_s,0.029313
1756998265.370,latency_s,0.023087
1756998265.376,latency_s,0.020052
1756998265.444,latency_s,0.019770
1756998265.453,latency_s,0.020416
1756998265.454,latency_s,0.020350
1756998265.462,latency_s,0.028131
1756998265.462,latency_s,0.028177
1756998265.462,latency_s,0.028288
1756998265.462,latency_s,0.026496
1756998265.462,latency_s,0.026452
1756998265.462,latency_s,0.027366
1756998265.462,latency_s,0.027148
1756998265.462,latency_s,0.026927
1756998265.462,latency_s,0.027111
1756998265.462,latency_s,0.026784
1756998265.462,latency_s,0.028798
1756998265.462,latency_s,0.023143
1756998265.462,latency_s,0.021061
1756998265.462,latency_s,0.021242
1756998265.463,latency_s,0.020797
1756998265.463,latency_s,0.021060
1756998265.470,latency_s,0.027756
1756998265.470,latency_s,0.027163
1756998265.470,latency_s,0.021791
1756998265.477,latency_s,0.020017
1756998265.543,latency_s,0.018519
1756998265.556,latency_s,0.022030
1756998265.556,latency_s,0.022060
1756998265.556,latency_s,0.021813
1756998265.570,latency_s,0.035132
1756998265.570,latency_s,0.035229
1756998265.570,latency_s,0.035469
1756998265.570,latency_s,0.034342
1756998265.570,latency_s,0.034321
1756998265.570,latency_s,0.034020
1756998265.570,latency_s,0.034250
1756998265.570,latency_s,0.034229
1756998265.570,latency_s,0.034198
1756998265.570,latency_s,0.034209
1756998265.570,latency_s,0.030366
1756998265.570,latency_s,0.028099
1756998265.570,latency_s,0.028269
1756998265.570,latency_s,0.028327
1756998265.570,latency_s,0.028034
1756998265.570,latency_s,0.027615
1756998265.570,latency_s,0.028188
1756998265.570,latency_s,0.021404
1756998265.584,latency_s,0.025859
1756998265.644,latency_s,0.019564
1756998265.655,latency_s,0.021282
1756998265.655,latency_s,0.021128
1756998265.655,latency_s,0.021014
1756998265.655,latency_s,0.020391
1756998265.655,latency_s,0.020269
1756998265.655,latency_s,0.020558
1756998265.655,latency_s,0.019322
1756998265.658,latency_s,0.022056
1756998265.660,latency_s,0.023256
1756998265.660,latency_s,0.023269
1756998265.660,latency_s,0.023761
1756998265.660,latency_s,0.022503
1756998265.660,latency_s,0.023202
1756998265.671,latency_s,0.030598
1756998265.671,latency_s,0.028572
1756998265.671,latency_s,0.028844
1756998265.671,latency_s,0.028764
1756998265.671,latency_s,0.028068
1756998265.671,latency_s,0.028567
1756998265.671,latency_s,0.027872
1756998265.671,latency_s,0.021721
1756998265.680,latency_s,0.022382
1756998265.747,latency_s,0.020224
1756998265.753,latency_s,0.018323
1756998265.755,latency_s,0.019400
1756998265.755,latency_s,0.019397
1756998265.759,latency_s,0.023219
1756998265.759,latency_s,0.022834
1756998265.759,latency_s,0.022817
1756998265.759,latency_s,0.021748
1756998265.759,latency_s,0.021869
1756998265.759,latency_s,0.022059
1756998265.766,latency_s,0.028486
1756998265.766,latency_s,0.028131
1756998265.766,latency_s,0.028653
1756998265.766,latency_s,0.028441
1756998265.766,latency_s,0.025126
1756998265.766,latency_s,0.023489
1756998265.766,latency_s,0.023232
1756998265.766,latency_s,0.022732
1756998265.766,latency_s,0.022463
1756998265.766,latency_s,0.022444
1756998265.771,latency_s,0.020551
1756998265.779,latency_s,0.019833
1756998265.847,latency_s,0.020105
1756998265.855,latency_s,0.019987
1756998265.855,latency_s,0.019712
1756998265.855,latency_s,0.019131
1756998265.855,latency_s,0.019257
1756998265.855,latency_s,0.018283
1756998265.855,latency_s,0.018223
1756998265.859,latency_s,0.021615
1756998265.859,latency_s,0.021909
1756998265.860,latency_s,0.022106
1756998265.863,latency_s,0.025574
1756998265.863,latency_s,0.025426
1756998265.863,latency_s,0.025344
1756998265.863,latency_s,0.026170
1756998265.863,latency_s,0.020894
1756998265.863,latency_s,0.020440
1756998265.863,latency_s,0.020751
1756998265.871,latency_s,0.026749
1756998265.871,latency_s,0.027301
1756998265.871,latency_s,0.026326
1756998265.871,latency_s,0.020195
1756998265.882,latency_s,0.138071
1756998265.882,latency_s,0.020986
1756998265.882,latency_s,0.037449
1756998265.947,latency_s,0.019112
1756998265.955,latency_s,0.019840
1756998265.955,latency_s,0.019449
1756998265.957,latency_s,0.019865
1756998265.957,latency_s,0.019691
1756998265.957,latency_s,0.018858
1756998265.957,latency_s,0.019030
1756998265.957,latency_s,0.018950
1756998265.960,latency_s,0.022185
1756998265.960,latency_s,0.022502
1756998265.960,latency_s,0.021264
1756998265.968,latency_s,0.031118
1756998265.969,latency_s,0.029676
1756998265.969,latency_s,0.030530
1756998265.969,latency_s,0.025640
1756998265.969,latency_s,0.024867
1756998265.969,latency_s,0.025748
1756998265.969,latency_s,0.025591
1756998265.969,latency_s,0.024468
1756998265.969,latency_s,0.024219
1756998265.969,latency_s,0.023916
1756998265.973,latency_s,0.019942
1756998265.981,latency_s,0.019150
1756998266.049,latency_s,0.020529
1756998266.055,latency_s,0.018678
1756998266.055,latency_s,0.018690
1756998266.060,latency_s,0.021843
1756998266.060,latency_s,0.022001
1756998266.060,latency_s,0.021635
1756998266.060,latency_s,0.023429
1756998266.062,latency_s,0.023244
1756998266.062,latency_s,0.024111
1756998266.063,latency_s,0.022084
1756998266.066,latency_s,0.026672
1756998266.066,latency_s,0.027484
1756998266.070,latency_s,0.022984
1756998266.070,latency_s,0.028962
1756998266.070,latency_s,0.021938
1756998266.070,latency_s,0.023358
1756998266.071,latency_s,0.022022
1756998266.071,latency_s,0.022440
1756998266.071,latency_s,0.022263
1756998266.071,latency_s,0.021668
1756998266.071,latency_s,0.021578
1756998266.074,latency_s,0.019967
1756998266.081,latency_s,0.019371
1756998266.148,latency_s,0.019722
1756998266.157,latency_s,0.020584
1756998266.157,latency_s,0.019855
1756998266.157,latency_s,0.019601
1756998266.157,latency_s,0.018281
1756998266.159,latency_s,0.020057
1756998266.159,latency_s,0.020045
1756998266.159,latency_s,0.019909
1756998266.162,latency_s,0.020418
1756998266.162,latency_s,0.020603
1756998266.162,latency_s,0.019991
1756998266.170,latency_s,0.028939
1756998266.170,latency_s,0.021519
1756998266.170,latency_s,0.021545
1756998266.170,latency_s,0.021354
1756998266.171,latency_s,0.021411
1756998266.171,latency_s,0.021036
1756998266.171,latency_s,0.020537
1756998266.171,latency_s,0.021550
1756998266.171,latency_s,0.021445
1756998266.171,latency_s,0.020658
1756998266.174,latency_s,0.019683
1756998266.181,latency_s,0.019165
1756998266.248,latency_s,0.019130
1756998266.255,latency_s,0.018996
1756998266.257,latency_s,0.020116
1756998266.258,latency_s,0.019891
1756998266.258,latency_s,0.018237
1756998266.258,latency_s,0.018420
1756998266.259,latency_s,0.019679
1756998266.259,latency_s,0.020036
1756998266.262,latency_s,0.020108
1756998266.262,latency_s,0.020124
1756998266.262,latency_s,0.020093
1756998266.263,latency_s,0.019938
1756998266.270,latency_s,0.020659
1756998266.273,latency_s,0.023223
1756998266.273,latency_s,0.023505
1756998266.273,latency_s,0.023430
1756998266.273,latency_s,0.023499
1756998266.273,latency_s,0.023163
1756998266.273,latency_s,0.023375
1756998266.273,latency_s,0.022601
1756998266.273,latency_s,0.022944
1756998266.275,latency_s,0.019081
1756998266.280,latency_s,0.018105
1756998266.348,latency_s,0.018726
1756998266.358,latency_s,0.019855
1756998266.358,latency_s,0.019696
1756998266.359,latency_s,0.018984
1756998266.359,latency_s,0.019009
1756998266.359,latency_s,0.019259
1756998266.363,latency_s,0.020112
1756998266.363,latency_s,0.020123
1756998266.363,latency_s,0.020105
1756998266.363,latency_s,0.019530
1756998266.369,latency_s,0.018863
1756998266.371,latency_s,0.020250
1756998266.372,latency_s,0.019813
1756998266.372,latency_s,0.020001
1756998266.372,latency_s,0.019856
1756998266.376,latency_s,0.023873
1756998266.376,latency_s,0.024524
1756998266.376,latency_s,0.024682
1756998266.376,latency_s,0.024017
1756998266.376,latency_s,0.020017
1756998266.382,latency_s,0.019060
1756998266.450,latency_s,0.020367
1756998266.457,latency_s,0.018908
1756998266.457,latency_s,0.018474
1756998266.459,latency_s,0.019074
1756998266.459,latency_s,0.019269
1756998266.462,latency_s,0.021547
1756998266.463,latency_s,0.019821
1756998266.463,latency_s,0.019729
1756998266.463,latency_s,0.019716
1756998266.465,latency_s,0.021583
1756998266.469,latency_s,0.018905
1756998266.471,latency_s,0.020076
1756998266.472,latency_s,0.020104
1756998266.472,latency_s,0.020747
1756998266.472,latency_s,0.020347
1756998266.472,latency_s,0.020231
1756998266.472,latency_s,0.019723
1756998266.473,latency_s,0.020283
1756998266.477,latency_s,0.019787
1756998266.480,latency_s,0.143203
1756998266.480,latency_s,0.042706
1756998266.480,latency_s,0.139865
1756998266.480,latency_s,0.039611
1756998266.481,latency_s,0.018784
1756998266.550,latency_s,0.020214
1756998266.558,latency_s,0.020700
1756998266.559,latency_s,0.020426
1756998266.559,latency_s,0.020043
1756998266.559,latency_s,0.018566
1756998266.560,latency_s,0.018644
1756998266.560,latency_s,0.018913
1756998266.560,latency_s,0.018937
1756998266.565,latency_s,0.021291
1756998266.565,latency_s,0.020058
1756998266.566,latency_s,0.020403
1756998266.570,latency_s,0.019286
1756998266.570,latency_s,0.018688
1756998266.573,latency_s,0.019591
1756998266.573,latency_s,0.020209
1756998266.574,latency_s,0.021789
1756998266.574,latency_s,0.021100
1756998266.574,latency_s,0.021311
1756998266.574,latency_s,0.021856
1756998266.577,latency_s,0.019096
1756998266.583,latency_s,0.019930
1756998266.608,latency_s,0.155274
1756998266.608,latency_s,0.054368
1756998266.649,latency_s,0.019345
1756998266.661,latency_s,0.022623
1756998266.661,latency_s,0.022447
1756998266.661,latency_s,0.022132
1756998266.661,latency_s,0.019856
1756998266.661,latency_s,0.019559
1756998266.661,latency_s,0.019700
1756998266.661,latency_s,0.020100
1756998266.665,latency_s,0.020670
1756998266.665,latency_s,0.019511
1756998266.687,latency_s,0.041720
1756998266.687,latency_s,0.035800
1756998266.688,latency_s,0.035107
1756998266.688,latency_s,0.034915
1756998266.688,latency_s,0.035585
1756998266.688,latency_s,0.033593
1756998266.688,latency_s,0.034659
1756998266.688,latency_s,0.034612
1756998266.688,latency_s,0.034325
1756998266.688,latency_s,0.034170
1756998266.688,latency_s,0.028696
1756998266.688,latency_s,0.023769
1756998266.688,latency_s,0.140762
1756998266.688,latency_s,0.040538
1756998266.750,latency_s,0.018873
1756998266.758,latency_s,0.018887
1756998266.761,latency_s,0.019049
1756998266.761,latency_s,0.018568
1756998266.761,latency_s,0.019238
1756998266.762,latency_s,0.018865
1756998266.762,latency_s,0.018397
1756998266.762,latency_s,0.018439
1756998266.765,latency_s,0.019660
1756998266.766,latency_s,0.019709
1756998266.767,latency_s,0.021327
1756998266.776,latency_s,0.028506
1756998266.776,latency_s,0.023157
1756998266.776,latency_s,0.022637
1756998266.777,latency_s,0.022765
1756998266.777,latency_s,0.022177
1756998266.777,latency_s,0.021144
1756998266.777,latency_s,0.021065
1756998266.777,latency_s,0.020906
1756998266.777,latency_s,0.020818
1756998266.777,latency_s,0.021168
1756998266.780,latency_s,0.019664
1756998266.783,latency_s,0.018669
1756998266.852,latency_s,0.020211
1756998266.859,latency_s,0.018758
1756998266.863,latency_s,0.020991
1756998266.863,latency_s,0.020876
1756998266.863,latency_s,0.020394
1756998266.863,latency_s,0.020357
1756998266.863,latency_s,0.019802
1756998266.863,latency_s,0.019891
1756998266.866,latency_s,0.019293
1756998266.868,latency_s,0.020062
1756998266.868,latency_s,0.020270
1756998266.868,latency_s,0.020118
1756998266.880,latency_s,0.025746
1756998266.880,latency_s,0.025594
1756998266.880,latency_s,0.025704
1756998266.880,latency_s,0.026021
1756998266.880,latency_s,0.024404
1756998266.881,latency_s,0.024390
1756998266.881,latency_s,0.024555
1756998266.881,latency_s,0.024394
1756998266.881,latency_s,0.024187
1756998266.881,latency_s,0.019932
1756998266.884,latency_s,0.019463
1756998266.952,latency_s,0.019342
1756998266.960,latency_s,0.018887
1756998266.963,latency_s,0.020113
1756998266.963,latency_s,0.019718
1756998266.963,latency_s,0.020066
1756998266.963,latency_s,0.019911
1756998266.963,latency_s,0.019071
1756998266.965,latency_s,0.019565
1756998266.966,latency_s,0.019481
1756998266.969,latency_s,0.019286
1756998266.969,latency_s,0.018773
1756998266.979,latency_s,0.029517
1756998266.979,latency_s,0.024214
1756998266.979,latency_s,0.024173
1756998266.979,latency_s,0.023884
1756998266.979,latency_s,0.024370
1756998266.980,latency_s,0.023265
1756998266.980,latency_s,0.023092
1756998266.980,latency_s,0.023086
1756998266.980,latency_s,0.023506
1756998266.980,latency_s,0.023074
1756998266.980,latency_s,0.018464
1756998266.985,latency_s,0.019666
1756998267.055,latency_s,0.021605
1756998267.060,latency_s,0.019376
1756998267.063,latency_s,0.019493
1756998267.063,latency_s,0.019810
1756998267.063,latency_s,0.018180
1756998267.067,latency_s,0.020555
1756998267.067,latency_s,0.020567
1756998267.067,latency_s,0.020560
1756998267.067,latency_s,0.020219
1756998267.069,latency_s,0.019398
1756998267.071,latency_s,0.020246
1756998267.071,latency_s,0.020198
1756998267.078,latency_s,0.022629
1756998267.079,latency_s,0.022650
1756998267.079,latency_s,0.022660
1756998267.079,latency_s,0.021725
1756998267.079,latency_s,0.022900
1756998267.079,latency_s,0.021973
1756998267.079,latency_s,0.022247
1756998267.079,latency_s,0.021698
1756998267.079,latency_s,0.021989
1756998267.081,latency_s,0.019394
1756998267.085,latency_s,0.019403
1756998267.153,latency_s,0.019676
1756998267.161,latency_s,0.019740
1756998267.164,latency_s,0.020270
1756998267.164,latency_s,0.020314
1756998267.164,latency_s,0.018131
1756998267.166,latency_s,0.018716
1756998267.166,latency_s,0.018695
1756998267.166,latency_s,0.018826
1756998267.166,latency_s,0.018760
1756998267.169,latency_s,0.019146
1756998267.169,latency_s,0.018448
1756998267.169,latency_s,0.018510
1756998267.180,latency_s,0.024003
1756998267.181,latency_s,0.023034
1756998267.181,latency_s,0.023201
1756998267.181,latency_s,0.022928
1756998267.181,latency_s,0.023050
1756998267.181,latency_s,0.022623
1756998267.181,latency_s,0.022977
1756998267.181,latency_s,0.022993
1756998267.181,latency_s,0.022778
1756998267.182,latency_s,0.019629
1756998267.184,latency_s,0.019032
1756998267.253,latency_s,0.019142
1756998267.261,latency_s,0.018868
1756998267.263,latency_s,0.018781
1756998267.263,latency_s,0.018875
1756998267.267,latency_s,0.019422
1756998267.267,latency_s,0.019012
1756998267.267,latency_s,0.019139
1756998267.268,latency_s,0.020087
1756998267.268,latency_s,0.018377
1756998267.270,latency_s,0.019094
1756998267.271,latency_s,0.020056
1756998267.273,latency_s,0.020887
1756998267.276,latency_s,0.019236
1756998267.280,latency_s,0.022244
1756998267.280,latency_s,0.021894
1756998267.280,latency_s,0.021592
1756998267.280,latency_s,0.022163
1756998267.281,latency_s,0.022441
1756998267.281,latency_s,0.021883
1756998267.281,latency_s,0.022126
1756998267.281,latency_s,0.022567
1756998267.283,latency_s,0.019674
1756998267.285,latency_s,0.019105
1756998267.354,latency_s,0.019706
1756998267.361,latency_s,0.019149
1756998267.365,latency_s,0.020298
1756998267.365,latency_s,0.020128
1756998267.369,latency_s,0.021136
1756998267.369,latency_s,0.020924
1756998267.369,latency_s,0.020901
1756998267.369,latency_s,0.021038
1756998267.370,latency_s,0.019540
1756998267.372,latency_s,0.020693
1756998267.372,latency_s,0.020607
1756998267.372,latency_s,0.018736
1756998267.377,latency_s,0.020030
1756998267.381,latency_s,0.021709
1756998267.381,latency_s,0.021371
1756998267.381,latency_s,0.022525
1756998267.381,latency_s,0.021384
1756998267.381,latency_s,0.021430
1756998267.381,latency_s,0.021458
1756998267.381,latency_s,0.021586
1756998267.383,latency_s,0.018728
1756998267.387,latency_s,0.020809
1756998267.455,latency_s,0.019939
1756998267.465,latency_s,0.019654
1756998267.465,latency_s,0.019954
1756998267.469,latency_s,0.020421
1756998267.469,latency_s,0.019918
1756998267.469,latency_s,0.019640
1756998267.471,latency_s,0.019605
1756998267.471,latency_s,0.019771
1756998267.471,latency_s,0.019286
1756998267.471,latency_s,0.019941
1756998267.474,latency_s,0.019728
1756998267.477,latency_s,0.019493
1756998267.477,latency_s,0.018338
1756998267.480,latency_s,0.021287
1756998267.480,latency_s,0.020752
1756998267.480,latency_s,0.020842
1756998267.481,latency_s,0.020311
1756998267.485,latency_s,0.024934
1756998267.485,latency_s,0.024643
1756998267.486,latency_s,0.020696
1756998267.487,latency_s,0.020303
1756998267.496,latency_s,0.136594
1756998267.496,latency_s,0.036161
1756998267.554,latency_s,0.019249
1756998267.565,latency_s,0.019620
1756998267.566,latency_s,0.020547
1756998267.570,latency_s,0.020179
1756998267.570,latency_s,0.020398
1756998267.571,latency_s,0.019915
1756998267.571,latency_s,0.019051
1756998267.571,latency_s,0.019017
1756998267.571,latency_s,0.018612
1756998267.571,latency_s,0.018468
1756998267.575,latency_s,0.018711
1756998267.577,latency_s,0.019168
1756998267.579,latency_s,0.019001
1756998267.580,latency_s,0.019299
1756998267.580,latency_s,0.019521
1756998267.583,latency_s,0.022617
1756998267.584,latency_s,0.023037
1756998267.584,latency_s,0.023129
1756998267.584,latency_s,0.022966
1756998267.584,latency_s,0.022340
1756998267.587,latency_s,0.020596
1756998267.587,latency_s,0.019527
1756998267.591,latency_s,0.147634
1756998267.591,latency_s,0.047640
1756998267.656,latency_s,0.020322
1756998267.663,latency_s,0.018580
1756998267.667,latency_s,0.020911
1756998267.668,latency_s,0.021287
1756998267.671,latency_s,0.020692
1756998267.671,latency_s,0.021222
1756998267.672,latency_s,0.020296
1756998267.672,latency_s,0.019772
1756998267.672,latency_s,0.019357
1756998267.672,latency_s,0.018871
1756998267.672,latency_s,0.018851
1756998267.676,latency_s,0.019263
1756998267.677,latency_s,0.018794
1756998267.681,latency_s,0.020238
1756998267.681,latency_s,0.020149
1756998267.683,latency_s,0.021925
1756998267.683,latency_s,0.021930
1756998267.684,latency_s,0.022592
1756998267.684,latency_s,0.022442
1756998267.684,latency_s,0.021479
1756998267.684,latency_s,0.022316
1756998267.687,latency_s,0.020124
1756998267.687,latency_s,0.019771
1756998267.756,latency_s,0.019597
1756998267.763,latency_s,0.018703
1756998267.766,latency_s,0.018978
1756998267.766,latency_s,0.019107
1756998267.770,latency_s,0.019319
1756998267.773,latency_s,0.021192
1756998267.774,latency_s,0.022240
1756998267.774,latency_s,0.021473
1756998267.774,latency_s,0.021083
1756998267.774,latency_s,0.019722
1756998267.774,latency_s,0.019463
1756998267.777,latency_s,0.019250
1756998267.778,latency_s,0.018847
1756998267.780,latency_s,0.019142
1756998267.780,latency_s,0.018628
1756998267.780,latency_s,0.018261
1756998267.780,latency_s,0.018373
1756998267.783,latency_s,0.021603
1756998267.784,latency_s,0.020705
1756998267.784,latency_s,0.021610
1756998267.784,latency_s,0.021197
1756998267.789,latency_s,0.021042
1756998267.789,latency_s,0.020225
1756998267.857,latency_s,0.019825
1756998267.865,latency_s,0.019362
1756998267.866,latency_s,0.019047
1756998267.868,latency_s,0.020284
1756998267.871,latency_s,0.019750
1756998267.871,latency_s,0.019608
1756998267.872,latency_s,0.018836
1756998267.872,latency_s,0.019415
1756998267.872,latency_s,0.018601
1756998267.875,latency_s,0.020518
1756998267.875,latency_s,0.020591
1756998267.878,latency_s,0.019988
1756998267.880,latency_s,0.020239
1756998267.880,latency_s,0.018931
1756998267.881,latency_s,0.019184
1756998267.881,latency_s,0.019388
1756998267.882,latency_s,0.018689
1756998267.882,latency_s,0.019590
1756998267.882,latency_s,0.019479
1756998267.882,latency_s,0.018119
1756998267.887,latency_s,0.024447
1756998267.887,latency_s,0.018437
1756998267.888,latency_s,0.018136
1756998267.957,latency_s,0.019452
1756998267.965,latency_s,0.018996
1756998267.969,latency_s,0.020641
1756998267.969,latency_s,0.020310
1756998267.972,latency_s,0.019612
1756998267.973,latency_s,0.020003
1756998267.973,latency_s,0.019033
1756998267.973,latency_s,0.019390
1756998267.973,latency_s,0.020220
1756998267.975,latency_s,0.019190
1756998267.975,latency_s,0.019650
1756998267.980,latency_s,0.020794
1756998267.980,latency_s,0.019922
1756998267.980,latency_s,0.018945
1756998267.985,latency_s,0.021730
1756998267.985,latency_s,0.022497
1756998267.985,latency_s,0.022040
1756998267.985,latency_s,0.023020
1756998267.985,latency_s,0.022820
1756998267.986,latency_s,0.021188
1756998267.986,latency_s,0.022696
1756998267.989,latency_s,0.019970
1756998267.991,latency_s,0.019799
1756998268.058,latency_s,0.019628
1756998268.065,latency_s,0.019287
1756998268.069,latency_s,0.019321
1756998268.069,latency_s,0.018489
1756998268.089,latency_s,0.036029
1756998268.090,latency_s,0.035942
1756998268.090,latency_s,0.036237
1756998268.090,latency_s,0.036739
1756998268.091,latency_s,0.036427
1756998268.091,latency_s,0.034970
1756998268.091,latency_s,0.034797
1756998268.091,latency_s,0.031179
1756998268.091,latency_s,0.030235
1756998268.091,latency_s,0.029754
1756998268.091,latency_s,0.028263
1756998268.091,latency_s,0.027087
1756998268.091,latency_s,0.027521
1756998268.091,latency_s,0.027349
1756998268.091,latency_s,0.027281
1756998268.091,latency_s,0.027603
1756998268.091,latency_s,0.026393
1756998268.092,latency_s,0.022541
1756998268.092,latency_s,0.019892
1756998268.157,latency_s,0.018777
1756998268.166,latency_s,0.019440
1756998268.171,latency_s,0.019751
1756998268.171,latency_s,0.019505
1756998268.175,latency_s,0.021672
1756998268.175,latency_s,0.021259
1756998268.175,latency_s,0.021628
1756998268.176,latency_s,0.021589
1756998268.176,latency_s,0.021159
1756998268.176,latency_s,0.019635
1756998268.176,latency_s,0.019598
1756998268.182,latency_s,0.020860
1756998268.183,latency_s,0.021032
1756998268.184,latency_s,0.022202
1756998268.186,latency_s,0.022873
1756998268.186,latency_s,0.021861
1756998268.187,latency_s,0.022026
1756998268.187,latency_s,0.021873
1756998268.187,latency_s,0.021992
1756998268.187,latency_s,0.021647
1756998268.187,latency_s,0.021412
1756998268.189,latency_s,0.019344
1756998268.191,latency_s,0.018385
1756998268.258,latency_s,0.018879
1756998268.266,latency_s,0.018680
1756998268.274,latency_s,0.022154
1756998268.275,latency_s,0.021871
1756998268.275,latency_s,0.020173
1756998268.275,latency_s,0.020371
1756998268.276,latency_s,0.021135
1756998268.276,latency_s,0.021576
1756998268.276,latency_s,0.021115
1756998268.276,latency_s,0.019614
1756998268.276,latency_s,0.019382
1756998268.283,latency_s,0.020807
1756998268.283,latency_s,0.021046
1756998268.291,latency_s,0.028837
1756998268.291,latency_s,0.025698
1756998268.291,latency_s,0.025373
1756998268.291,latency_s,0.025660
1756998268.291,latency_s,0.025123
1756998268.291,latency_s,0.025422
1756998268.291,latency_s,0.025443
1756998268.291,latency_s,0.025386
1756998268.291,latency_s,0.021427
1756998268.293,latency_s,0.019604
1756998268.359,latency_s,0.019127
1756998268.367,latency_s,0.018815
1756998268.378,latency_s,0.024266
1756998268.378,latency_s,0.023543
1756998268.378,latency_s,0.023850
1756998268.378,latency_s,0.023381
1756998268.378,latency_s,0.023599
1756998268.378,latency_s,0.024298
1756998268.378,latency_s,0.023036
1756998268.378,latency_s,0.020379
1756998268.379,latency_s,0.020531
1756998268.383,latency_s,0.020954
1756998268.383,latency_s,0.021208
1756998268.391,latency_s,0.028775
1756998268.391,latency_s,0.026051
1756998268.391,latency_s,0.025856
1756998268.392,latency_s,0.025854
1756998268.392,latency_s,0.025746
1756998268.392,latency_s,0.025820
1756998268.392,latency_s,0.025545
1756998268.392,latency_s,0.025142
1756998268.392,latency_s,0.018707
1756998268.462,latency_s,0.022233
1756998268.468,latency_s,0.019880
1756998268.475,latency_s,0.020566
1756998268.475,latency_s,0.020472
1756998268.475,latency_s,0.020356
1756998268.475,latency_s,0.020085
1756998268.475,latency_s,0.020126
1756998268.475,latency_s,0.020071
1756998268.477,latency_s,0.018448
1756998268.478,latency_s,0.019137
1756998268.478,latency_s,0.018964
1756998268.482,latency_s,0.019375
1756998268.482,latency_s,0.019252
1756998268.483,latency_s,0.019238
1756998268.485,latency_s,0.019449
1756998268.490,latency_s,0.024443
1756998268.490,latency_s,0.024439
1756998268.491,latency_s,0.024547
1756998268.491,latency_s,0.024065
1756998268.491,latency_s,0.023895
1756998268.491,latency_s,0.024357
1756998268.494,latency_s,0.020160
1756998268.511,latency_s,0.141340
1756998268.511,latency_s,0.040628
1756998268.560,latency_s,0.019418
1756998268.568,latency_s,0.019528
1756998268.577,latency_s,0.021163
1756998268.577,latency_s,0.021567
1756998268.577,latency_s,0.021052
1756998268.577,latency_s,0.021529
1756998268.577,latency_s,0.021068
1756998268.577,latency_s,0.021560
1756998268.580,latency_s,0.020397
1756998268.580,latency_s,0.020542
1756998268.580,latency_s,0.020714
1756998268.584,latency_s,0.020817
1756998268.586,latency_s,0.022661
1756998268.586,latency_s,0.021308
1756998268.586,latency_s,0.019655
1756998268.592,latency_s,0.025391
1756998268.592,latency_s,0.025397
1756998268.592,latency_s,0.025652
1756998268.592,latency_s,0.025434
1756998268.592,latency_s,0.025553
1756998268.592,latency_s,0.025215
1756998268.592,latency_s,0.020890
1756998268.594,latency_s,0.019625
1756998268.662,latency_s,0.021074
1756998268.669,latency_s,0.019200
1756998268.677,latency_s,0.021847
1756998268.677,latency_s,0.021303
1756998268.677,latency_s,0.020848
1756998268.677,latency_s,0.021743
1756998268.677,latency_s,0.021758
1756998268.679,latency_s,0.019293
1756998268.679,latency_s,0.019352
1756998268.679,latency_s,0.019285
1756998268.684,latency_s,0.020474
1756998268.684,latency_s,0.020366
1756998268.684,latency_s,0.019511
1756998268.687,latency_s,0.020074
1756998268.687,latency_s,0.020389
1756998268.693,latency_s,0.026561
1756998268.693,latency_s,0.025988
1756998268.694,latency_s,0.026460
1756998268.694,latency_s,0.026183
1756998268.694,latency_s,0.026307
1756998268.694,latency_s,0.021601
1756998268.695,latency_s,0.019020
1756998268.761,latency_s,0.019662
1756998268.768,latency_s,0.018575
1756998268.775,latency_s,0.018763
1756998268.777,latency_s,0.021297
1756998268.777,latency_s,0.021148
1756998268.777,latency_s,0.020923
1756998268.778,latency_s,0.020766
1756998268.781,latency_s,0.019891
1756998268.781,latency_s,0.019975
1756998268.781,latency_s,0.019743
1756998268.785,latency_s,0.019859
1756998268.785,latency_s,0.019884
1756998268.785,latency_s,0.019412
1756998268.788,latency_s,0.019404
1756998268.788,latency_s,0.019506
1756998268.789,latency_s,0.020869
1756998268.789,latency_s,0.020931
1756998268.789,latency_s,0.021039
1756998268.789,latency_s,0.020711
1756998268.790,latency_s,0.021222
1756998268.792,latency_s,0.019328
1756998268.796,latency_s,0.018635
1756998268.799,latency_s,0.143297
1756998268.799,latency_s,0.042735
1756998268.862,latency_s,0.020408
1756998268.868,latency_s,0.018449
1756998268.892,latency_s,0.035261
1756998268.892,latency_s,0.035561
1756998268.892,latency_s,0.035413
1756998268.892,latency_s,0.035667
1756998268.892,latency_s,0.035699
1756998268.892,latency_s,0.035179
1756998268.892,latency_s,0.030848
1756998268.892,latency_s,0.030879
1756998268.893,latency_s,0.030742
1756998268.893,latency_s,0.027493
1756998268.893,latency_s,0.027548
1756998268.893,latency_s,0.027055
1756998268.893,latency_s,0.023719
1756998268.893,latency_s,0.023421
1756998268.893,latency_s,0.023586
1756998268.893,latency_s,0.023597
1756998268.893,latency_s,0.023893
1756998268.893,latency_s,0.023681
1756998268.893,latency_s,0.023671
1756998268.893,latency_s,0.020290
1756998268.898,latency_s,0.019936
1756998268.963,latency_s,0.020781
1756998268.969,latency_s,0.019033
1756998268.978,latency_s,0.020670
1756998268.978,latency_s,0.020613
1756998268.978,latency_s,0.020468
1756998268.978,latency_s,0.020356
1756998268.978,latency_s,0.020837
1756998268.978,latency_s,0.020700
1756998268.982,latency_s,0.020000
1756998268.982,latency_s,0.020056
1756998268.983,latency_s,0.020865
1756998268.985,latency_s,0.019475
1756998268.993,latency_s,0.027023
1756998268.993,latency_s,0.026910
1756998268.993,latency_s,0.023327
1756998268.993,latency_s,0.023251
1756998268.993,latency_s,0.023157
1756998268.993,latency_s,0.022286
1756998268.993,latency_s,0.022255
1756998268.993,latency_s,0.022239
1756998268.993,latency_s,0.022451
1756998268.993,latency_s,0.020250
1756998268.999,latency_s,0.020075
1756998269.063,latency_s,0.019647
1756998269.069,latency_s,0.019045
1756998269.079,latency_s,0.021695
1756998269.079,latency_s,0.020666
1756998269.079,latency_s,0.020643
1756998269.080,latency_s,0.021717
1756998269.080,latency_s,0.018882
1756998269.080,latency_s,0.018840
1756998269.083,latency_s,0.019644
1756998269.083,latency_s,0.019820
1756998269.083,latency_s,0.019368
1756998269.086,latency_s,0.020512
1756998269.087,latency_s,0.020331
1756998269.098,latency_s,0.031396
1756998269.098,latency_s,0.027801
1756998269.098,latency_s,0.027765
1756998269.098,latency_s,0.027578
1756998269.098,latency_s,0.026098
1756998269.098,latency_s,0.026029
1756998269.098,latency_s,0.026085
1756998269.098,latency_s,0.026229
1756998269.098,latency_s,0.024543
1756998269.100,latency_s,0.018791
1756998269.164,latency_s,0.019547
1756998269.170,latency_s,0.018928
1756998269.178,latency_s,0.019613
1756998269.178,latency_s,0.019790
1756998269.180,latency_s,0.019611
1756998269.180,latency_s,0.019720
1756998269.180,latency_s,0.019266
1756998269.180,latency_s,0.019193
1756998269.182,latency_s,0.019324
1756998269.183,latency_s,0.019077
1756998269.183,latency_s,0.018687
1756998269.186,latency_s,0.019381
1756998269.194,latency_s,0.027434
1756998269.194,latency_s,0.027515
1756998269.194,latency_s,0.023704
1756998269.194,latency_s,0.023537
1756998269.194,latency_s,0.023872
1756998269.194,latency_s,0.021750
1756998269.194,latency_s,0.021960
1756998269.194,latency_s,0.021985
1756998269.194,latency_s,0.021838
1756998269.195,latency_s,0.020864
1756998269.201,latency_s,0.020206
1756998269.265,latency_s,0.020099
1756998269.271,latency_s,0.019588
1756998269.278,latency_s,0.019619
1756998269.278,latency_s,0.019519
1756998269.280,latency_s,0.019758
1756998269.281,latency_s,0.019683
1756998269.281,latency_s,0.018850
1756998269.282,latency_s,0.020095
1756998269.282,latency_s,0.018751
1756998269.283,latency_s,0.018791
1756998269.285,latency_s,0.019928
1756998269.288,latency_s,0.020710
1756998269.288,latency_s,0.020644
1756998269.288,latency_s,0.020425
1756998269.294,latency_s,0.023200
1756998269.294,latency_s,0.023160
1756998269.294,latency_s,0.023101
1756998269.294,latency_s,0.021382
1756998269.294,latency_s,0.021328
1756998269.295,latency_s,0.021362
1756998269.295,latency_s,0.021281
1756998269.295,latency_s,0.020705
1756998269.302,latency_s,0.019346
1756998269.365,latency_s,0.019485
1756998269.373,latency_s,0.019350
1756998269.379,latency_s,0.019603
1756998269.379,latency_s,0.019866
1756998269.381,latency_s,0.019656
1756998269.381,latency_s,0.019942
1756998269.381,latency_s,0.018362
1756998269.381,latency_s,0.018509
1756998269.384,latency_s,0.019700
1756998269.384,latency_s,0.019905
1756998269.384,latency_s,0.019060
1756998269.388,latency_s,0.020147
1756998269.388,latency_s,0.020395
1756998269.395,latency_s,0.027471
1756998269.395,latency_s,0.023479
1756998269.395,latency_s,0.023710
1756998269.395,latency_s,0.023337
1756998269.395,latency_s,0.020707
1756998269.395,latency_s,0.019312
1756998269.395,latency_s,0.020528
1756998269.395,latency_s,0.020670
1756998269.397,latency_s,0.022261
1756998269.403,latency_s,0.018828
1756998269.465,latency_s,0.019124
1756998269.473,latency_s,0.019340
1756998269.481,latency_s,0.020434
1756998269.481,latency_s,0.020529
1756998269.481,latency_s,0.019637
1756998269.481,latency_s,0.019705
1756998269.485,latency_s,0.021481
1756998269.485,latency_s,0.021494
1756998269.485,latency_s,0.020383
1756998269.485,latency_s,0.020701
1756998269.485,latency_s,0.019693
1756998269.488,latency_s,0.019723
1756998269.488,latency_s,0.019777
1756998269.488,latency_s,0.019707
1756998269.498,latency_s,0.025920
1756998269.498,latency_s,0.025784
1756998269.498,latency_s,0.025946
1756998269.498,latency_s,0.023148
1756998269.498,latency_s,0.022970
1756998269.498,latency_s,0.022916
1756998269.498,latency_s,0.021002
1756998269.498,latency_s,0.020906
1756998269.504,latency_s,0.018934
1756998269.567,latency_s,0.020876
1756998269.573,latency_s,0.019073
1756998269.582,latency_s,0.019259
1756998269.582,latency_s,0.019582
1756998269.582,latency_s,0.019346
1756998269.585,latency_s,0.022556
1756998269.585,latency_s,0.020804
1756998269.585,latency_s,0.021028
1756998269.585,latency_s,0.020412
1756998269.585,latency_s,0.020258
1756998269.585,latency_s,0.019310
1756998269.587,latency_s,0.019170
1756998269.588,latency_s,0.019068
1756998269.588,latency_s,0.019121
1756998269.591,latency_s,0.018467
1756998269.591,latency_s,0.018335
1756998269.597,latency_s,0.024003
1756998269.597,latency_s,0.021273
1756998269.597,latency_s,0.021320
1756998269.597,latency_s,0.021477
1756998269.598,latency_s,0.019983
1756998269.598,latency_s,0.020259
1756998269.606,latency_s,0.020012
1756998269.668,latency_s,0.021081
1756998269.674,latency_s,0.019444
1756998269.694,latency_s,0.030715
1756998269.694,latency_s,0.030981
1756998269.694,latency_s,0.029404
1756998269.694,latency_s,0.030248
1756998269.694,latency_s,0.031130
1756998269.694,latency_s,0.028974
1756998269.694,latency_s,0.028341
1756998269.694,latency_s,0.027628
1756998269.694,latency_s,0.028604
1756998269.694,latency_s,0.024867
1756998269.694,latency_s,0.024719
1756998269.694,latency_s,0.024657
1756998269.694,latency_s,0.020991
1756998269.701,latency_s,0.028064
1756998269.701,latency_s,0.027910
1756998269.701,latency_s,0.024386
1756998269.701,latency_s,0.024694
1756998269.701,latency_s,0.024294
1756998269.701,latency_s,0.023356
1756998269.701,latency_s,0.023401
1756998269.767,latency_s,0.018954
1756998269.774,latency_s,0.018699
1756998269.782,latency_s,0.018563
1756998269.787,latency_s,0.023479
1756998269.788,latency_s,0.023285
1756998269.788,latency_s,0.022675
1756998269.788,latency_s,0.022571
1756998269.788,latency_s,0.022494
1756998269.788,latency_s,0.021981
1756998269.788,latency_s,0.021860
1756998269.788,latency_s,0.020344
1756998269.789,latency_s,0.019606
1756998269.789,latency_s,0.019220
1756998269.789,latency_s,0.019403
1756998269.792,latency_s,0.018414
1756998269.797,latency_s,0.023081
1756998269.797,latency_s,0.023591
1756998269.801,latency_s,0.023205
1756998269.801,latency_s,0.022841
1756998269.801,latency_s,0.022926
1756998269.801,latency_s,0.023369
1756998269.801,latency_s,0.022235
1756998269.823,latency_s,0.137291
1756998269.824,latency_s,0.036198
1756998269.868,latency_s,0.020448
1756998269.876,latency_s,0.019463
1756998269.882,latency_s,0.018985
1756998269.884,latency_s,0.019260
1756998269.887,latency_s,0.021889
1756998269.887,latency_s,0.021188
1756998269.887,latency_s,0.021082
1756998269.887,latency_s,0.020913
1756998269.887,latency_s,0.021030
1756998269.887,latency_s,0.020869
1756998269.887,latency_s,0.019540
1756998269.892,latency_s,0.020396
1756998269.892,latency_s,0.020368
1756998269.892,latency_s,0.020259
1756998269.894,latency_s,0.019496
1756998269.894,latency_s,0.019511
1756998269.900,latency_s,0.025988
1756998269.901,latency_s,0.022531
1756998269.901,latency_s,0.021978
1756998269.901,latency_s,0.021607
1756998269.901,latency_s,0.021440
1756998269.903,latency_s,0.022980
1756998269.907,latency_s,0.019583
1756998269.971,latency_s,0.022383
1756998269.975,latency_s,0.018285
1756998269.985,latency_s,0.020327
1756998269.989,latency_s,0.021947
1756998269.989,latency_s,0.022466
1756998269.989,latency_s,0.022133
1756998269.989,latency_s,0.022576
1756998269.994,latency_s,0.026886
1756998269.994,latency_s,0.026704
1756998269.994,latency_s,0.027108
1756998269.994,latency_s,0.026148
1756998269.994,latency_s,0.021328
1756998269.994,latency_s,0.021407
1756998269.994,latency_s,0.021757
1756998269.994,latency_s,0.019368
1756998269.994,latency_s,0.019457
1756998269.995,latency_s,0.019567
1756998270.000,latency_s,0.021285
1756998270.000,latency_s,0.021115
1756998270.000,latency_s,0.020739
1756998270.000,latency_s,0.020568
1756998270.001,latency_s,0.020459
1756998270.008,latency_s,0.019468
1756998270.069,latency_s,0.019822
1756998270.078,latency_s,0.020045
1756998270.084,latency_s,0.019418
1756998270.089,latency_s,0.022051
1756998270.089,latency_s,0.021888
1756998270.089,latency_s,0.020917
1756998270.089,latency_s,0.020631
1756998270.089,latency_s,0.021402
1756998270.089,latency_s,0.021167
1756998270.089,latency_s,0.020710
1756998270.089,latency_s,0.022290
1756998270.092,latency_s,0.019028
1756998270.092,latency_s,0.018949
1756998270.092,latency_s,0.019382
1756998270.095,latency_s,0.019655
1756998270.095,latency_s,0.019674
1756998270.095,latency_s,0.019756
1756998270.099,latency_s,0.019490
1756998270.104,latency_s,0.024978
1756998270.104,latency_s,0.024550
1756998270.104,latency_s,0.024700
1756998270.105,latency_s,0.023778
1756998270.110,latency_s,0.020439
1756998270.169,latency_s,0.019836
1756998270.177,latency_s,0.018876
1756998270.184,latency_s,0.019385
1756998270.187,latency_s,0.019863
1756998270.188,latency_s,0.020556
1756998270.188,latency_s,0.019258
1756998270.188,latency_s,0.019102
1756998270.191,latency_s,0.022229
1756998270.191,latency_s,0.022898
1756998270.191,latency_s,0.023028
1756998270.191,latency_s,0.022280
1756998270.195,latency_s,0.021549
1756998270.195,latency_s,0.021353
1756998270.195,latency_s,0.020644
1756998270.195,latency_s,0.019858
1756998270.195,latency_s,0.019789
1756998270.196,latency_s,0.020437
1756998270.198,latency_s,0.018636
1756998270.198,latency_s,0.018376
1756998270.200,latency_s,0.019597
1756998270.200,latency_s,0.019449
1756998270.201,latency_s,0.019543
1756998270.209,latency_s,0.019155
1756998270.269,latency_s,0.018769
1756998270.278,latency_s,0.019304
1756998270.284,latency_s,0.019229
1756998270.287,latency_s,0.020050
1756998270.287,latency_s,0.019873
1756998270.287,latency_s,0.018634
1756998270.288,latency_s,0.018777
1756998270.291,latency_s,0.021894
1756998270.291,latency_s,0.021475
1756998270.291,latency_s,0.021859
1756998270.291,latency_s,0.021652
1756998270.293,latency_s,0.019586
1756998270.293,latency_s,0.019367
1756998270.294,latency_s,0.019087
1756998270.294,latency_s,0.018711
1756998270.294,latency_s,0.018501
1756998270.295,latency_s,0.018714
1756998270.299,latency_s,0.019406
1756998270.301,latency_s,0.019479
1756998270.301,latency_s,0.019254
1756998270.301,latency_s,0.019473
1756998270.301,latency_s,0.019476
1756998270.311,latency_s,0.021045
1756998270.370,latency_s,0.019706
1756998270.378,latency_s,0.018892
1756998270.385,latency_s,0.019226
1756998270.391,latency_s,0.022189
1756998270.391,latency_s,0.022266
1756998270.391,latency_s,0.021978
1756998270.391,latency_s,0.021802
1756998270.391,latency_s,0.021196
1756998270.391,latency_s,0.021044
1756998270.391,latency_s,0.021677
1756998270.391,latency_s,0.021022
1756998270.393,latency_s,0.019023
1756998270.394,latency_s,0.019526
1756998270.394,latency_s,0.018682
1756998270.395,latency_s,0.018821
1756998270.396,latency_s,0.019799
1756998270.396,latency_s,0.019648
1756998270.400,latency_s,0.019310
1756998270.403,latency_s,0.020583
1756998270.403,latency_s,0.020059
1756998270.403,latency_s,0.020119
1756998270.404,latency_s,0.020441
1756998270.410,latency_s,0.020042
1756998270.472,latency_s,0.020270
1756998270.478,latency_s,0.019126
1756998270.487,latency_s,0.020483
1756998270.491,latency_s,0.021495
1756998270.491,latency_s,0.021682
1756998270.491,latency_s,0.021783
1756998270.492,latency_s,0.021611
1756998270.492,latency_s,0.021257
1756998270.492,latency_s,0.020831
1756998270.492,latency_s,0.021453
1756998270.493,latency_s,0.019145
1756998270.496,latency_s,0.021178
1756998270.497,latency_s,0.020622
1756998270.497,latency_s,0.020703
1756998270.497,latency_s,0.020456
1756998270.497,latency_s,0.020001
1756998270.500,latency_s,0.018993
1756998270.503,latency_s,0.019592
1756998270.506,latency_s,0.021975
1756998270.506,latency_s,0.021496
1756998270.506,latency_s,0.021021
1756998270.510,latency_s,0.018773
1756998270.571,latency_s,0.019804
1756998270.579,latency_s,0.019050
1756998270.586,latency_s,0.019301
1756998270.591,latency_s,0.020774
1756998270.592,latency_s,0.021318
1756998270.592,latency_s,0.021513
1756998270.592,latency_s,0.021761
1756998270.592,latency_s,0.021560
1756998270.592,latency_s,0.021012
1756998270.592,latency_s,0.021834
1756998270.597,latency_s,0.022978
1756998270.597,latency_s,0.021523
1756998270.597,latency_s,0.020641
1756998270.597,latency_s,0.020670
1756998270.597,latency_s,0.020387
1756998270.597,latency_s,0.020275
1756998270.601,latency_s,0.019450
1756998270.604,latency_s,0.019778
1756998270.605,latency_s,0.020243
1756998270.605,latency_s,0.019800
1756998270.606,latency_s,0.136519
1756998270.608,latency_s,0.037567
1756998270.611,latency_s,0.019571
1756998270.671,latency_s,0.019098
1756998270.679,latency_s,0.019031
1756998270.687,latency_s,0.019929
1756998270.690,latency_s,0.019114
1756998270.691,latency_s,0.019985
1756998270.691,latency_s,0.020253
1756998270.691,latency_s,0.020036
1756998270.691,latency_s,0.019817
1756998270.691,latency_s,0.020276
1756998270.691,latency_s,0.020425
1756998270.692,latency_s,0.020520
1756998270.698,latency_s,0.022010
1756998270.698,latency_s,0.021380
1756998270.698,latency_s,0.020370
1756998270.698,latency_s,0.020127
1756998270.698,latency_s,0.019994
1756998270.698,latency_s,0.020281
1756998270.701,latency_s,0.019443
1756998270.705,latency_s,0.020246
1756998270.706,latency_s,0.020031
1756998270.706,latency_s,0.020602
1756998270.710,latency_s,0.019187
1756998270.728,latency_s,0.143487
1756998270.728,latency_s,0.043030
1756998270.771,latency_s,0.019117
1756998270.780,latency_s,0.019607
1756998270.787,latency_s,0.019638
1756998270.792,latency_s,0.020342
1756998270.792,latency_s,0.020597
1756998270.792,latency_s,0.020039
1756998270.792,latency_s,0.020473
1756998270.792,latency_s,0.020682
1756998270.792,latency_s,0.019984
1756998270.792,latency_s,0.020607
1756998270.792,latency_s,0.020085
1756998270.796,latency_s,0.019770
1756998270.796,latency_s,0.019396
1756998270.799,latency_s,0.020601
1756998270.799,latency_s,0.020577
1756998270.799,latency_s,0.020812
1756998270.799,latency_s,0.020984
1756998270.802,latency_s,0.019293
1756998270.806,latency_s,0.019632
1756998270.806,latency_s,0.019727
1756998270.806,latency_s,0.019017
1756998270.807,latency_s,0.021032
1756998270.811,latency_s,0.019726
1756998270.873,latency_s,0.020994
1756998270.881,latency_s,0.019829
1756998270.887,latency_s,0.019628
1756998270.894,latency_s,0.022327
1756998270.894,latency_s,0.022580
1756998270.894,latency_s,0.022045
1756998270.894,latency_s,0.022027
1756998270.894,latency_s,0.022300
1756998270.894,latency_s,0.022364
1756998270.895,latency_s,0.022849
1756998270.895,latency_s,0.022746
1756998270.897,latency_s,0.020015
1756998270.897,latency_s,0.019485
1756998270.899,latency_s,0.019908
1756998270.899,latency_s,0.019868
1756998270.899,latency_s,0.020014
1756998270.899,latency_s,0.020135
1756998270.902,latency_s,0.019087
1756998270.905,latency_s,0.018401
1756998270.905,latency_s,0.018362
1756998270.905,latency_s,0.018609
1756998270.908,latency_s,0.019871
1756998270.911,latency_s,0.018873
1756998270.974,latency_s,0.020226
1756998270.981,latency_s,0.019229
1756998270.988,latency_s,0.019691
1756998270.994,latency_s,0.021736
1756998270.994,latency_s,0.022053
1756998270.994,latency_s,0.021831
1756998270.994,latency_s,0.021339
1756998270.994,latency_s,0.021304
1756998270.994,latency_s,0.021784
1756998270.994,latency_s,0.022003
1756998270.994,latency_s,0.021629
1756998270.997,latency_s,0.019022
1756998270.997,latency_s,0.018908
1756998270.999,latency_s,0.018716
1756998270.999,latency_s,0.018752
1756998270.999,latency_s,0.019253
1756998271.000,latency_s,0.019963
1756998271.003,latency_s,0.018889
1756998271.006,latency_s,0.018887
1756998271.006,latency_s,0.019308
1756998271.006,latency_s,0.019459
1756998271.009,latency_s,0.020232
1756998271.012,latency_s,0.019057
1756998271.074,latency_s,0.020030
1756998271.082,latency_s,0.019773
1756998271.088,latency_s,0.019675
1756998271.095,latency_s,0.021839
1756998271.095,latency_s,0.022023
1756998271.095,latency_s,0.022189
1756998271.095,latency_s,0.021995
1756998271.095,latency_s,0.021791
1756998271.095,latency_s,0.021870
1756998271.095,latency_s,0.022173
1756998271.096,latency_s,0.022276
1756998271.103,latency_s,0.024308
1756998271.103,latency_s,0.023779
1756998271.103,latency_s,0.022672
1756998271.103,latency_s,0.023470
1756998271.104,latency_s,0.022928
1756998271.104,latency_s,0.023097
1756998271.104,latency_s,0.020022
1756998271.106,latency_s,0.018802
1756998271.106,latency_s,0.018996
1756998271.109,latency_s,0.021221
1756998271.109,latency_s,0.020011
1756998271.113,latency_s,0.018899
1756998271.173,latency_s,0.018745
1756998271.182,latency_s,0.018884
1756998271.190,latency_s,0.020823
1756998271.196,latency_s,0.022363
1756998271.196,latency_s,0.022261
1756998271.196,latency_s,0.022250
1756998271.196,latency_s,0.021987
1756998271.196,latency_s,0.022257
1756998271.196,latency_s,0.022293
1756998271.196,latency_s,0.022501
1756998271.197,latency_s,0.022527
1756998271.199,latency_s,0.018857
1756998271.200,latency_s,0.019757
1756998271.200,latency_s,0.019533
1756998271.201,latency_s,0.019328
1756998271.201,latency_s,0.019706
1756998271.201,latency_s,0.019182
1756998271.204,latency_s,0.019748
1756998271.209,latency_s,0.020770
1756998271.209,latency_s,0.020641
1756998271.209,latency_s,0.020571
1756998271.209,latency_s,0.019292
1756998271.214,latency_s,0.019450
1756998271.275,latency_s,0.019876
1756998271.285,latency_s,0.021251
1756998271.289,latency_s,0.018806
1756998271.297,latency_s,0.022729
1756998271.297,latency_s,0.022750
1756998271.297,latency_s,0.022907
1756998271.297,latency_s,0.022852
1756998271.297,latency_s,0.022494
1756998271.297,latency_s,0.022478
1756998271.297,latency_s,0.022626
1756998271.297,latency_s,0.021516
1756998271.299,latency_s,0.018991
1756998271.300,latency_s,0.018013
1756998271.300,latency_s,0.018988
1756998271.302,latency_s,0.019414
1756998271.302,latency_s,0.019192
1756998271.302,latency_s,0.019020
1756998271.306,latency_s,0.021003
1756998271.310,latency_s,0.019329
1756998271.310,latency_s,0.019152
1756998271.310,latency_s,0.019096
1756998271.310,latency_s,0.019657
1756998271.316,latency_s,0.020769
1756998271.379,latency_s,0.022756
1756998271.383,latency_s,0.018869
1756998271.390,latency_s,0.018504
1756998271.397,latency_s,0.022387
1756998271.397,latency_s,0.022208
1756998271.397,latency_s,0.022611
1756998271.397,latency_s,0.022211
1756998271.397,latency_s,0.021842
1756998271.397,latency_s,0.022272
1756998271.397,latency_s,0.021720
1756998271.397,latency_s,0.021100
1756998271.400,latency_s,0.019006
1756998271.400,latency_s,0.018511
1756998271.401,latency_s,0.018598
1756998271.403,latency_s,0.020130
1756998271.403,latency_s,0.019717
1756998271.403,latency_s,0.020051
1756998271.404,latency_s,0.018770
1756998271.411,latency_s,0.019699
1756998271.411,latency_s,0.019872
1756998271.411,latency_s,0.019685
1756998271.411,latency_s,0.019165
1756998271.416,latency_s,0.019087
1756998271.476,latency_s,0.019351
1756998271.482,latency_s,0.018224
1756998271.490,latency_s,0.018456
1756998271.495,latency_s,0.020625
1756998271.495,latency_s,0.020671
1756998271.496,latency_s,0.020475
1756998271.496,latency_s,0.019837
1756998271.496,latency_s,0.019562
1756998271.496,latency_s,0.019685
1756998271.496,latency_s,0.019066
1756998271.496,latency_s,0.019209
1756998271.502,latency_s,0.021084
1756998271.502,latency_s,0.020690
1756998271.502,latency_s,0.019335
1756998271.502,latency_s,0.018849
1756998271.502,latency_s,0.019330
1756998271.503,latency_s,0.018849
1756998271.506,latency_s,0.020234
1756998271.511,latency_s,0.019449
1756998271.511,latency_s,0.019427
1756998271.511,latency_s,0.019072
1756998271.511,latency_s,0.018146
1756998271.516,latency_s,0.018898
1756998271.577,latency_s,0.020567
1756998271.584,latency_s,0.019058
1756998271.593,latency_s,0.020746
1756998271.593,latency_s,0.018195
1756998271.595,latency_s,0.019470
1756998271.595,latency_s,0.019370
1756998271.595,latency_s,0.019005
1756998271.595,latency_s,0.018962
1756998271.595,latency_s,0.018909
1756998271.595,latency_s,0.018609
1756998271.596,latency_s,0.018306
1756998271.602,latency_s,0.019800
1756998271.602,latency_s,0.019816
1756998271.602,latency_s,0.018256
1756998271.603,latency_s,0.019481
1756998271.603,latency_s,0.019351
1756998271.603,latency_s,0.019322
1756998271.605,latency_s,0.018188
1756998271.612,latency_s,0.020344
1756998271.612,latency_s,0.020180
1756998271.612,latency_s,0.020278
1756998271.612,latency_s,0.019044
1756998271.616,latency_s,0.018773
1756998271.681,latency_s,0.023898
1756998271.685,latency_s,0.018965
1756998271.699,latency_s,0.025148
1756998271.699,latency_s,0.024057
1756998271.699,latency_s,0.023685
1756998271.699,latency_s,0.023105
1756998271.699,latency_s,0.022274
1756998271.699,latency_s,0.022231
1756998271.699,latency_s,0.021628
1756998271.700,latency_s,0.021935
1756998271.704,latency_s,0.022010
1756998271.704,latency_s,0.021523
1756998271.704,latency_s,0.020276
1756998271.704,latency_s,0.019696
1756998271.704,latency_s,0.019516
1756998271.704,latency_s,0.019429
1756998271.706,latency_s,0.018814
1756998271.712,latency_s,0.019661
1756998271.712,latency_s,0.019919
1756998271.712,latency_s,0.019951
1756998271.712,latency_s,0.018960
1756998271.717,latency_s,0.018582
1756998271.778,latency_s,0.019908
1756998271.785,latency_s,0.019068
1756998271.794,latency_s,0.020101
1756998271.794,latency_s,0.018945
1756998271.795,latency_s,0.018432
1756998271.795,latency_s,0.018053
1756998271.799,latency_s,0.021865
1756998271.800,latency_s,0.021673
1756998271.800,latency_s,0.021348
1756998271.800,latency_s,0.021555
1756998271.802,latency_s,0.019643
1756998271.802,latency_s,0.018680
1756998271.802,latency_s,0.018388
1756998271.805,latency_s,0.019304
1756998271.805,latency_s,0.019234
1756998271.805,latency_s,0.019490
1756998271.827,latency_s,0.038560
1756998271.827,latency_s,0.033773
1756998271.827,latency_s,0.033663
1756998271.827,latency_s,0.033827
1756998271.827,latency_s,0.032895
1756998271.827,latency_s,0.028390
1756998271.827,latency_s,0.150042
1756998271.827,latency_s,0.049358
1756998271.880,latency_s,0.020618
1756998271.886,latency_s,0.019166
1756998271.899,latency_s,0.024096
1756998271.899,latency_s,0.023281
1756998271.899,latency_s,0.022018
1756998271.899,latency_s,0.021986
1756998271.899,latency_s,0.021334
1756998271.899,latency_s,0.021099
1756998271.899,latency_s,0.021056
1756998271.899,latency_s,0.020527
1756998271.899,latency_s,0.020102
1756998271.903,latency_s,0.019961
1756998271.904,latency_s,0.019335
1756998271.904,latency_s,0.019362
1756998271.905,latency_s,0.018788
1756998271.913,latency_s,0.027232
1756998271.914,latency_s,0.027252
1756998271.914,latency_s,0.025595
1756998271.914,latency_s,0.019936
1756998271.914,latency_s,0.020119
1756998271.914,latency_s,0.020198
1756998271.914,latency_s,0.019339
1756998271.919,latency_s,0.019988
1756998271.980,latency_s,0.020499
1756998271.986,latency_s,0.018981
1756998271.994,latency_s,0.019030
1756998271.995,latency_s,0.018775
1756998272.000,latency_s,0.022637
1756998272.001,latency_s,0.022889
1756998272.001,latency_s,0.022398
1756998272.001,latency_s,0.021965
1756998272.001,latency_s,0.021800
1756998272.001,latency_s,0.022105
1756998272.001,latency_s,0.020518
1756998272.003,latency_s,0.019115
1756998272.003,latency_s,0.018270
1756998272.003,latency_s,0.018244
1756998272.006,latency_s,0.018944
1756998272.006,latency_s,0.018925
1756998272.009,latency_s,0.021956
1756998272.009,latency_s,0.020188
1756998272.016,latency_s,0.021767
1756998272.016,latency_s,0.021238
1756998272.016,latency_s,0.021283
1756998272.016,latency_s,0.020864
1756998272.020,latency_s,0.020088
1756998272.081,latency_s,0.020298
1756998272.087,latency_s,0.019618
1756998272.095,latency_s,0.020646
1756998272.096,latency_s,0.018700
1756998272.100,latency_s,0.022690
1756998272.101,latency_s,0.022499
1756998272.101,latency_s,0.022565
1756998272.101,latency_s,0.022118
1756998272.101,latency_s,0.022161
1756998272.101,latency_s,0.021877
1756998272.101,latency_s,0.020859
1756998272.103,latency_s,0.019035
1756998272.105,latency_s,0.018767
1756998272.105,latency_s,0.018715
1756998272.105,latency_s,0.018050
1756998272.107,latency_s,0.018324
1756998272.110,latency_s,0.021258
1756998272.110,latency_s,0.020928
1756998272.116,latency_s,0.021838
1756998272.117,latency_s,0.021747
1756998272.117,latency_s,0.021687
1756998272.117,latency_s,0.021134
1756998272.119,latency_s,0.018989
1756998272.181,latency_s,0.019845
1756998272.188,latency_s,0.019517
1756998272.194,latency_s,0.019053
1756998272.198,latency_s,0.020724
1756998272.213,latency_s,0.034788
1756998272.213,latency_s,0.034274
1756998272.213,latency_s,0.034741
1756998272.213,latency_s,0.033776
1756998272.213,latency_s,0.033341
1756998272.213,latency_s,0.033528
1756998272.213,latency_s,0.031423
1756998272.213,latency_s,0.029152
1756998272.213,latency_s,0.026722
1756998272.213,latency_s,0.026553
1756998272.213,latency_s,0.026220
1756998272.213,latency_s,0.024813
1756998272.214,latency_s,0.023813
1756998272.214,latency_s,0.023909
1756998272.216,latency_s,0.020575
1756998272.216,latency_s,0.020586
1756998272.216,latency_s,0.020506
1756998272.217,latency_s,0.021107
1756998272.219,latency_s,0.019331
1756998272.289,latency_s,0.028061
1756998272.290,latency_s,0.020489
1756998272.295,latency_s,0.019501
1756998272.297,latency_s,0.019099
1756998272.299,latency_s,0.019308
1756998272.299,latency_s,0.019463
1756998272.299,latency_s,0.019116
1756998272.299,latency_s,0.018675
1756998272.299,latency_s,0.019225
1756998272.299,latency_s,0.019291
1756998272.301,latency_s,0.019135
1756998272.305,latency_s,0.020137
1756998272.306,latency_s,0.018958
1756998272.312,latency_s,0.023967
1756998272.312,latency_s,0.023916
1756998272.312,latency_s,0.022537
1756998272.312,latency_s,0.021570
1756998272.312,latency_s,0.022119
1756998272.316,latency_s,0.020257
1756998272.316,latency_s,0.020088
1756998272.316,latency_s,0.020205
1756998272.316,latency_s,0.019640
1756998272.320,latency_s,0.019331
1756998272.381,latency_s,0.019261
1756998272.390,latency_s,0.019477
1756998272.396,latency_s,0.019398
1756998272.397,latency_s,0.018682
1756998272.403,latency_s,0.021916
1756998272.403,latency_s,0.021936
1756998272.403,latency_s,0.021896
1756998272.403,latency_s,0.021953
1756998272.403,latency_s,0.021111
1756998272.403,latency_s,0.021336
1756998272.403,latency_s,0.020523
1756998272.404,latency_s,0.018970
1756998272.409,latency_s,0.020374
1756998272.411,latency_s,0.021812
1756998272.411,latency_s,0.021684
1756998272.411,latency_s,0.021411
1756998272.411,latency_s,0.021813
1756998272.412,latency_s,0.021133
1756998272.433,latency_s,0.037040
1756998272.433,latency_s,0.036721
1756998272.433,latency_s,0.037175
1756998272.433,latency_s,0.036506
1756998272.433,latency_s,0.032226
1756998272.482,latency_s,0.019645
1756998272.489,latency_s,0.018236
1756998272.496,latency_s,0.018883
1756998272.497,latency_s,0.018276
1756998272.501,latency_s,0.019613
1756998272.501,latency_s,0.019824
1756998272.501,latency_s,0.019483
1756998272.502,latency_s,0.019564
1756998272.502,latency_s,0.019566
1756998272.502,latency_s,0.019469
1756998272.502,latency_s,0.019186
1756998272.504,latency_s,0.018183
1756998272.507,latency_s,0.018059
1756998272.510,latency_s,0.020010
1756998272.510,latency_s,0.020016
1756998272.510,latency_s,0.019532
1756998272.510,latency_s,0.020065
1756998272.510,latency_s,0.019775
1756998272.520,latency_s,0.023627
1756998272.520,latency_s,0.023366
1756998272.520,latency_s,0.023172
1756998272.520,latency_s,0.023795
1756998272.520,latency_s,0.018940
1756998272.582,latency_s,0.019491
1756998272.590,latency_s,0.018943
1756998272.597,latency_s,0.019768
1756998272.598,latency_s,0.018745
1756998272.604,latency_s,0.022239
1756998272.604,latency_s,0.022289
1756998272.604,latency_s,0.022344
1756998272.604,latency_s,0.021510
1756998272.604,latency_s,0.021142
1756998272.604,latency_s,0.021148
1756998272.604,latency_s,0.021402
1756998272.605,latency_s,0.019275
1756998272.611,latency_s,0.020633
1756998272.611,latency_s,0.020367
1756998272.611,latency_s,0.020274
1756998272.613,latency_s,0.023004
1756998272.614,latency_s,0.022687
1756998272.614,latency_s,0.022807
1756998272.619,latency_s,0.021611
1756998272.619,latency_s,0.022069
1756998272.620,latency_s,0.022981
1756998272.621,latency_s,0.023649
1756998272.621,latency_s,0.018615
1756998272.705,latency_s,0.041636
1756998272.705,latency_s,0.033316
1756998272.706,latency_s,0.028774
1756998272.707,latency_s,0.027389
1756998272.707,latency_s,0.024528
1756998272.707,latency_s,0.024566
1756998272.707,latency_s,0.024181
1756998272.707,latency_s,0.023721
1756998272.707,latency_s,0.023407
1756998272.707,latency_s,0.023432
1756998272.707,latency_s,0.023410
1756998272.707,latency_s,0.020782
1756998272.712,latency_s,0.021263
1756998272.712,latency_s,0.020415
1756998272.712,latency_s,0.020477
1756998272.712,latency_s,0.021000
1756998272.712,latency_s,0.021304
1756998272.712,latency_s,0.021053
1756998272.719,latency_s,0.021518
1756998272.719,latency_s,0.021144
1756998272.719,latency_s,0.021529
1756998272.720,latency_s,0.022182
1756998272.722,latency_s,0.018710
1756998272.785,latency_s,0.020777
1756998272.792,latency_s,0.019449
1756998272.797,latency_s,0.019023
1756998272.798,latency_s,0.018479
1756998272.802,latency_s,0.019204
1756998272.806,latency_s,0.021919
1756998272.806,latency_s,0.022184
1756998272.806,latency_s,0.022352
1756998272.806,latency_s,0.022190
1756998272.806,latency_s,0.022307
1756998272.806,latency_s,0.021995
1756998272.806,latency_s,0.019525
1756998272.809,latency_s,0.018168
1756998272.812,latency_s,0.020909
1756998272.812,latency_s,0.020700
1756998272.812,latency_s,0.020419
1756998272.812,latency_s,0.020766
1756998272.812,latency_s,0.020619
1756998272.820,latency_s,0.022182
1756998272.820,latency_s,0.021450
1756998272.821,latency_s,0.021891
1756998272.821,latency_s,0.022216
1756998272.822,latency_s,0.018746
1756998272.883,latency_s,0.018970
1756998272.892,latency_s,0.019015
1756998272.898,latency_s,0.018951
1756998272.900,latency_s,0.020546
1756998272.903,latency_s,0.019708
1756998272.904,latency_s,0.019907
1756998272.904,latency_s,0.020036
1756998272.904,latency_s,0.019672
1756998272.905,latency_s,0.020230
1756998272.905,latency_s,0.019849
1756998272.905,latency_s,0.020682
1756998272.907,latency_s,0.019937
1756998272.912,latency_s,0.021033
1756998272.914,latency_s,0.022780
1756998272.915,latency_s,0.022632
1756998272.915,latency_s,0.023277
1756998272.915,latency_s,0.023078
1756998272.915,latency_s,0.023101
1756998272.919,latency_s,0.020700
1756998272.920,latency_s,0.020362
1756998272.920,latency_s,0.020629
1756998272.920,latency_s,0.020364
1756998272.923,latency_s,0.019465
1756998272.985,latency_s,0.020151
1756998272.992,latency_s,0.018937
1756998273.000,latency_s,0.020663
1756998273.001,latency_s,0.020864
1756998273.002,latency_s,0.018335
1756998273.004,latency_s,0.019725
1756998273.004,latency_s,0.019781
1756998273.005,latency_s,0.019780
1756998273.005,latency_s,0.019539
1756998273.005,latency_s,0.019937
1756998273.007,latency_s,0.020659
1756998273.007,latency_s,0.019839
1756998273.012,latency_s,0.019242
1756998273.012,latency_s,0.019171
1756998273.015,latency_s,0.022529
1756998273.016,latency_s,0.022635
1756998273.016,latency_s,0.022643
1756998273.020,latency_s,0.021243
1756998273.021,latency_s,0.020940
1756998273.021,latency_s,0.021601
1756998273.021,latency_s,0.020628
1756998273.024,latency_s,0.019172
1756998273.085,latency_s,0.019926
1756998273.093,latency_s,0.019483
1756998273.099,latency_s,0.019490
1756998273.100,latency_s,0.019730
1756998273.107,latency_s,0.023695
1756998273.108,latency_s,0.022815
1756998273.108,latency_s,0.022851
1756998273.108,latency_s,0.022340
1756998273.108,latency_s,0.022366
1756998273.108,latency_s,0.021624
1756998273.108,latency_s,0.021007
1756998273.108,latency_s,0.020337
1756998273.113,latency_s,0.020318
1756998273.115,latency_s,0.021919
1756998273.115,latency_s,0.021980
1756998273.116,latency_s,0.022362
1756998273.116,latency_s,0.022831
1756998273.122,latency_s,0.023024
1756998273.123,latency_s,0.022675
1756998273.123,latency_s,0.023362
1756998273.123,latency_s,0.022260
1756998273.125,latency_s,0.019059
1756998273.136,latency_s,0.143055
1756998273.136,latency_s,0.042496
1756998273.186,latency_s,0.019687
1756998273.193,latency_s,0.019312
1756998273.201,latency_s,0.020415
1756998273.201,latency_s,0.020604
1756998273.202,latency_s,0.018529
1756998273.204,latency_s,0.018897
1756998273.204,latency_s,0.019011
1756998273.204,latency_s,0.018392
1756998273.204,latency_s,0.018167
1756998273.208,latency_s,0.020944
1756998273.208,latency_s,0.020847
1756998273.208,latency_s,0.020118
1756998273.213,latency_s,0.019723
1756998273.216,latency_s,0.022599
1756998273.216,latency_s,0.022632
1756998273.216,latency_s,0.022341
1756998273.216,latency_s,0.023105
1756998273.216,latency_s,0.022259
1756998273.218,latency_s,0.018508
1756998273.219,latency_s,0.019135
1756998273.220,latency_s,0.019983
1756998273.220,latency_s,0.018844
1756998273.226,latency_s,0.018659
1756998273.287,latency_s,0.020389
1756998273.294,latency_s,0.019246
1756998273.300,latency_s,0.018722
1756998273.300,latency_s,0.018806
1756998273.303,latency_s,0.019175
1756998273.308,latency_s,0.022819
1756998273.308,latency_s,0.022407
1756998273.308,latency_s,0.022348
1756998273.308,latency_s,0.022241
1756998273.308,latency_s,0.020691
1756998273.308,latency_s,0.020976
1756998273.309,latency_s,0.020574
1756998273.312,latency_s,0.018702
1756998273.314,latency_s,0.019122
1756998273.315,latency_s,0.020229
1756998273.315,latency_s,0.020198
1756998273.315,latency_s,0.020364
1756998273.315,latency_s,0.020216
1756998273.322,latency_s,0.021793
1756998273.322,latency_s,0.021392
1756998273.322,latency_s,0.021723
1756998273.322,latency_s,0.019957
1756998273.327,latency_s,0.019352
1756998273.386,latency_s,0.019124
1756998273.394,latency_s,0.018204
1756998273.400,latency_s,0.018816
1756998273.400,latency_s,0.018847
1756998273.407,latency_s,0.022412
1756998273.407,latency_s,0.021954
1756998273.408,latency_s,0.021415
1756998273.408,latency_s,0.021137
1756998273.408,latency_s,0.021038
1756998273.408,latency_s,0.019913
1756998273.408,latency_s,0.020170
1756998273.408,latency_s,0.019850
1756998273.413,latency_s,0.019077
1756998273.413,latency_s,0.018702
1756998273.416,latency_s,0.020626
1756998273.416,latency_s,0.020792
1756998273.416,latency_s,0.020834
1756998273.416,latency_s,0.020571
1756998273.420,latency_s,0.019892
1756998273.420,latency_s,0.019832
1756998273.423,latency_s,0.022512
1756998273.423,latency_s,0.020967
1756998273.428,latency_s,0.019175
1756998273.488,latency_s,0.020225
1756998273.494,latency_s,0.018762
1756998273.501,latency_s,0.019383
1756998273.502,latency_s,0.019692
1756998273.504,latency_s,0.018747
1756998273.505,latency_s,0.018673
1756998273.509,latency_s,0.021789
1756998273.509,latency_s,0.021893
1756998273.509,latency_s,0.021827
1756998273.509,latency_s,0.021469
1756998273.510,latency_s,0.021116
1756998273.510,latency_s,0.020063
1756998273.515,latency_s,0.020100
1756998273.515,latency_s,0.019785
1756998273.516,latency_s,0.020042
1756998273.518,latency_s,0.022426
1756998273.518,latency_s,0.022018
1756998273.518,latency_s,0.022487
1756998273.520,latency_s,0.019193
1756998273.522,latency_s,0.020931
1756998273.522,latency_s,0.020840
1756998273.522,latency_s,0.018765
1756998273.529,latency_s,0.019573
1756998273.590,latency_s,0.021916
1756998273.595,latency_s,0.019182
1756998273.603,latency_s,0.019825
1756998273.605,latency_s,0.019921
1756998273.622,latency_s,0.037124
1756998273.622,latency_s,0.035834
1756998273.623,latency_s,0.034963
1756998273.623,latency_s,0.034316
1756998273.623,latency_s,0.034367
1756998273.623,latency_s,0.034293
1756998273.623,latency_s,0.034022
1756998273.623,latency_s,0.033007
1756998273.623,latency_s,0.027092
1756998273.623,latency_s,0.026813
1756998273.623,latency_s,0.026553
1756998273.623,latency_s,0.026676
1756998273.623,latency_s,0.026565
1756998273.623,latency_s,0.026684
1756998273.623,latency_s,0.022049
1756998273.623,latency_s,0.022290
1756998273.623,latency_s,0.021805
1756998273.623,latency_s,0.019869
1756998273.629,latency_s,0.019964
1756998273.689,latency_s,0.020911
1756998273.695,latency_s,0.019482
1756998273.704,latency_s,0.019695
1756998273.706,latency_s,0.020798
1756998273.706,latency_s,0.019371
1756998273.709,latency_s,0.023403
1756998273.709,latency_s,0.020847
1756998273.709,latency_s,0.020368
1756998273.710,latency_s,0.021191
1756998273.710,latency_s,0.021079
1756998273.710,latency_s,0.020693
1756998273.719,latency_s,0.028634
1756998273.719,latency_s,0.022334
1756998273.719,latency_s,0.021737
1756998273.719,latency_s,0.021760
1756998273.719,latency_s,0.021811
1756998273.719,latency_s,0.021490
1756998273.723,latency_s,0.021177
1756998273.723,latency_s,0.021054
1756998273.723,latency_s,0.020907
1756998273.723,latency_s,0.019412
1756998273.731,latency_s,0.019983
1756998273.790,latency_s,0.020420
1756998273.795,latency_s,0.018943
1756998273.807,latency_s,0.021824
1756998273.807,latency_s,0.021308
1756998273.807,latency_s,0.020886
1756998273.807,latency_s,0.019981
1756998273.810,latency_s,0.021394
1756998273.810,latency_s,0.021283
1756998273.810,latency_s,0.020824
1756998273.811,latency_s,0.021002
1756998273.811,latency_s,0.020841
1756998273.811,latency_s,0.020233
1756998273.820,latency_s,0.023167
1756998273.823,latency_s,0.024916
1756998273.823,latency_s,0.024800
1756998273.823,latency_s,0.024962
1756998273.823,latency_s,0.025161
1756998273.823,latency_s,0.021289
1756998273.824,latency_s,0.021204
1756998273.824,latency_s,0.020309
1756998273.824,latency_s,0.019521
1756998273.830,latency_s,0.018631
1756998273.839,latency_s,0.141325
1756998273.839,latency_s,0.040083
1756998273.889,latency_s,0.019969
1756998273.896,latency_s,0.018874
1756998273.906,latency_s,0.019895
1756998273.906,latency_s,0.019622
1756998273.906,latency_s,0.019561
1756998273.906,latency_s,0.019185
1756998273.912,latency_s,0.021636
1756998273.912,latency_s,0.021645
1756998273.912,latency_s,0.021652
1756998273.912,latency_s,0.021759
1756998273.912,latency_s,0.021475
1756998273.912,latency_s,0.020880
1756998273.920,latency_s,0.022879
1756998273.920,latency_s,0.021945
1756998273.920,latency_s,0.021377
1756998273.921,latency_s,0.021705
1756998273.921,latency_s,0.021273
1756998273.921,latency_s,0.021868
1756998273.923,latency_s,0.020470
1756998273.923,latency_s,0.020693
1756998273.923,latency_s,0.019401
1756998273.925,latency_s,0.020515
1756998273.932,latency_s,0.019842
1756998273.990,latency_s,0.019800
1756998273.997,latency_s,0.019506
1756998274.008,latency_s,0.021072
1756998274.008,latency_s,0.020596
1756998274.008,latency_s,0.020883
1756998274.008,latency_s,0.020588
1756998274.012,latency_s,0.021534
1756998274.012,latency_s,0.021424
1756998274.012,latency_s,0.021446
1756998274.012,latency_s,0.021348
1756998274.012,latency_s,0.020660
1756998274.013,latency_s,0.020600
1756998274.017,latency_s,0.019314
1756998274.022,latency_s,0.023821
1756998274.023,latency_s,0.023353
1756998274.023,latency_s,0.023270
1756998274.023,latency_s,0.023102
1756998274.023,latency_s,0.023421
1756998274.023,latency_s,0.019791
1756998274.025,latency_s,0.019643
1756998274.025,latency_s,0.019855
1756998274.033,latency_s,0.019700
1756998274.090,latency_s,0.019767
1756998274.097,latency_s,0.019310
1756998274.107,latency_s,0.020315
1756998274.107,latency_s,0.020071
1756998274.107,latency_s,0.018572
1756998274.108,latency_s,0.019907
1756998274.111,latency_s,0.019652
1756998274.111,latency_s,0.019370
1756998274.111,latency_s,0.019909
1756998274.111,latency_s,0.019980
1756998274.111,latency_s,0.018970
1756998274.120,latency_s,0.020871
1756998274.120,latency_s,0.020919
1756998274.120,latency_s,0.020281
1756998274.122,latency_s,0.022855
1756998274.123,latency_s,0.022997
1756998274.123,latency_s,0.022897
1756998274.124,latency_s,0.019810
1756998274.125,latency_s,0.018868
1756998274.126,latency_s,0.020142
1756998274.135,latency_s,0.021299
1756998274.143,latency_s,0.139932
1756998274.143,latency_s,0.038993
1756998274.191,latency_s,0.019639
1756998274.198,latency_s,0.019332
1756998274.209,latency_s,0.021835
1756998274.209,latency_s,0.020649
1756998274.209,latency_s,0.020668
1756998274.210,latency_s,0.020114
1756998274.212,latency_s,0.019673
1756998274.212,latency_s,0.019664
1756998274.212,latency_s,0.019722
1756998274.212,latency_s,0.019769
1756998274.212,latency_s,0.019321
1756998274.217,latency_s,0.018396
1756998274.219,latency_s,0.019333
1756998274.219,latency_s,0.020018
1756998274.226,latency_s,0.026235
1756998274.226,latency_s,0.026067
1756998274.226,latency_s,0.026005
1756998274.226,latency_s,0.021786
1756998274.226,latency_s,0.021707
1756998274.226,latency_s,0.019687
1756998274.226,latency_s,0.020150
1756998274.232,latency_s,0.138969
1756998274.232,latency_s,0.038630
1756998274.234,latency_s,0.018975
1756998274.291,latency_s,0.019364
1756998274.298,latency_s,0.019067
1756998274.309,latency_s,0.020289
1756998274.310,latency_s,0.019998
1756998274.310,latency_s,0.020347
1756998274.310,latency_s,0.019592
1756998274.313,latency_s,0.020921
1756998274.313,latency_s,0.021020
1756998274.313,latency_s,0.020610
1756998274.313,latency_s,0.021040
1756998274.313,latency_s,0.020128
1756998274.314,latency_s,0.020589
1756998274.318,latency_s,0.018464
1756998274.320,latency_s,0.020174
1756998274.320,latency_s,0.019626
1756998274.325,latency_s,0.024806
1756998274.325,latency_s,0.024222
1756998274.325,latency_s,0.024041
1756998274.325,latency_s,0.020723
1756998274.325,latency_s,0.020571
1756998274.327,latency_s,0.020591
1756998274.327,latency_s,0.020912
1756998274.335,latency_s,0.018913
1756998274.393,latency_s,0.021072
1756998274.399,latency_s,0.019554
1756998274.411,latency_s,0.020662
1756998274.412,latency_s,0.021741
1756998274.412,latency_s,0.021187
1756998274.412,latency_s,0.021676
1756998274.412,latency_s,0.019702
1756998274.412,latency_s,0.019540
1756998274.412,latency_s,0.019776
1756998274.412,latency_s,0.019521
1756998274.412,latency_s,0.018470
1756998274.412,latency_s,0.018639
1756998274.420,latency_s,0.020045
1756998274.420,latency_s,0.019823
1756998274.420,latency_s,0.019753
1756998274.420,latency_s,0.019983
1756998274.420,latency_s,0.018778
1756998274.421,latency_s,0.018898
1756998274.428,latency_s,0.023216
1756998274.428,latency_s,0.023174
1756998274.428,latency_s,0.021336
1756998274.428,latency_s,0.021365
1756998274.436,latency_s,0.018831
1756998274.493,latency_s,0.019943
1756998274.499,latency_s,0.019284
1756998274.512,latency_s,0.022328
1756998274.512,latency_s,0.021729
1756998274.513,latency_s,0.022231
1756998274.513,latency_s,0.021569
1756998274.513,latency_s,0.019889
1756998274.513,latency_s,0.019590
1756998274.513,latency_s,0.019952
1756998274.513,latency_s,0.019633
1756998274.516,latency_s,0.020780
1756998274.516,latency_s,0.021116
1756998274.520,latency_s,0.019582
1756998274.520,latency_s,0.019350
1756998274.520,latency_s,0.019381
1756998274.520,latency_s,0.019358
1756998274.526,latency_s,0.022808
1756998274.526,latency_s,0.022862
1756998274.526,latency_s,0.019971
1756998274.526,latency_s,0.019912
1756998274.528,latency_s,0.020666
1756998274.528,latency_s,0.020566
1756998274.538,latency_s,0.020015
1756998274.594,latency_s,0.020787
1756998274.600,latency_s,0.019070
1756998274.611,latency_s,0.020550
1756998274.611,latency_s,0.020582
1756998274.611,latency_s,0.018556
1756998274.614,latency_s,0.020633
1756998274.614,latency_s,0.020040
1756998274.614,latency_s,0.020008
1756998274.614,latency_s,0.020123
1756998274.615,latency_s,0.019031
1756998274.615,latency_s,0.019146
1756998274.621,latency_s,0.019326
1756998274.621,latency_s,0.019309
1756998274.621,latency_s,0.018465
1756998274.622,latency_s,0.018497
1756998274.622,latency_s,0.018337
1756998274.629,latency_s,0.025567
1756998274.629,latency_s,0.021849
1756998274.629,latency_s,0.021657
1756998274.629,latency_s,0.021053
1756998274.629,latency_s,0.021386
1756998274.638,latency_s,0.019511
1756998274.695,latency_s,0.021023
1756998274.700,latency_s,0.018431
1756998274.711,latency_s,0.019512
1756998274.711,latency_s,0.020251
1756998274.717,latency_s,0.023545
1756998274.717,latency_s,0.022910
1756998274.717,latency_s,0.023378
1756998274.717,latency_s,0.022750
1756998274.717,latency_s,0.022578
1756998274.717,latency_s,0.020816
1756998274.717,latency_s,0.020582
1756998274.722,latency_s,0.019143
1756998274.722,latency_s,0.019446
1756998274.723,latency_s,0.019198
1756998274.723,latency_s,0.019100
1756998274.723,latency_s,0.019417
1756998274.723,latency_s,0.019340
1756998274.731,latency_s,0.023706
1756998274.731,latency_s,0.023483
1756998274.731,latency_s,0.023230
1756998274.731,latency_s,0.138214
1756998274.731,latency_s,0.023670
1756998274.732,latency_s,0.037997
1756998274.741,latency_s,0.021839
1756998274.795,latency_s,0.021281
1756998274.802,latency_s,0.018900
1756998274.812,latency_s,0.020287
1756998274.817,latency_s,0.025290
1756998274.817,latency_s,0.023810
1756998274.817,latency_s,0.023198
1756998274.817,latency_s,0.022969
1756998274.817,latency_s,0.023300
1756998274.817,latency_s,0.022732
1756998274.817,latency_s,0.021737
1756998274.817,latency_s,0.020195
1756998274.818,latency_s,0.020491
1756998274.823,latency_s,0.019320
1756998274.823,latency_s,0.018243
1756998274.823,latency_s,0.017994
1756998274.823,latency_s,0.018283
1756998274.823,latency_s,0.018273
1756998274.823,latency_s,0.018298
1756998274.829,latency_s,0.021225
1756998274.829,latency_s,0.020997
1756998274.829,latency_s,0.020803
1756998274.829,latency_s,0.020630
1756998274.840,latency_s,0.020136
1756998274.896,latency_s,0.019882
1756998274.902,latency_s,0.019213
1756998274.911,latency_s,0.019425
1756998274.913,latency_s,0.018797
1756998274.915,latency_s,0.020710
1756998274.915,latency_s,0.021362
1756998274.915,latency_s,0.020808
1756998274.916,latency_s,0.020568
1756998274.916,latency_s,0.020738
1756998274.916,latency_s,0.019004
1756998274.917,latency_s,0.019496
1756998274.917,latency_s,0.019593
1756998274.923,latency_s,0.019342
1756998274.925,latency_s,0.020253
1756998274.925,latency_s,0.020499
1756998274.925,latency_s,0.020322
1756998274.925,latency_s,0.019852
1756998274.926,latency_s,0.021543
1756998274.930,latency_s,0.021590
1756998274.930,latency_s,0.021532
1756998274.930,latency_s,0.021861
1756998274.931,latency_s,0.022169
1756998274.938,latency_s,0.018725
1756998274.997,latency_s,0.020679
1756998275.003,latency_s,0.019827
1756998275.017,latency_s,0.025404
1756998275.017,latency_s,0.023506
1756998275.017,latency_s,0.023253
1756998275.017,latency_s,0.022750
1756998275.018,latency_s,0.022378
1756998275.018,latency_s,0.022393
1756998275.018,latency_s,0.022066
1756998275.018,latency_s,0.020819
1756998275.018,latency_s,0.019846
1756998275.018,latency_s,0.020128
1756998275.023,latency_s,0.018449
1756998275.025,latency_s,0.019500
1756998275.025,latency_s,0.019368
1756998275.025,latency_s,0.018959
1756998275.025,latency_s,0.019629
1756998275.025,latency_s,0.019046
1756998275.031,latency_s,0.022110
1756998275.031,latency_s,0.022125
1756998275.032,latency_s,0.023182
1756998275.033,latency_s,0.023544
1756998275.040,latency_s,0.018877
1756998275.096,latency_s,0.019589
1756998275.104,latency_s,0.019761
1756998275.111,latency_s,0.019263
1756998275.113,latency_s,0.018742
1756998275.114,latency_s,0.019166
1756998275.119,latency_s,0.022794
1756998275.119,latency_s,0.022774
1756998275.120,latency_s,0.023211
1756998275.120,latency_s,0.022948
1756998275.120,latency_s,0.022171
1756998275.120,latency_s,0.021723
1756998275.120,latency_s,0.021713
1756998275.125,latency_s,0.020631
1756998275.126,latency_s,0.020066
1756998275.126,latency_s,0.020330
1756998275.126,latency_s,0.019816
1756998275.126,latency_s,0.020047
1756998275.126,latency_s,0.020240
1756998275.132,latency_s,0.022189
1756998275.132,latency_s,0.022273
1756998275.132,latency_s,0.022249
1756998275.132,latency_s,0.022357
1756998275.141,latency_s,0.019132
1756998275.197,latency_s,0.019981
1756998275.204,latency_s,0.019076
1756998275.212,latency_s,0.019887
1756998275.213,latency_s,0.018497
1756998275.214,latency_s,0.018441
1756998275.219,latency_s,0.022390
1756998275.219,latency_s,0.022228
1756998275.219,latency_s,0.022082
1756998275.219,latency_s,0.021394
1756998275.219,latency_s,0.021179
1756998275.219,latency_s,0.020689
1756998275.219,latency_s,0.020339
1756998275.223,latency_s,0.018196
1756998275.226,latency_s,0.020435
1756998275.227,latency_s,0.020398
1756998275.227,latency_s,0.020205
1756998275.227,latency_s,0.019811
1756998275.229,latency_s,0.018523
1756998275.232,latency_s,0.021586
1756998275.232,latency_s,0.021339
1756998275.232,latency_s,0.021464
1756998275.242,latency_s,0.019260
1756998275.297,latency_s,0.019840
1756998275.307,latency_s,0.019776
1756998275.312,latency_s,0.019722
1756998275.316,latency_s,0.020808
1756998275.316,latency_s,0.020804
1756998275.316,latency_s,0.019497
1756998275.317,latency_s,0.020542
1756998275.318,latency_s,0.020893
1756998275.318,latency_s,0.019247
1756998275.318,latency_s,0.018833
1756998275.318,latency_s,0.018709
1756998275.318,latency_s,0.018820
1756998275.329,latency_s,0.022660
1756998275.329,latency_s,0.022303
1756998275.333,latency_s,0.025286
1756998275.333,latency_s,0.025985
1756998275.333,latency_s,0.021652
1756998275.333,latency_s,0.021658
1756998275.333,latency_s,0.021598
1756998275.333,latency_s,0.021642
1756998275.344,latency_s,0.020430
1756998275.351,latency_s,0.144308
1756998275.351,latency_s,0.044192
1756998275.398,latency_s,0.020170
1756998275.406,latency_s,0.018939
1756998275.413,latency_s,0.018840
1756998275.418,latency_s,0.021284
1756998275.418,latency_s,0.021048
1756998275.418,latency_s,0.019887
1756998275.418,latency_s,0.020032
1756998275.418,latency_s,0.019978
1756998275.418,latency_s,0.019459
1756998275.418,latency_s,0.019145
1756998275.418,latency_s,0.018930
1756998275.418,latency_s,0.018761
1756998275.428,latency_s,0.020904
1756998275.428,latency_s,0.020750
1756998275.428,latency_s,0.020594
1756998275.428,latency_s,0.020834
1756998275.428,latency_s,0.020515
1756998275.433,latency_s,0.020667
1756998275.434,latency_s,0.022202
1756998275.435,latency_s,0.022272
1756998275.443,latency_s,0.019721
1756998275.449,latency_s,0.142911
1756998275.449,latency_s,0.042847
1756998275.498,latency_s,0.019608
1756998275.508,latency_s,0.019263
1756998275.514,latency_s,0.020171
1756998275.515,latency_s,0.018463
1756998275.516,latency_s,0.018570
1756998275.521,latency_s,0.021980
1756998275.521,latency_s,0.022034
1756998275.521,latency_s,0.021982
1756998275.521,latency_s,0.022046
1756998275.521,latency_s,0.021871
1756998275.521,latency_s,0.021137
1756998275.521,latency_s,0.021513
1756998275.525,latency_s,0.018404
1756998275.526,latency_s,0.019121
1756998275.526,latency_s,0.018510
1756998275.526,latency_s,0.018851
1756998275.527,latency_s,0.018414
1756998275.527,latency_s,0.018959
1756998275.533,latency_s,0.020485
1756998275.533,latency_s,0.020534
1756998275.534,latency_s,0.021344
1756998275.545,latency_s,0.020359
1756998275.557,latency_s,0.144651
1756998275.557,latency_s,0.044515
1756998275.599,latency_s,0.020416
1756998275.609,latency_s,0.019255
1756998275.616,latency_s,0.020913
1756998275.616,latency_s,0.019597
1756998275.619,latency_s,0.020923
1756998275.622,latency_s,0.022931
1756998275.622,latency_s,0.022856
1756998275.622,latency_s,0.023052
1756998275.622,latency_s,0.022747
1756998275.622,latency_s,0.023384
1756998275.622,latency_s,0.021113
1756998275.623,latency_s,0.021415
1756998275.626,latency_s,0.019188
1756998275.628,latency_s,0.020620
1756998275.628,latency_s,0.019756
1756998275.628,latency_s,0.019796
1756998275.628,latency_s,0.020279
1756998275.628,latency_s,0.020415
1756998275.632,latency_s,0.019183
1756998275.638,latency_s,0.023451
1756998275.638,latency_s,0.024050
1756998275.639,latency_s,0.024555
1756998275.644,latency_s,0.018984
1756998275.700,latency_s,0.021030
1756998275.712,latency_s,0.020527
1756998275.715,latency_s,0.019707
1756998275.716,latency_s,0.019087
1756998275.722,latency_s,0.023412
1756998275.722,latency_s,0.022929
1756998275.722,latency_s,0.022754
1756998275.723,latency_s,0.022812
1756998275.723,latency_s,0.023413
1756998275.723,latency_s,0.023731
1756998275.723,latency_s,0.020576
1756998275.723,latency_s,0.020531
1756998275.726,latency_s,0.019162
1756998275.726,latency_s,0.019030
1756998275.729,latency_s,0.020277
1756998275.729,latency_s,0.020475
1756998275.729,latency_s,0.020780
1756998275.729,latency_s,0.020194
1756998275.736,latency_s,0.023039
1756998275.736,latency_s,0.020674
1756998275.736,latency_s,0.020814
1756998275.736,latency_s,0.020723
1756998275.746,latency_s,0.021309
1756998275.800,latency_s,0.021111
1756998275.811,latency_s,0.019041
1756998275.816,latency_s,0.020408
1756998275.817,latency_s,0.019199
1756998275.821,latency_s,0.021431
1756998275.821,latency_s,0.021147
1756998275.821,latency_s,0.020966
1756998275.821,latency_s,0.021461
1756998275.821,latency_s,0.020896
1756998275.822,latency_s,0.021745
1756998275.822,latency_s,0.018956
1756998275.822,latency_s,0.018559
1756998275.829,latency_s,0.021600
1756998275.829,latency_s,0.020920
1756998275.829,latency_s,0.020145
1756998275.829,latency_s,0.020088
1756998275.829,latency_s,0.019850
1756998275.829,latency_s,0.019438
1756998275.832,latency_s,0.018797
1756998275.836,latency_s,0.019783
1756998275.836,latency_s,0.019399
1756998275.836,latency_s,0.020070
1756998275.846,latency_s,0.019827
1756998275.899,latency_s,0.019345
1756998275.912,latency_s,0.019543
1756998275.915,latency_s,0.018543
1756998275.917,latency_s,0.018285
1756998275.921,latency_s,0.020913
1756998275.921,latency_s,0.020972
1756998275.921,latency_s,0.021049
1756998275.921,latency_s,0.020761
1756998275.921,latency_s,0.020727
1756998275.922,latency_s,0.021228
1756998275.922,latency_s,0.018270
1756998275.922,latency_s,0.018327
1756998275.926,latency_s,0.018407
1756998275.927,latency_s,0.019363
1756998275.927,latency_s,0.018504
1756998275.928,latency_s,0.018386
1756998275.928,latency_s,0.018340
1756998275.928,latency_s,0.017850
1756998275.933,latency_s,0.018827
1756998275.936,latency_s,0.020055
1756998275.936,latency_s,0.019566
1756998275.937,latency_s,0.019857
1756998275.945,latency_s,0.018788
1756998276.000,latency_s,0.019621
1756998276.013,latency_s,0.019390
1756998276.018,latency_s,0.020412
1756998276.018,latency_s,0.019226
1756998276.023,latency_s,0.021545
1756998276.023,latency_s,0.021672
1756998276.023,latency_s,0.021812
1756998276.023,latency_s,0.021919
1756998276.023,latency_s,0.021703
1756998276.042,latency_s,0.040161
1756998276.042,latency_s,0.038104
1756998276.042,latency_s,0.037850
1756998276.042,latency_s,0.034412
1756998276.042,latency_s,0.034116
1756998276.042,latency_s,0.032904
1756998276.042,latency_s,0.032767
1756998276.042,latency_s,0.032238
1756998276.042,latency_s,0.028163
1756998276.042,latency_s,0.025841
1756998276.042,latency_s,0.025459
1756998276.043,latency_s,0.025325
1756998276.047,latency_s,0.018841
1756998276.101,latency_s,0.020411
1756998276.136,latency_s,0.039259
1756998276.136,latency_s,0.037917
1756998276.139,latency_s,0.039210
1756998276.139,latency_s,0.037145
1756998276.139,latency_s,0.037142
1756998276.139,latency_s,0.037136
1756998276.139,latency_s,0.037010
1756998276.139,latency_s,0.037106
1756998276.139,latency_s,0.036315
1756998276.139,latency_s,0.034496
1756998276.139,latency_s,0.034189
1756998276.139,latency_s,0.030087
1756998276.139,latency_s,0.030019
1756998276.139,latency_s,0.029571
1756998276.139,latency_s,0.028929
1756998276.139,latency_s,0.028903
1756998276.139,latency_s,0.024626
1756998276.139,latency_s,0.021911
1756998276.139,latency_s,0.021788
1756998276.139,latency_s,0.022617
1756998276.148,latency_s,0.019712
1756998276.152,latency_s,0.141779
1756998276.152,latency_s,0.041790
1756998276.202,latency_s,0.020772
1756998276.218,latency_s,0.020026
1756998276.218,latency_s,0.020060
1756998276.220,latency_s,0.019876
1756998276.221,latency_s,0.018625
1756998276.221,latency_s,0.018729
1756998276.221,latency_s,0.018609
1756998276.221,latency_s,0.018802
1756998276.221,latency_s,0.018645
1756998276.228,latency_s,0.024611
1756998276.228,latency_s,0.022426
1756998276.228,latency_s,0.022127
1756998276.235,latency_s,0.025471
1756998276.235,latency_s,0.025141
1756998276.235,latency_s,0.024971
1756998276.235,latency_s,0.024157
1756998276.235,latency_s,0.024410
1756998276.235,latency_s,0.024150
1756998276.235,latency_s,0.019602
1756998276.237,latency_s,0.019356
1756998276.237,latency_s,0.020440
1756998276.239,latency_s,0.020792
1756998276.248,latency_s,0.018818
1756998276.302,latency_s,0.020118
1756998276.320,latency_s,0.022298
1756998276.321,latency_s,0.021663
1756998276.321,latency_s,0.020553
1756998276.326,latency_s,0.022208
1756998276.326,latency_s,0.022421
1756998276.326,latency_s,0.022265
1756998276.326,latency_s,0.022558
1756998276.326,latency_s,0.022261
1756998276.326,latency_s,0.022420
1756998276.326,latency_s,0.019974
1756998276.326,latency_s,0.019831
1756998276.334,latency_s,0.024426
1756998276.334,latency_s,0.024477
1756998276.334,latency_s,0.024331
1756998276.334,latency_s,0.023599
1756998276.334,latency_s,0.023400
1756998276.334,latency_s,0.023652
1756998276.336,latency_s,0.020531
1756998276.338,latency_s,0.019866
1756998276.341,latency_s,0.022712
1756998276.341,latency_s,0.021046
1756998276.349,latency_s,0.019354
1756998276.401,latency_s,0.019253
1756998276.418,latency_s,0.019155
1756998276.421,latency_s,0.019925
1756998276.421,latency_s,0.020009
1756998276.424,latency_s,0.020439
1756998276.424,latency_s,0.020699
1756998276.424,latency_s,0.020378
1756998276.424,latency_s,0.020360
1756998276.424,latency_s,0.020843
1756998276.424,latency_s,0.020763
1756998276.427,latency_s,0.020405
1756998276.432,latency_s,0.024987
1756998276.432,latency_s,0.021735
1756998276.432,latency_s,0.021873
1756998276.432,latency_s,0.021333
1756998276.432,latency_s,0.021422
1756998276.432,latency_s,0.020770
1756998276.432,latency_s,0.021260
1756998276.436,latency_s,0.019315
1756998276.437,latency_s,0.019093
1756998276.440,latency_s,0.021208
1756998276.440,latency_s,0.019356
1756998276.449,latency_s,0.019118
1756998276.503,latency_s,0.019848
1756998276.518,latency_s,0.019609
1756998276.524,latency_s,0.020823
1756998276.524,latency_s,0.021021
1756998276.524,latency_s,0.020014
1756998276.524,latency_s,0.020100
1756998276.524,latency_s,0.019650
1756998276.524,latency_s,0.019319
1756998276.524,latency_s,0.019180
1756998276.524,latency_s,0.019746
1756998276.527,latency_s,0.019364
1756998276.527,latency_s,0.019418
1756998276.533,latency_s,0.022972
1756998276.534,latency_s,0.022937
1756998276.534,latency_s,0.021800
1756998276.534,latency_s,0.021878
1756998276.534,latency_s,0.022222
1756998276.534,latency_s,0.022142
1756998276.541,latency_s,0.023745
1756998276.541,latency_s,0.021476
1756998276.541,latency_s,0.021636
1756998276.541,latency_s,0.020075
1756998276.550,latency_s,0.019054
1756998276.603,latency_s,0.020298
1756998276.619,latency_s,0.020523
1756998276.624,latency_s,0.020374
1756998276.624,latency_s,0.020419
1756998276.624,latency_s,0.020506
1756998276.624,latency_s,0.019703
1756998276.624,latency_s,0.019918
1756998276.625,latency_s,0.020623
1756998276.625,latency_s,0.019640
1756998276.625,latency_s,0.019535
1756998276.627,latency_s,0.019118
1756998276.628,latency_s,0.019373
1756998276.631,latency_s,0.020185
1756998276.639,latency_s,0.027915
1756998276.639,latency_s,0.027129
1756998276.639,latency_s,0.027136
1756998276.639,latency_s,0.027153
1756998276.639,latency_s,0.026812
1756998276.639,latency_s,0.021685
1756998276.639,latency_s,0.019634
1756998276.639,latency_s,0.019814
1756998276.639,latency_s,0.018306
1756998276.652,latency_s,0.019740
1756998276.704,latency_s,0.020847
1756998276.719,latency_s,0.019835
1756998276.726,latency_s,0.021400
1756998276.726,latency_s,0.021075
1756998276.726,latency_s,0.021463
1756998276.726,latency_s,0.021920
1756998276.726,latency_s,0.020767
1756998276.726,latency_s,0.021525
1756998276.726,latency_s,0.022041
1756998276.727,latency_s,0.021198
1756998276.729,latency_s,0.020341
1756998276.729,latency_s,0.020474
1756998276.732,latency_s,0.020683
1756998276.732,latency_s,0.020756
1756998276.732,latency_s,0.020125
1756998276.743,latency_s,0.030532
1756998276.743,latency_s,0.030711
1756998276.743,latency_s,0.029943
1756998276.743,latency_s,0.025181
1756998276.743,latency_s,0.022707
1756998276.743,latency_s,0.022283
1756998276.743,latency_s,0.021589
1756998276.752,latency_s,0.018613
1756998276.805,latency_s,0.020901
1756998276.818,latency_s,0.018611
1756998276.828,latency_s,0.022807
1756998276.828,latency_s,0.022445
1756998276.828,latency_s,0.022479
1756998276.828,latency_s,0.022637
1756998276.828,latency_s,0.023068
1756998276.828,latency_s,0.022332
1756998276.828,latency_s,0.021909
1756998276.828,latency_s,0.021636
1756998276.828,latency_s,0.019245
1756998276.828,latency_s,0.019264
1756998276.831,latency_s,0.019528
1756998276.844,latency_s,0.031697
1756998276.844,latency_s,0.031466
1756998276.844,latency_s,0.030843
1756998276.844,latency_s,0.030730
1756998276.844,latency_s,0.029518
1756998276.844,latency_s,0.025520
1756998276.844,latency_s,0.022504
1756998276.844,latency_s,0.022527
1756998276.844,latency_s,0.020885
1756998276.855,latency_s,0.020329
1756998276.904,latency_s,0.019878
1756998276.920,latency_s,0.019472
1756998276.927,latency_s,0.021813
1756998276.927,latency_s,0.022268
1756998276.928,latency_s,0.022507
1756998276.928,latency_s,0.022609
1756998276.928,latency_s,0.022576
1756998276.928,latency_s,0.022096
1756998276.928,latency_s,0.021677
1756998276.929,latency_s,0.021954
1756998276.929,latency_s,0.019011
1756998276.929,latency_s,0.018795
1756998276.932,latency_s,0.020140
1756998276.932,latency_s,0.019754
1756998276.932,latency_s,0.019482
1756998276.943,latency_s,0.029513
1756998276.943,latency_s,0.028600
1756998276.943,latency_s,0.028222
1756998276.943,latency_s,0.023247
1756998276.943,latency_s,0.021104
1756998276.943,latency_s,0.020587
1756998276.943,latency_s,0.020012
1756998276.955,latency_s,0.020011
1756998277.004,latency_s,0.019440
1756998277.021,latency_s,0.019372
1756998277.027,latency_s,0.020956
1756998277.027,latency_s,0.020740
1756998277.027,latency_s,0.019992
1756998277.027,latency_s,0.019575
1756998277.027,latency_s,0.019887
1756998277.027,latency_s,0.020025
1756998277.027,latency_s,0.019481
1756998277.027,latency_s,0.019664
1756998277.032,latency_s,0.021866
1756998277.032,latency_s,0.021990
1756998277.033,latency_s,0.020238
1756998277.033,latency_s,0.020162
1756998277.033,latency_s,0.019937
1756998277.033,latency_s,0.019074
1756998277.042,latency_s,0.027142
1756998277.043,latency_s,0.027003
1756998277.043,latency_s,0.019904
1756998277.066,latency_s,0.042015
1756998277.066,latency_s,0.041901
1756998277.066,latency_s,0.041300
1756998277.066,latency_s,0.029736
1756998277.106,latency_s,0.020062
1756998277.122,latency_s,0.019412
1756998277.129,latency_s,0.022691
1756998277.129,latency_s,0.022354
1756998277.129,latency_s,0.021204
1756998277.129,latency_s,0.020975
1756998277.129,latency_s,0.021456
1756998277.129,latency_s,0.020985
1756998277.129,latency_s,0.021405
1756998277.130,latency_s,0.021370
1756998277.130,latency_s,0.018470
1756998277.130,latency_s,0.018586
1756998277.137,latency_s,0.022889
1756998277.137,latency_s,0.023027
1756998277.137,latency_s,0.022886
1756998277.137,latency_s,0.022825
1756998277.137,latency_s,0.021158
1756998277.137,latency_s,0.020680
1756998277.145,latency_s,0.022252
1756998277.146,latency_s,0.021786
1756998277.146,latency_s,0.021013
1756998277.146,latency_s,0.020974
1756998277.157,latency_s,0.019501
1756998277.206,latency_s,0.019324
1756998277.223,latency_s,0.019278
1756998277.226,latency_s,0.019142
1756998277.228,latency_s,0.019932
1756998277.228,latency_s,0.019935
1756998277.228,latency_s,0.019780
1756998277.228,latency_s,0.019686
1756998277.228,latency_s,0.019522
1756998277.228,latency_s,0.019186
1756998277.228,latency_s,0.019283
1756998277.233,latency_s,0.020492
1756998277.259,latency_s,0.046633
1756998277.259,latency_s,0.044348
1756998277.259,latency_s,0.044728
1756998277.259,latency_s,0.044487
1756998277.259,latency_s,0.044652
1756998277.259,latency_s,0.041826
1756998277.259,latency_s,0.041884
1756998277.260,latency_s,0.036632
1756998277.260,latency_s,0.034663
1756998277.260,latency_s,0.034510
1756998277.260,latency_s,0.033557
1756998277.260,latency_s,0.021598
1756998277.306,latency_s,0.019496
1756998277.324,latency_s,0.019534
1756998277.330,latency_s,0.022764
1756998277.330,latency_s,0.021848
1756998277.330,latency_s,0.021905
1756998277.330,latency_s,0.021422
1756998277.331,latency_s,0.021411
1756998277.331,latency_s,0.022759
1756998277.332,latency_s,0.023203
1756998277.339,latency_s,0.029614
1756998277.339,latency_s,0.026233
1756998277.339,latency_s,0.026243
1756998277.339,latency_s,0.024406
1756998277.339,latency_s,0.024476
1756998277.340,latency_s,0.024708
1756998277.340,latency_s,0.024553
1756998277.340,latency_s,0.021005
1756998277.340,latency_s,0.021039
1756998277.347,latency_s,0.022219
1756998277.347,latency_s,0.021194
1756998277.347,latency_s,0.021145
1756998277.347,latency_s,0.020381
1756998277.359,latency_s,0.019142
1756998277.407,latency_s,0.019639
1756998277.424,latency_s,0.019283
1756998277.427,latency_s,0.019660
1756998277.431,latency_s,0.021085
1756998277.431,latency_s,0.021740
1756998277.431,latency_s,0.021332
1756998277.431,latency_s,0.021487
1756998277.431,latency_s,0.021320
1756998277.431,latency_s,0.021270
1756998277.431,latency_s,0.021640
1756998277.437,latency_s,0.022311
1756998277.437,latency_s,0.022370
1756998277.437,latency_s,0.021209
1756998277.440,latency_s,0.024823
1756998277.440,latency_s,0.024795
1756998277.440,latency_s,0.024143
1756998277.440,latency_s,0.021001
1756998277.440,latency_s,0.021020
1756998277.448,latency_s,0.022641
1756998277.448,latency_s,0.021334
1756998277.448,latency_s,0.021206
1756998277.448,latency_s,0.020408
1756998277.461,latency_s,0.019002
1756998277.508,latency_s,0.019677
1756998277.526,latency_s,0.019071
1756998277.526,latency_s,0.018530
1756998277.529,latency_s,0.019577
1756998277.529,latency_s,0.018594
1756998277.529,latency_s,0.018905
1756998277.532,latency_s,0.021729
1756998277.533,latency_s,0.021363
1756998277.533,latency_s,0.022023
1756998277.533,latency_s,0.022131
1756998277.541,latency_s,0.026185
1756998277.541,latency_s,0.025072
1756998277.541,latency_s,0.025394
1756998277.541,latency_s,0.025065
1756998277.541,latency_s,0.025263
1756998277.541,latency_s,0.024568
1756998277.541,latency_s,0.020192
1756998277.548,latency_s,0.021695
1756998277.548,latency_s,0.019873
1756998277.548,latency_s,0.019839
1756998277.548,latency_s,0.019349
1756998277.562,latency_s,0.019128
1756998277.608,latency_s,0.019573
1756998277.628,latency_s,0.021063
1756998277.628,latency_s,0.020428
1756998277.630,latency_s,0.019776
1756998277.630,latency_s,0.018151
1756998277.630,latency_s,0.018327
1756998277.633,latency_s,0.020637
1756998277.633,latency_s,0.020631
1756998277.633,latency_s,0.020694
1756998277.633,latency_s,0.021109
1756998277.643,latency_s,0.027774
1756998277.643,latency_s,0.026378
1756998277.643,latency_s,0.026511
1756998277.643,latency_s,0.026062
1756998277.643,latency_s,0.025861
1756998277.643,latency_s,0.025907
1756998277.644,latency_s,0.021509
1756998277.646,latency_s,0.020140
1756998277.648,latency_s,0.019824
1756998277.648,latency_s,0.019634
1756998277.648,latency_s,0.019854
1756998277.665,latency_s,0.021253
1756998277.665,latency_s,0.143660
1756998277.665,latency_s,0.042110
1756998277.710,latency_s,0.020843
1756998277.730,latency_s,0.020371
1756998277.730,latency_s,0.019988
1756998277.730,latency_s,0.020696
1756998277.735,latency_s,0.022728
1756998277.735,latency_s,0.022881
1756998277.735,latency_s,0.022455
1756998277.735,latency_s,0.022974
1756998277.735,latency_s,0.022339
1756998277.735,latency_s,0.022538
1756998277.735,latency_s,0.020515
1756998277.736,latency_s,0.018708
1756998277.744,latency_s,0.027274
1756998277.744,latency_s,0.027631
1756998277.745,latency_s,0.027515
1756998277.745,latency_s,0.026912
1756998277.745,latency_s,0.020951
1756998277.745,latency_s,0.020965
1756998277.748,latency_s,0.020378
1756998277.749,latency_s,0.019923
1756998277.750,latency_s,0.020750
1756998277.750,latency_s,0.020919
1756998277.764,latency_s,0.020033
1756998277.809,latency_s,0.020001
1756998277.829,latency_s,0.019293
1756998277.830,latency_s,0.019515
1756998277.830,latency_s,0.019379
1756998277.834,latency_s,0.021774
1756998277.835,latency_s,0.021970
1756998277.835,latency_s,0.020613
1756998277.835,latency_s,0.020589
1756998277.835,latency_s,0.020183
1756998277.835,latency_s,0.020678
1756998277.835,latency_s,0.018865
1756998277.839,latency_s,0.021413
1756998277.844,latency_s,0.026155
1756998277.844,latency_s,0.026594
1756998277.844,latency_s,0.026062
1756998277.844,latency_s,0.026602
1756998277.844,latency_s,0.019825
1756998277.844,latency_s,0.019830
1756998277.849,latency_s,0.020293
1756998277.849,latency_s,0.019253
1756998277.850,latency_s,0.020018
1756998277.850,latency_s,0.020299
1756998277.864,latency_s,0.018901
1756998277.911,latency_s,0.019945
1756998277.931,latency_s,0.020466
1756998277.931,latency_s,0.020423
1756998277.931,latency_s,0.020530
1756998277.931,latency_s,0.018274
1756998277.931,latency_s,0.018430
1756998277.935,latency_s,0.020416
1756998277.935,latency_s,0.020532
1756998277.935,latency_s,0.020363
1756998277.935,latency_s,0.020375
1756998277.935,latency_s,0.018785
1756998277.937,latency_s,0.019335
1756998277.947,latency_s,0.028629
1756998277.947,latency_s,0.029121
1756998277.947,latency_s,0.029037
1756998277.947,latency_s,0.028231
1756998277.947,latency_s,0.020862
1756998277.947,latency_s,0.020614
1756998277.951,latency_s,0.022038
1756998277.951,latency_s,0.020704
1756998277.951,latency_s,0.020669
1756998277.951,latency_s,0.020822
1756998277.965,latency_s,0.019254
1756998278.033,latency_s,0.021855
1756998278.033,latency_s,0.021986
1756998278.033,latency_s,0.021417
1756998278.033,latency_s,0.019893
1756998278.033,latency_s,0.019540
1756998278.037,latency_s,0.021708
1756998278.038,latency_s,0.022029
1756998278.038,latency_s,0.022301
1756998278.038,latency_s,0.022527
1756998278.038,latency_s,0.020671
1756998278.038,latency_s,0.020258
1756998278.038,latency_s,0.019743
1756998278.038,latency_s,0.019486
1756998278.063,latency_s,0.044281
1756998278.063,latency_s,0.043478
1756998278.063,latency_s,0.035572
1756998278.063,latency_s,0.034714
1756998278.063,latency_s,0.033152
1756998278.063,latency_s,0.032680
1756998278.063,latency_s,0.032503
1756998278.063,latency_s,0.032496
1756998278.068,latency_s,0.021381
1756998278.127,latency_s,0.136402
1756998278.128,latency_s,0.035977
1756998278.132,latency_s,0.020117
1756998278.132,latency_s,0.020102
1756998278.132,latency_s,0.020158
1756998278.133,latency_s,0.019339
1756998278.133,latency_s,0.019223
1756998278.134,latency_s,0.018710
1756998278.143,latency_s,0.027119
1756998278.143,latency_s,0.027103
1756998278.143,latency_s,0.027318
1756998278.143,latency_s,0.025603
1756998278.143,latency_s,0.025365
1756998278.143,latency_s,0.024508
1756998278.143,latency_s,0.024874
1756998278.143,latency_s,0.024205
1756998278.144,latency_s,0.023503
1756998278.148,latency_s,0.020280
1756998278.148,latency_s,0.019153
1756998278.151,latency_s,0.019885
1756998278.151,latency_s,0.019322
1756998278.151,latency_s,0.019905
1756998278.151,latency_s,0.019576
1756998278.166,latency_s,0.019190
1756998278.212,latency_s,0.019452
1756998278.234,latency_s,0.022066
1756998278.234,latency_s,0.021968
1756998278.234,latency_s,0.021766
1756998278.234,latency_s,0.020321
1756998278.235,latency_s,0.020133
1756998278.235,latency_s,0.018597
1756998278.235,latency_s,0.018373
1756998278.235,latency_s,0.018345
1756998278.235,latency_s,0.018378
1756998278.252,latency_s,0.034366
1756998278.253,latency_s,0.034404
1756998278.253,latency_s,0.033447
1756998278.253,latency_s,0.033454
1756998278.253,latency_s,0.033116
1756998278.253,latency_s,0.031650
1756998278.253,latency_s,0.024299
1756998278.253,latency_s,0.023116
1756998278.253,latency_s,0.021011
1756998278.253,latency_s,0.021652
1756998278.253,latency_s,0.021085
1756998278.253,latency_s,0.022271
1756998278.314,latency_s,0.020233
1756998278.334,latency_s,0.021471
1756998278.334,latency_s,0.021776
1756998278.334,latency_s,0.021315
1756998278.335,latency_s,0.020323
1756998278.335,latency_s,0.018917
1756998278.339,latency_s,0.022196
1756998278.339,latency_s,0.022118
1756998278.339,latency_s,0.022141
1756998278.339,latency_s,0.022403
1756998278.353,latency_s,0.033929
1756998278.353,latency_s,0.033937
1756998278.353,latency_s,0.033533
1756998278.353,latency_s,0.033264
1756998278.353,latency_s,0.033198
1756998278.353,latency_s,0.031418
1756998278.353,latency_s,0.023690
1756998278.353,latency_s,0.021991
1756998278.353,latency_s,0.021530
1756998278.353,latency_s,0.021840
1756998278.353,latency_s,0.021232
1756998278.354,latency_s,0.021685
1756998278.386,latency_s,0.138628
1756998278.386,latency_s,0.038431
1756998278.414,latency_s,0.020338
1756998278.437,latency_s,0.024273
1756998278.437,latency_s,0.023278
1756998278.438,latency_s,0.023239
1756998278.438,latency_s,0.022977
1756998278.438,latency_s,0.022052
1756998278.438,latency_s,0.021204
1756998278.438,latency_s,0.020697
1756998278.438,latency_s,0.020437
1756998278.438,latency_s,0.020432
1756998278.438,latency_s,0.018819
1756998278.448,latency_s,0.027362
1756998278.448,latency_s,0.027848
1756998278.448,latency_s,0.027720
1756998278.448,latency_s,0.027041
1756998278.448,latency_s,0.025578
1756998278.454,latency_s,0.022945
1756998278.454,latency_s,0.021843
1756998278.454,latency_s,0.021773
1756998278.454,latency_s,0.022073
1756998278.454,latency_s,0.021734
1756998278.454,latency_s,0.021481
1756998278.468,latency_s,0.019718
1756998278.515,latency_s,0.020057
1756998278.534,latency_s,0.020135
1756998278.534,latency_s,0.019710
1756998278.534,latency_s,0.019740
1756998278.535,latency_s,0.018924
1756998278.538,latency_s,0.021731
1756998278.540,latency_s,0.022995
1756998278.540,latency_s,0.021496
1756998278.540,latency_s,0.021634
1756998278.540,latency_s,0.021546
1756998278.540,latency_s,0.020836
1756998278.549,latency_s,0.028685
1756998278.549,latency_s,0.028558
1756998278.549,latency_s,0.028720
1756998278.549,latency_s,0.028330
1756998278.549,latency_s,0.026447
1756998278.555,latency_s,0.023929
1756998278.555,latency_s,0.022844
1756998278.555,latency_s,0.022492
1756998278.557,latency_s,0.024158
1756998278.557,latency_s,0.024999
1756998278.558,latency_s,0.024611
1756998278.567,latency_s,0.018658
1756998278.614,latency_s,0.019180
1756998278.633,latency_s,0.019328
1756998278.633,latency_s,0.018549
1756998278.635,latency_s,0.019531
1756998278.635,latency_s,0.018616
1756998278.635,latency_s,0.018249
1756998278.636,latency_s,0.018772
1756998278.638,latency_s,0.019470
1756998278.638,latency_s,0.019601
1756998278.638,latency_s,0.019536
1756998278.639,latency_s,0.018898
1756998278.640,latency_s,0.018977
1756998278.640,latency_s,0.019112
1756998278.651,latency_s,0.029103
1756998278.651,latency_s,0.029275
1756998278.651,latency_s,0.026475
1756998278.652,latency_s,0.019055
1756998278.654,latency_s,0.020046
1756998278.654,latency_s,0.019368
1756998278.654,latency_s,0.019820
1756998278.654,latency_s,0.020416
1756998278.654,latency_s,0.018985
1756998278.670,latency_s,0.020387
1756998278.716,latency_s,0.020102
1756998278.738,latency_s,0.023925
1756998278.738,latency_s,0.023430
1756998278.738,latency_s,0.022820
1756998278.738,latency_s,0.022083
1756998278.739,latency_s,0.021677
1756998278.739,latency_s,0.021304
1756998278.741,latency_s,0.020706
1756998278.741,latency_s,0.020882
1756998278.741,latency_s,0.020759
1756998278.741,latency_s,0.020807
1756998278.741,latency_s,0.019072
1756998278.741,latency_s,0.019578
1756998278.741,latency_s,0.018954
1756998278.741,latency_s,0.019340
1756998278.769,latency_s,0.044122
1756998278.769,latency_s,0.036358
1756998278.769,latency_s,0.034056
1756998278.769,latency_s,0.033974
1756998278.769,latency_s,0.033449
1756998278.769,latency_s,0.033675
1756998278.769,latency_s,0.030513
1756998278.769,latency_s,0.019891
1756998278.816,latency_s,0.019489
1756998278.837,latency_s,0.021250
1756998278.837,latency_s,0.021582
1756998278.837,latency_s,0.020791
1756998278.837,latency_s,0.019805
1756998278.837,latency_s,0.018846
1756998278.837,latency_s,0.018977
1756998278.841,latency_s,0.020586
1756998278.841,latency_s,0.020940
1756998278.841,latency_s,0.021016
1756998278.852,latency_s,0.031448
1756998278.852,latency_s,0.030454
1756998278.852,latency_s,0.030457
1756998278.853,latency_s,0.030254
1756998278.853,latency_s,0.029833
1756998278.853,latency_s,0.027084
1756998278.857,latency_s,0.020973
1756998278.857,latency_s,0.020992
1756998278.857,latency_s,0.021055
1756998278.857,latency_s,0.019706
1756998278.859,latency_s,0.019738
1756998278.869,latency_s,0.019282
1756998278.917,latency_s,0.019943
1756998278.938,latency_s,0.021165
1756998278.938,latency_s,0.021508
1756998278.938,latency_s,0.021578
1756998278.938,latency_s,0.019676
1756998278.938,latency_s,0.019769
1756998278.939,latency_s,0.019913
1756998278.942,latency_s,0.021703
1756998278.942,latency_s,0.021761
1756998278.942,latency_s,0.021865
1756998278.943,latency_s,0.020840
1756998278.952,latency_s,0.029636
1756998278.952,latency_s,0.029804
1756998278.952,latency_s,0.029550
1756998278.952,latency_s,0.029162
1756998278.952,latency_s,0.025147
1756998278.956,latency_s,0.019885
1756998278.957,latency_s,0.020039
1756998278.957,latency_s,0.020479
1756998278.958,latency_s,0.019503
1756998278.959,latency_s,0.018572
1756998278.969,latency_s,0.019068
1756998278.984,latency_s,0.149985
1756998278.984,latency_s,0.049884
1756998279.017,latency_s,0.019430
1756998279.038,latency_s,0.021031
1756998279.038,latency_s,0.020774
1756998279.038,latency_s,0.020965
1756998279.038,latency_s,0.019299
1756998279.038,latency_s,0.019294
1756998279.043,latency_s,0.022093
1756998279.043,latency_s,0.021864
1756998279.043,latency_s,0.021663
1756998279.043,latency_s,0.021603
1756998279.043,latency_s,0.020539
1756998279.052,latency_s,0.028990
1756998279.052,latency_s,0.028760
1756998279.052,latency_s,0.028559
1756998279.052,latency_s,0.028933
1756998279.052,latency_s,0.024713
1756998279.057,latency_s,0.021698
1756998279.057,latency_s,0.019545
1756998279.057,latency_s,0.019696
1756998279.057,latency_s,0.019291
1756998279.060,latency_s,0.021093
1756998279.060,latency_s,0.019112
1756998279.071,latency_s,0.019056
1756998279.118,latency_s,0.020074
1756998279.140,latency_s,0.020841
1756998279.140,latency_s,0.020898
1756998279.140,latency_s,0.020880
1756998279.141,latency_s,0.021065
1756998279.141,latency_s,0.021158
1756998279.141,latency_s,0.019630
1756998279.141,latency_s,0.019619
1756998279.141,latency_s,0.018980
1756998279.141,latency_s,0.018728
1756998279.141,latency_s,0.018311
1756998279.144,latency_s,0.021503
1756998279.156,latency_s,0.032300
1756998279.156,latency_s,0.032642
1756998279.156,latency_s,0.031693
1756998279.156,latency_s,0.027536
1756998279.156,latency_s,0.020719
1756998279.156,latency_s,0.018513
1756998279.156,latency_s,0.018567
1756998279.156,latency_s,0.018454
1756998279.159,latency_s,0.019718
1756998279.161,latency_s,0.019300
1756998279.171,latency_s,0.018209
1756998279.218,latency_s,0.020258
1756998279.241,latency_s,0.020356
1756998279.242,latency_s,0.020669
1756998279.242,latency_s,0.020625
1756998279.242,latency_s,0.020609
1756998279.242,latency_s,0.020343
1756998279.245,latency_s,0.024239
1756998279.245,latency_s,0.023565
1756998279.245,latency_s,0.023920
1756998279.245,latency_s,0.023228
1756998279.246,latency_s,0.022485
1756998279.246,latency_s,0.022620
1756998279.257,latency_s,0.033160
1756998279.257,latency_s,0.032403
1756998279.257,latency_s,0.033401
1756998279.257,latency_s,0.027780
1756998279.258,latency_s,0.020084
1756998279.258,latency_s,0.020065
1756998279.258,latency_s,0.020001
1756998279.260,latency_s,0.022263
1756998279.261,latency_s,0.020489
1756998279.263,latency_s,0.020153
1756998279.274,latency_s,0.019729
1756998279.319,latency_s,0.020809
1756998279.346,latency_s,0.024540
1756998279.346,latency_s,0.024427
1756998279.346,latency_s,0.024489
1756998279.346,latency_s,0.024441
1756998279.346,latency_s,0.024594
1756998279.346,latency_s,0.024219
1756998279.346,latency_s,0.023966
1756998279.346,latency_s,0.024285
1756998279.346,latency_s,0.023051
1756998279.346,latency_s,0.021618
1756998279.346,latency_s,0.021599
1756998279.346,latency_s,0.020458
1756998279.346,latency_s,0.020540
1756998279.346,latency_s,0.020735
1756998279.357,latency_s,0.026696
1756998279.360,latency_s,0.021959
1756998279.360,latency_s,0.021940
1756998279.360,latency_s,0.021996
1756998279.360,latency_s,0.021506
1756998279.360,latency_s,0.020069
1756998279.362,latency_s,0.018764
1756998279.375,latency_s,0.020410
1756998279.418,latency_s,0.019452
1756998279.447,latency_s,0.024189
1756998279.447,latency_s,0.024376
1756998279.447,latency_s,0.024054
1756998279.447,latency_s,0.023418
1756998279.447,latency_s,0.024008
1756998279.447,latency_s,0.023709
1756998279.447,latency_s,0.023089
1756998279.447,latency_s,0.024342
1756998279.447,latency_s,0.021915
1756998279.447,latency_s,0.023731
1756998279.447,latency_s,0.022225
1756998279.447,latency_s,0.021437
1756998279.463,latency_s,0.037497
1756998279.463,latency_s,0.037611
1756998279.464,latency_s,0.032999
1756998279.464,latency_s,0.024759
1756998279.464,latency_s,0.025029
1756998279.464,latency_s,0.023874
1756998279.464,latency_s,0.022137
1756998279.464,latency_s,0.021708
1756998279.464,latency_s,0.020842
1756998279.476,latency_s,0.020470
1756998279.559,latency_s,0.060018
1756998279.560,latency_s,0.037430
1756998279.560,latency_s,0.037229
1756998279.560,latency_s,0.036622
1756998279.560,latency_s,0.037534
1756998279.561,latency_s,0.037482
1756998279.561,latency_s,0.037453
1756998279.561,latency_s,0.036716
1756998279.563,latency_s,0.039744
1756998279.563,latency_s,0.038397
1756998279.563,latency_s,0.039133
1756998279.563,latency_s,0.038178
1756998279.564,latency_s,0.036783
1756998279.564,latency_s,0.036623
1756998279.564,latency_s,0.036742
1756998279.564,latency_s,0.031505
1756998279.564,latency_s,0.024407
1756998279.564,latency_s,0.024854
1756998279.564,latency_s,0.023679
1756998279.564,latency_s,0.022303
1756998279.564,latency_s,0.021525
1756998279.564,latency_s,0.020842
1756998279.578,latency_s,0.021109
1756998279.621,latency_s,0.019838
1756998279.647,latency_s,0.023904
1756998279.647,latency_s,0.023726
1756998279.647,latency_s,0.023707
1756998279.647,latency_s,0.023199
1756998279.647,latency_s,0.023123
1756998279.647,latency_s,0.023204
1756998279.647,latency_s,0.023323
1756998279.647,latency_s,0.023394
1756998279.648,latency_s,0.022925
1756998279.663,latency_s,0.037656
1756998279.663,latency_s,0.037543
1756998279.663,latency_s,0.035629
1756998279.663,latency_s,0.035443
1756998279.663,latency_s,0.029768
1756998279.663,latency_s,0.023880
1756998279.663,latency_s,0.023654
1756998279.663,latency_s,0.021768
1756998279.663,latency_s,0.020621
1756998279.664,latency_s,0.020597
1756998279.664,latency_s,0.019766
1756998279.678,latency_s,0.020384
1756998279.721,latency_s,0.018861
1756998279.744,latency_s,0.020796
1756998279.748,latency_s,0.023819
1756998279.748,latency_s,0.023707
1756998279.748,latency_s,0.023774
1756998279.748,latency_s,0.023421
1756998279.748,latency_s,0.023703
1756998279.748,latency_s,0.023385
1756998279.748,latency_s,0.022752
1756998279.748,latency_s,0.022970
1756998279.750,latency_s,0.025279
1756998279.750,latency_s,0.024197
1756998279.759,latency_s,0.031524
1756998279.759,latency_s,0.031259
1756998279.760,latency_s,0.026145
1756998279.765,latency_s,0.025107
1756998279.765,latency_s,0.025448
1756998279.765,latency_s,0.022570
1756998279.765,latency_s,0.020933
1756998279.765,latency_s,0.021383
1756998279.765,latency_s,0.021646
1756998279.768,latency_s,0.139976
1756998279.768,latency_s,0.039956
1756998279.779,latency_s,0.019993
1756998279.822,latency_s,0.019165
1756998279.849,latency_s,0.025120
1756998279.849,latency_s,0.024210
1756998279.849,latency_s,0.024030
1756998279.849,latency_s,0.024359
1756998279.849,latency_s,0.023278
1756998279.849,latency_s,0.023601
1756998279.849,latency_s,0.024030
1756998279.849,latency_s,0.024300
1756998279.849,latency_s,0.023712
1756998279.849,latency_s,0.023283
1756998279.850,latency_s,0.022159
1756998279.861,latency_s,0.032727
1756998279.861,latency_s,0.032361
1756998279.861,latency_s,0.031365
1756998279.861,latency_s,0.025030
1756998279.865,latency_s,0.024532
1756998279.865,latency_s,0.024688
1756998279.865,latency_s,0.022094
1756998279.865,latency_s,0.020421
1756998279.865,latency_s,0.020587
1756998279.865,latency_s,0.019905
1756998279.880,latency_s,0.020271
1756998279.923,latency_s,0.019496
1756998279.947,latency_s,0.023282
1756998279.948,latency_s,0.022402
1756998279.948,latency_s,0.022329
1756998279.948,latency_s,0.022346
1756998279.948,latency_s,0.022167
1756998279.948,latency_s,0.022180
1756998279.948,latency_s,0.022829
1756998279.948,latency_s,0.022334
1756998279.948,latency_s,0.022034
1756998279.948,latency_s,0.022231
1756998279.948,latency_s,0.019847
1756998279.961,latency_s,0.032402
1756998279.961,latency_s,0.032379
1756998279.962,latency_s,0.030531
1756998279.962,latency_s,0.024563
1756998279.962,latency_s,0.020941
1756998279.965,latency_s,0.023941
1756998279.965,latency_s,0.021657
1756998279.965,latency_s,0.018909
1756998279.965,latency_s,0.018971
1756998279.965,latency_s,0.018919
1756998279.980,latency_s,0.019604
1756998280.025,latency_s,0.020070
1756998280.048,latency_s,0.023556
1756998280.048,latency_s,0.022971
1756998280.048,latency_s,0.022458
1756998280.048,latency_s,0.021606
1756998280.048,latency_s,0.022890
1756998280.048,latency_s,0.022733
1756998280.048,latency_s,0.022188
1756998280.049,latency_s,0.021362
1756998280.049,latency_s,0.021275
1756998280.049,latency_s,0.020918
1756998280.049,latency_s,0.019666
1756998280.059,latency_s,0.029858
1756998280.060,latency_s,0.030085
1756998280.060,latency_s,0.028196
1756998280.060,latency_s,0.021356
1756998280.064,latency_s,0.022218
1756998280.064,latency_s,0.021471
1756998280.064,latency_s,0.020081
1756998280.067,latency_s,0.020099
1756998280.067,latency_s,0.020162
1756998280.067,latency_s,0.020170
1756998280.082,latency_s,0.020644
1756998280.125,latency_s,0.019445
1756998280.144,latency_s,0.019385
1756998280.146,latency_s,0.019978
1756998280.146,latency_s,0.020167
1756998280.146,latency_s,0.019860
1756998280.150,latency_s,0.023756
1756998280.150,latency_s,0.023473
1756998280.150,latency_s,0.024201
1756998280.150,latency_s,0.021920
1756998280.151,latency_s,0.022273
1756998280.151,latency_s,0.022251
1756998280.151,latency_s,0.021285
1756998280.162,latency_s,0.032512
1756998280.163,latency_s,0.030680
1756998280.165,latency_s,0.025045
1756998280.165,latency_s,0.023027
1756998280.167,latency_s,0.023705
1756998280.167,latency_s,0.022054
1756998280.167,latency_s,0.020330
1756998280.168,latency_s,0.021119
1756998280.168,latency_s,0.021011
1756998280.183,latency_s,0.020624
1756998280.227,latency_s,0.019712
1756998280.247,latency_s,0.022114
1756998280.248,latency_s,0.021368
1756998280.248,latency_s,0.020869
1756998280.248,latency_s,0.021692
1756998280.248,latency_s,0.021532
1756998280.248,latency_s,0.021103
1756998280.248,latency_s,0.021580
1756998280.248,latency_s,0.019371
1756998280.248,latency_s,0.019422
1756998280.252,latency_s,0.022732
1756998280.252,latency_s,0.021869
1756998280.252,latency_s,0.021624
1756998280.252,latency_s,0.019253
1756998280.262,latency_s,0.021724
1756998280.262,latency_s,0.019365
1756998280.267,latency_s,0.021879
1756998280.267,latency_s,0.022617
1756998280.267,latency_s,0.019609
1756998280.267,latency_s,0.019814
1756998280.267,latency_s,0.020312
1756998280.272,latency_s,0.142878
1756998280.272,latency_s,0.042723
1756998280.282,latency_s,0.018832
1756998280.327,latency_s,0.019550
1756998280.347,latency_s,0.020902
1756998280.347,latency_s,0.019759
1756998280.347,latency_s,0.019784
1756998280.347,latency_s,0.020150
1756998280.347,latency_s,0.020020
1756998280.347,latency_s,0.019406
1756998280.347,latency_s,0.019746
1756998280.352,latency_s,0.022985
1756998280.352,latency_s,0.022958
1756998280.353,latency_s,0.023020
1756998280.353,latency_s,0.022580
1756998280.353,latency_s,0.022364
1756998280.353,latency_s,0.022811
1756998280.363,latency_s,0.030278
1756998280.363,latency_s,0.020225
1756998280.363,latency_s,0.019510
1756998280.366,latency_s,0.019450
1756998280.366,latency_s,0.019657
1756998280.367,latency_s,0.018670
1756998280.367,latency_s,0.019667
1756998280.368,latency_s,0.019459
1756998280.384,latency_s,0.018890
1756998280.428,latency_s,0.019697
1756998280.447,latency_s,0.021571
1756998280.453,latency_s,0.025726
1756998280.453,latency_s,0.026099
1756998280.453,latency_s,0.025236
1756998280.453,latency_s,0.025991
1756998280.453,latency_s,0.025224
1756998280.453,latency_s,0.023620
1756998280.454,latency_s,0.023674
1756998280.454,latency_s,0.023841
1756998280.454,latency_s,0.023811
1756998280.454,latency_s,0.023465
1756998280.454,latency_s,0.023121
1756998280.454,latency_s,0.019816
1756998280.463,latency_s,0.018939
1756998280.464,latency_s,0.019078
1756998280.470,latency_s,0.021371
1756998280.470,latency_s,0.023222
1756998280.470,latency_s,0.021260
1756998280.470,latency_s,0.023402
1756998280.470,latency_s,0.021288
1756998280.484,latency_s,0.018908
1756998280.528,latency_s,0.019019
1756998280.547,latency_s,0.020844
1756998280.547,latency_s,0.019710
1756998280.547,latency_s,0.020098
1756998280.548,latency_s,0.019874
1756998280.548,latency_s,0.019247
1756998280.548,latency_s,0.019576
1756998280.552,latency_s,0.021308
1756998280.552,latency_s,0.021755
1756998280.552,latency_s,0.021231
1756998280.552,latency_s,0.021497
1756998280.552,latency_s,0.021247
1756998280.552,latency_s,0.021814
1756998280.553,latency_s,0.018911
1756998280.565,latency_s,0.020015
1756998280.567,latency_s,0.019191
1756998280.570,latency_s,0.020336
1756998280.570,latency_s,0.020669
1756998280.571,latency_s,0.020611
1756998280.571,latency_s,0.020430
1756998280.571,latency_s,0.020562
1756998280.586,latency_s,0.155527
1756998280.586,latency_s,0.054596
1756998280.586,latency_s,0.020792
1756998280.629,latency_s,0.019900
1756998280.647,latency_s,0.019729
1756998280.647,latency_s,0.018887
1756998280.647,latency_s,0.019126
1756998280.647,latency_s,0.018813
1756998280.647,latency_s,0.018556
1756998280.647,latency_s,0.018276
1756998280.652,latency_s,0.021267
1756998280.652,latency_s,0.021505
1756998280.652,latency_s,0.021050
1756998280.652,latency_s,0.021298
1756998280.652,latency_s,0.021004
1756998280.652,latency_s,0.020864
1756998280.652,latency_s,0.020701
1756998280.653,latency_s,0.018266
1756998280.666,latency_s,0.020755
1756998280.667,latency_s,0.018796
1756998280.670,latency_s,0.019886
1756998280.670,latency_s,0.020203
1756998280.670,latency_s,0.020036
1756998280.670,latency_s,0.020106
1756998280.670,latency_s,0.020050
1756998280.686,latency_s,0.020021
1756998280.731,latency_s,0.020967
1756998280.749,latency_s,0.021942
1756998280.749,latency_s,0.021054
1756998280.749,latency_s,0.021068
1756998280.749,latency_s,0.021132
1756998280.749,latency_s,0.020631
1756998280.749,latency_s,0.020566
1756998280.752,latency_s,0.019955
1756998280.752,latency_s,0.020116
1756998280.752,latency_s,0.020169
1756998280.752,latency_s,0.019929
1756998280.752,latency_s,0.019791
1756998280.752,latency_s,0.019878
1756998280.752,latency_s,0.019858
1756998280.755,latency_s,0.018299
1756998280.767,latency_s,0.021074
1756998280.767,latency_s,0.018848
1756998280.771,latency_s,0.019456
1756998280.771,latency_s,0.019190
1756998280.771,latency_s,0.019601
1756998280.771,latency_s,0.019281
1756998280.771,latency_s,0.019223
1756998280.787,latency_s,0.020347
1756998280.830,latency_s,0.019287
1756998280.847,latency_s,0.019248
1756998280.850,latency_s,0.020656
1756998280.850,latency_s,0.021267
1756998280.850,latency_s,0.020396
1756998280.850,latency_s,0.020329
1756998280.850,latency_s,0.020306
1756998280.852,latency_s,0.019670
1756998280.852,latency_s,0.019329
1756998280.852,latency_s,0.019439
1756998280.852,latency_s,0.019392
1756998280.852,latency_s,0.019120
1756998280.852,latency_s,0.019120
1756998280.855,latency_s,0.018264
1756998280.868,latency_s,0.021129
1756998280.868,latency_s,0.019267
1756998280.874,latency_s,0.022205
1756998280.874,latency_s,0.021610
1756998280.874,latency_s,0.022113
1756998280.874,latency_s,0.021550
1756998280.874,latency_s,0.021746
1756998280.887,latency_s,0.019205
1756998280.930,latency_s,0.018672
1756998280.948,latency_s,0.019694
1756998280.948,latency_s,0.018916
1756998280.948,latency_s,0.018416
1756998280.948,latency_s,0.018875
1756998280.967,latency_s,0.036907
1756998280.967,latency_s,0.037088
1756998280.967,latency_s,0.034574
1756998280.967,latency_s,0.034271
1756998280.967,latency_s,0.034248
1756998280.967,latency_s,0.034358
1756998280.967,latency_s,0.033995
1756998280.967,latency_s,0.033292
1756998280.967,latency_s,0.028651
1756998280.967,latency_s,0.019690
1756998280.968,latency_s,0.018652
1756998280.972,latency_s,0.019786
1756998280.972,latency_s,0.019611
1756998280.974,latency_s,0.020808
1756998280.974,latency_s,0.020870
1756998280.974,latency_s,0.020936
1756998280.982,latency_s,0.149904
1756998280.982,latency_s,0.049606
1756998281.034,latency_s,0.019193
1756998281.047,latency_s,0.018933
1756998281.051,latency_s,0.021543
1756998281.051,latency_s,0.021677
1756998281.052,latency_s,0.021289
1756998281.052,latency_s,0.021290
1756998281.052,latency_s,0.021225
1756998281.052,latency_s,0.018921
1756998281.052,latency_s,0.018931
1756998281.052,latency_s,0.018743
1756998281.052,latency_s,0.018538
1756998281.064,latency_s,0.031201
1756998281.065,latency_s,0.031649
1756998281.065,latency_s,0.030438
1756998281.065,latency_s,0.025087
1756998281.068,latency_s,0.019942
1756998281.069,latency_s,0.018764
1756998281.073,latency_s,0.020213
1756998281.073,latency_s,0.020180
1756998281.073,latency_s,0.019290
1756998281.073,latency_s,0.019353
1756998281.073,latency_s,0.019323
1756998281.112,latency_s,0.143650
1756998281.112,latency_s,0.043474
1756998281.135,latency_s,0.019942
1756998281.148,latency_s,0.019189
1756998281.151,latency_s,0.021101
1756998281.151,latency_s,0.020964
1756998281.151,latency_s,0.020680
1756998281.151,latency_s,0.020407
1756998281.151,latency_s,0.020898
1756998281.155,latency_s,0.021582
1756998281.155,latency_s,0.021935
1756998281.155,latency_s,0.021753
1756998281.155,latency_s,0.021253
1756998281.155,latency_s,0.021553
1756998281.166,latency_s,0.031961
1756998281.166,latency_s,0.031281
1756998281.166,latency_s,0.025605
1756998281.169,latency_s,0.019832
1756998281.169,latency_s,0.019082
1756998281.174,latency_s,0.020768
1756998281.174,latency_s,0.020685
1756998281.174,latency_s,0.019922
1756998281.174,latency_s,0.019882
1756998281.174,latency_s,0.019873
1756998281.190,latency_s,0.020766
1756998281.236,latency_s,0.019994
1756998281.248,latency_s,0.018843
1756998281.249,latency_s,0.018566
1756998281.249,latency_s,0.018863
1756998281.254,latency_s,0.023351
1756998281.254,latency_s,0.023539
1756998281.254,latency_s,0.023136
1756998281.254,latency_s,0.021007
1756998281.254,latency_s,0.020731
1756998281.254,latency_s,0.020715
1756998281.254,latency_s,0.020437
1756998281.254,latency_s,0.020228
1756998281.265,latency_s,0.030441
1756998281.266,latency_s,0.031340
1756998281.266,latency_s,0.025093
1756998281.269,latency_s,0.019524
1756998281.269,latency_s,0.019123
1756998281.275,latency_s,0.021620
1756998281.275,latency_s,0.021742
1756998281.275,latency_s,0.020816
1756998281.275,latency_s,0.020563
1756998281.275,latency_s,0.020953
1756998281.289,latency_s,0.019126
1756998281.338,latency_s,0.019226
1756998281.352,latency_s,0.022710
1756998281.354,latency_s,0.023038
1756998281.354,latency_s,0.023186
1756998281.354,latency_s,0.022768
1756998281.354,latency_s,0.022805
1756998281.354,latency_s,0.019823
1756998281.354,latency_s,0.019949
1756998281.354,latency_s,0.019929
1756998281.354,latency_s,0.019712
1756998281.356,latency_s,0.021372
1756998281.356,latency_s,0.021741
1756998281.368,latency_s,0.033138
1756998281.368,latency_s,0.032652
1756998281.368,latency_s,0.026675
1756998281.370,latency_s,0.019650
1756998281.370,latency_s,0.019622
1756998281.376,latency_s,0.022346
1756998281.376,latency_s,0.021698
1756998281.377,latency_s,0.021735
1756998281.377,latency_s,0.021805
1756998281.377,latency_s,0.021967
1756998281.395,latency_s,0.021939
1756998281.439,latency_s,0.019435
1756998281.449,latency_s,0.019456
1756998281.449,latency_s,0.018594
1756998281.450,latency_s,0.018927
1756998281.450,latency_s,0.018800
1756998281.450,latency_s,0.018975
1756998281.456,latency_s,0.021462
1756998281.456,latency_s,0.021279
1756998281.456,latency_s,0.021714
1756998281.456,latency_s,0.021686
1756998281.456,latency_s,0.021142
1756998281.456,latency_s,0.021285
1756998281.456,latency_s,0.020200
1756998281.464,latency_s,0.019611
1756998281.470,latency_s,0.019865
1756998281.471,latency_s,0.019791
1756998281.474,latency_s,0.019813
1756998281.474,latency_s,0.019193
1756998281.474,latency_s,0.019272
1756998281.474,latency_s,0.019128
1756998281.475,latency_s,0.018854
1756998281.494,latency_s,0.020164
1756998281.539,latency_s,0.019336
1756998281.549,latency_s,0.019320
1756998281.550,latency_s,0.019243
1756998281.550,latency_s,0.019410
1756998281.551,latency_s,0.019160
1756998281.551,latency_s,0.019184
1756998281.557,latency_s,0.022077
1756998281.557,latency_s,0.022094
1756998281.557,latency_s,0.022160
1756998281.557,latency_s,0.021876
1756998281.557,latency_s,0.021881
1756998281.557,latency_s,0.021779
1756998281.557,latency_s,0.020865
1756998281.565,latency_s,0.018634
1756998281.572,latency_s,0.020575
1756998281.572,latency_s,0.020596
1756998281.575,latency_s,0.020543
1756998281.575,latency_s,0.019784
1756998281.575,latency_s,0.019642
1756998281.575,latency_s,0.019731
1756998281.576,latency_s,0.018642
1756998281.592,latency_s,0.155475
1756998281.592,latency_s,0.054854
1756998281.595,latency_s,0.020501
1756998281.639,latency_s,0.018906
1756998281.652,latency_s,0.019920
1756998281.652,latency_s,0.020107
1756998281.652,latency_s,0.019703
1756998281.652,latency_s,0.020156
1756998281.655,latency_s,0.019990
1756998281.655,latency_s,0.019830
1756998281.657,latency_s,0.019821
1756998281.657,latency_s,0.020127
1756998281.657,latency_s,0.018724
1756998281.657,latency_s,0.018524
1756998281.657,latency_s,0.019983
1756998281.657,latency_s,0.019618
1756998281.667,latency_s,0.031515
1756998281.667,latency_s,0.019977
1756998281.671,latency_s,0.019301
1756998281.671,latency_s,0.019020
1756998281.674,latency_s,0.019263
1756998281.676,latency_s,0.020134
1756998281.676,latency_s,0.020250
1756998281.676,latency_s,0.020095
1756998281.676,latency_s,0.018886
1756998281.696,latency_s,0.020770
1756998281.741,latency_s,0.019570
1756998281.753,latency_s,0.020984
1756998281.753,latency_s,0.020591
1756998281.753,latency_s,0.021042
1756998281.753,latency_s,0.021101
1756998281.754,latency_s,0.019025
1756998281.755,latency_s,0.018993
1756998281.759,latency_s,0.020212
1756998281.761,latency_s,0.023011
1756998281.762,latency_s,0.023102
1756998281.762,latency_s,0.022779
1756998281.762,latency_s,0.022105
1756998281.762,latency_s,0.022722
1756998281.762,latency_s,0.022715
1756998281.767,latency_s,0.019028
1756998281.771,latency_s,0.018701
1756998281.771,latency_s,0.018771
1756998281.775,latency_s,0.020025
1756998281.775,latency_s,0.018878
1756998281.778,latency_s,0.020779
1756998281.778,latency_s,0.020998
1756998281.778,latency_s,0.020165
1756998281.795,latency_s,0.019022
1756998281.844,latency_s,0.020100
1756998281.853,latency_s,0.020833
1756998281.853,latency_s,0.020326
1756998281.853,latency_s,0.020646
1756998281.853,latency_s,0.020637
1756998281.855,latency_s,0.019609
1756998281.856,latency_s,0.019506
1756998281.858,latency_s,0.019173
1756998281.860,latency_s,0.021552
1756998281.860,latency_s,0.020338
1756998281.860,latency_s,0.020766
1756998281.860,latency_s,0.020386
1756998281.861,latency_s,0.020755
1756998281.861,latency_s,0.021273
1756998281.869,latency_s,0.019748
1756998281.873,latency_s,0.019708
1756998281.873,latency_s,0.019776
1756998281.877,latency_s,0.021112
1756998281.877,latency_s,0.020158
1756998281.877,latency_s,0.018827
1756998281.877,latency_s,0.019114
1756998281.877,latency_s,0.018258
1756998281.897,latency_s,0.020680
1756998281.945,latency_s,0.020198
1756998281.953,latency_s,0.020833
1756998281.954,latency_s,0.020721
1756998281.954,latency_s,0.020002
1756998281.954,latency_s,0.020317
1756998281.957,latency_s,0.020477
1756998281.957,latency_s,0.020648
1756998281.960,latency_s,0.020818
1756998281.960,latency_s,0.020897
1756998281.960,latency_s,0.020193
1756998281.960,latency_s,0.019957
1756998281.960,latency_s,0.019374
1756998281.960,latency_s,0.019940
1756998281.960,latency_s,0.019992
1756998281.969,latency_s,0.019156
1756998281.975,latency_s,0.021299
1756998281.975,latency_s,0.021385
1756998281.975,latency_s,0.019092
1756998281.976,latency_s,0.018622
1756998281.977,latency_s,0.018554
1756998281.978,latency_s,0.018906
1756998281.978,latency_s,0.018229
1756998281.997,latency_s,0.019560
1756998282.045,latency_s,0.020166
1756998282.056,latency_s,0.022862
1756998282.056,latency_s,0.022864
1756998282.056,latency_s,0.020733
1756998282.056,latency_s,0.020694
1756998282.056,latency_s,0.019708
1756998282.057,latency_s,0.020081
1756998282.060,latency_s,0.019659
1756998282.061,latency_s,0.020983
1756998282.061,latency_s,0.021045
1756998282.061,latency_s,0.020646
1756998282.061,latency_s,0.020671
1756998282.061,latency_s,0.020764
1756998282.061,latency_s,0.020102
1756998282.070,latency_s,0.019795
1756998282.075,latency_s,0.020996
1756998282.075,latency_s,0.021096
1756998282.075,latency_s,0.018817
1756998282.077,latency_s,0.018979
1756998282.078,latency_s,0.018785
1756998282.079,latency_s,0.018727
1756998282.079,latency_s,0.019014
1756998282.098,latency_s,0.019682
1756998282.146,latency_s,0.020209
1756998282.155,latency_s,0.021874
1756998282.155,latency_s,0.021859
1756998282.155,latency_s,0.019322
1756998282.155,latency_s,0.019254
1756998282.155,latency_s,0.018730
1756998282.156,latency_s,0.018648
1756998282.161,latency_s,0.020712
1756998282.161,latency_s,0.020173
1756998282.161,latency_s,0.020490
1756998282.161,latency_s,0.020884
1756998282.161,latency_s,0.020596
1756998282.161,latency_s,0.020971
1756998282.162,latency_s,0.018702
1756998282.172,latency_s,0.021333
1756998282.173,latency_s,0.018521
1756998282.173,latency_s,0.018732
1756998282.176,latency_s,0.019829
1756998282.176,latency_s,0.018479
1756998282.181,latency_s,0.020501
1756998282.181,latency_s,0.020497
1756998282.181,latency_s,0.020400
1756998282.199,latency_s,0.020477
1756998282.248,latency_s,0.019444
1756998282.254,latency_s,0.020095
1756998282.254,latency_s,0.020460
1756998282.257,latency_s,0.020107
1756998282.257,latency_s,0.019563
1756998282.257,latency_s,0.020117
1756998282.257,latency_s,0.019743
1756998282.259,latency_s,0.018113
1756998282.260,latency_s,0.018714
1756998282.260,latency_s,0.018784
1756998282.260,latency_s,0.018905
1756998282.260,latency_s,0.018879
1756998282.260,latency_s,0.018711
1756998282.262,latency_s,0.018488
1756998282.275,latency_s,0.023941
1756998282.275,latency_s,0.020514
1756998282.275,latency_s,0.020553
1756998282.275,latency_s,0.018469
1756998282.279,latency_s,0.020142
1756998282.280,latency_s,0.019676
1756998282.280,latency_s,0.019380
1756998282.281,latency_s,0.019695
1756998282.300,latency_s,0.021696
1756998282.355,latency_s,0.021199
1756998282.355,latency_s,0.020491
1756998282.355,latency_s,0.020826
1756998282.355,latency_s,0.018507
1756998282.358,latency_s,0.020233
1756998282.358,latency_s,0.020438
1756998282.358,latency_s,0.020294
1756998282.362,latency_s,0.020891
1756998282.362,latency_s,0.020720
1756998282.362,latency_s,0.020867
1756998282.362,latency_s,0.020797
1756998282.362,latency_s,0.020900
1756998282.362,latency_s,0.020991
1756998282.363,latency_s,0.018944
1756998282.371,latency_s,0.019840
1756998282.379,latency_s,0.022646
1756998282.379,latency_s,0.022729
1756998282.379,latency_s,0.021719
1756998282.380,latency_s,0.021766
1756998282.381,latency_s,0.018970
1756998282.381,latency_s,0.019130
1756998282.383,latency_s,0.019326
1756998282.400,latency_s,0.020876
1756998282.459,latency_s,0.024409
1756998282.459,latency_s,0.024418
1756998282.459,latency_s,0.021996
1756998282.459,latency_s,0.021924
1756998282.459,latency_s,0.021195
1756998282.459,latency_s,0.021119
1756998282.459,latency_s,0.021100
1756998282.461,latency_s,0.019122
1756998282.461,latency_s,0.019277
1756998282.461,latency_s,0.018962
1756998282.461,latency_s,0.018942
1756998282.461,latency_s,0.019244
1756998282.461,latency_s,0.019092
1756998282.462,latency_s,0.018287
1756998282.471,latency_s,0.019175
1756998282.476,latency_s,0.018863
1756998282.477,latency_s,0.019502
1756998282.477,latency_s,0.019600
1756998282.477,latency_s,0.018680
1756998282.482,latency_s,0.019945
1756998282.482,latency_s,0.020129
1756998282.483,latency_s,0.018598
1756998282.499,latency_s,0.019117
1756998282.556,latency_s,0.021541
1756998282.558,latency_s,0.022878
1756998282.558,latency_s,0.019346
1756998282.558,latency_s,0.019868
1756998282.558,latency_s,0.019717
1756998282.558,latency_s,0.019789
1756998282.559,latency_s,0.018622
1756998282.560,latency_s,0.018300
1756998282.563,latency_s,0.021103
1756998282.563,latency_s,0.021130
1756998282.563,latency_s,0.021281
1756998282.563,latency_s,0.021271
1756998282.563,latency_s,0.021216
1756998282.564,latency_s,0.019008
1756998282.571,latency_s,0.018400
1756998282.576,latency_s,0.018677
1756998282.577,latency_s,0.019506
1756998282.578,latency_s,0.019512
1756998282.578,latency_s,0.018594
1756998282.601,latency_s,0.037710
1756998282.601,latency_s,0.037968
1756998282.601,latency_s,0.034446
1756998282.601,latency_s,0.020801
1756998282.656,latency_s,0.020916
1756998282.657,latency_s,0.021986
1756998282.658,latency_s,0.018801
1756998282.658,latency_s,0.018872
1756998282.658,latency_s,0.018812
1756998282.658,latency_s,0.018918
1756998282.662,latency_s,0.021156
1756998282.662,latency_s,0.020280
1756998282.663,latency_s,0.020100
1756998282.663,latency_s,0.020088
1756998282.672,latency_s,0.029222
1756998282.672,latency_s,0.029182
1756998282.672,latency_s,0.029420
1756998282.672,latency_s,0.027142
1756998282.673,latency_s,0.019563
1756998282.678,latency_s,0.019960
1756998282.679,latency_s,0.019806
1756998282.679,latency_s,0.019464
1756998282.680,latency_s,0.020627
1756998282.682,latency_s,0.019197
1756998282.682,latency_s,0.019444
1756998282.685,latency_s,0.018987
1756998282.700,latency_s,0.019738
1756998282.755,latency_s,0.019614
1756998282.758,latency_s,0.020470
1756998282.759,latency_s,0.019812
1756998282.759,latency_s,0.020084
1756998282.759,latency_s,0.019870
1756998282.759,latency_s,0.019671
1756998282.761,latency_s,0.019425
1756998282.762,latency_s,0.020102
1756998282.762,latency_s,0.019605
1756998282.763,latency_s,0.019324
1756998282.763,latency_s,0.019584
1756998282.763,latency_s,0.019588
1756998282.763,latency_s,0.019626
1756998282.764,latency_s,0.018978
1756998282.773,latency_s,0.019198
1756998282.779,latency_s,0.020939
1756998282.780,latency_s,0.020339
1756998282.780,latency_s,0.019759
1756998282.782,latency_s,0.021017
1756998282.782,latency_s,0.019147
1756998282.783,latency_s,0.019444
1756998282.786,latency_s,0.018543
1756998282.801,latency_s,0.020024
1756998282.857,latency_s,0.021001
1756998282.857,latency_s,0.019079
1756998282.860,latency_s,0.019585
1756998282.860,latency_s,0.020072
1756998282.860,latency_s,0.020252
1756998282.861,latency_s,0.020965
1756998282.861,latency_s,0.018627
1756998282.861,latency_s,0.018467
1756998282.866,latency_s,0.022809
1756998282.866,latency_s,0.022755
1756998282.866,latency_s,0.022771
1756998282.866,latency_s,0.022441
1756998282.870,latency_s,0.025974
1756998282.870,latency_s,0.024604
1756998282.875,latency_s,0.020617
1756998282.879,latency_s,0.020000
1756998282.879,latency_s,0.018905
1756998282.883,latency_s,0.021207
1756998282.883,latency_s,0.020666
1756998282.883,latency_s,0.019271
1756998282.883,latency_s,0.019363
1756998282.889,latency_s,0.019055
1756998282.901,latency_s,0.019834
1756998282.956,latency_s,0.019437
1756998282.959,latency_s,0.020535
1756998282.960,latency_s,0.019084
1756998282.960,latency_s,0.018607
1756998282.963,latency_s,0.022162
1756998282.964,latency_s,0.021023
1756998282.964,latency_s,0.020761
1756998282.964,latency_s,0.020760
1756998282.964,latency_s,0.019978
1756998282.964,latency_s,0.019997
1756998282.964,latency_s,0.019922
1756998282.973,latency_s,0.028239
1756998282.973,latency_s,0.028368
1756998282.973,latency_s,0.026604
1756998282.980,latency_s,0.024297
1756998282.980,latency_s,0.020684
1756998282.980,latency_s,0.019438
1756998282.986,latency_s,0.022303
1756998282.986,latency_s,0.021910
1756998282.986,latency_s,0.021539
1756998282.986,latency_s,0.021339
1756998282.990,latency_s,0.019081
1756998283.000,latency_s,0.018949
1756998283.058,latency_s,0.019589
1756998283.061,latency_s,0.020772
1756998283.061,latency_s,0.020540
1756998283.061,latency_s,0.019492
1756998283.061,latency_s,0.019420
1756998283.062,latency_s,0.018605
1756998283.062,latency_s,0.018838
1756998283.062,latency_s,0.018275
1756998283.067,latency_s,0.023051
1756998283.067,latency_s,0.022706
1756998283.067,latency_s,0.022886
1756998283.068,latency_s,0.021509
1756998283.076,latency_s,0.030110
1756998283.076,latency_s,0.029618
1756998283.076,latency_s,0.020319
1756998283.078,latency_s,0.018927
1756998283.080,latency_s,0.018658
1756998283.084,latency_s,0.020216
1756998283.084,latency_s,0.019883
1756998283.084,latency_s,0.019331
1756998283.084,latency_s,0.019183
1756998283.092,latency_s,0.020150
1756998283.159,latency_s,0.019126
1756998283.160,latency_s,0.019521
1756998283.161,latency_s,0.019528
1756998283.163,latency_s,0.020452
1756998283.163,latency_s,0.020420
1756998283.163,latency_s,0.018958
1756998283.163,latency_s,0.019613
1756998283.163,latency_s,0.018715
1756998283.163,latency_s,0.019129
1756998283.164,latency_s,0.019461
1756998283.164,latency_s,0.019745
1756998283.166,latency_s,0.018740
1756998283.176,latency_s,0.028772
1756998283.176,latency_s,0.029264
1756998283.176,latency_s,0.019575
1756998283.181,latency_s,0.021154
1756998283.181,latency_s,0.019491
1756998283.187,latency_s,0.022963
1756998283.187,latency_s,0.021991
1756998283.187,latency_s,0.022256
1756998283.187,latency_s,0.022955
1756998283.192,latency_s,0.019289
1756998283.224,latency_s,0.142464
1756998283.224,latency_s,0.042216
1756998283.263,latency_s,0.022573
1756998283.263,latency_s,0.020651
1756998283.263,latency_s,0.020583
1756998283.263,latency_s,0.020220
1756998283.263,latency_s,0.020268
1756998283.263,latency_s,0.019346
1756998283.265,latency_s,0.020596
1756998283.265,latency_s,0.020685
1756998283.265,latency_s,0.020531
1756998283.266,latency_s,0.020787
1756998283.266,latency_s,0.020836
1756998283.266,latency_s,0.018717
1756998283.266,latency_s,0.018568
1756998283.267,latency_s,0.019875
1756998283.278,latency_s,0.019964
1756998283.280,latency_s,0.019720
1756998283.281,latency_s,0.019522
1756998283.284,latency_s,0.020003
1756998283.285,latency_s,0.020016
1756998283.285,latency_s,0.019160
1756998283.285,latency_s,0.019921
1756998283.293,latency_s,0.019560
1756998283.303,latency_s,0.020697
1756998283.362,latency_s,0.021127
1756998283.362,latency_s,0.019094
1756998283.367,latency_s,0.022627
1756998283.367,latency_s,0.022705
1756998283.367,latency_s,0.022686
1756998283.367,latency_s,0.022304
1756998283.367,latency_s,0.022753
1756998283.367,latency_s,0.022057
1756998283.367,latency_s,0.022347
1756998283.367,latency_s,0.022453
1756998283.368,latency_s,0.019985
1756998283.368,latency_s,0.020239
1756998283.368,latency_s,0.020216
1756998283.380,latency_s,0.022341
1756998283.380,latency_s,0.019763
1756998283.380,latency_s,0.018443
1756998283.384,latency_s,0.019310
1756998283.385,latency_s,0.019588
1756998283.385,latency_s,0.019117
1756998283.385,latency_s,0.019212
1756998283.395,latency_s,0.019803
1756998283.404,latency_s,0.020661
1756998283.460,latency_s,0.019362
1756998283.462,latency_s,0.018782
1756998283.469,latency_s,0.024047
1756998283.469,latency_s,0.023993
1756998283.469,latency_s,0.023491
1756998283.469,latency_s,0.023497
1756998283.469,latency_s,0.023967
1756998283.470,latency_s,0.024120
1756998283.470,latency_s,0.024416
1756998283.470,latency_s,0.024848
1756998283.470,latency_s,0.021609
1756998283.470,latency_s,0.021138
1756998283.470,latency_s,0.021221
1756998283.477,latency_s,0.018210
1756998283.481,latency_s,0.020513
1756998283.482,latency_s,0.019425
1756998283.488,latency_s,0.022373
1756998283.488,latency_s,0.021939
1756998283.488,latency_s,0.022039
1756998283.488,latency_s,0.022571
1756998283.488,latency_s,0.143176
1756998283.488,latency_s,0.043362
1756998283.495,latency_s,0.019520
1756998283.502,latency_s,0.018854
1756998283.562,latency_s,0.020718
1756998283.567,latency_s,0.022438
1756998283.567,latency_s,0.021979
1756998283.567,latency_s,0.022312
1756998283.567,latency_s,0.021877
1756998283.567,latency_s,0.021615
1756998283.567,latency_s,0.021899
1756998283.567,latency_s,0.021596
1756998283.567,latency_s,0.021075
1756998283.567,latency_s,0.021106
1756998283.567,latency_s,0.021049
1756998283.570,latency_s,0.020476
1756998283.570,latency_s,0.020684
1756998283.570,latency_s,0.020898
1756998283.579,latency_s,0.018173
1756998283.580,latency_s,0.019975
1756998283.582,latency_s,0.018968
1756998283.586,latency_s,0.020036
1756998283.587,latency_s,0.020012
1756998283.587,latency_s,0.020272
1756998283.587,latency_s,0.020582
1756998283.595,latency_s,0.019079
1756998283.603,latency_s,0.019435
1756998283.662,latency_s,0.020619
1756998283.669,latency_s,0.023803
1756998283.669,latency_s,0.023738
1756998283.669,latency_s,0.023525
1756998283.669,latency_s,0.022726
1756998283.669,latency_s,0.022559
1756998283.669,latency_s,0.022789
1756998283.669,latency_s,0.023180
1756998283.669,latency_s,0.022303
1756998283.669,latency_s,0.022237
1756998283.669,latency_s,0.020033
1756998283.669,latency_s,0.019980
1756998283.670,latency_s,0.019639
1756998283.680,latency_s,0.019122
1756998283.682,latency_s,0.021086
1756998283.683,latency_s,0.019685
1756998283.688,latency_s,0.020957
1756998283.688,latency_s,0.020910
1756998283.688,latency_s,0.020547
1756998283.688,latency_s,0.021195
1756998283.699,latency_s,0.018983
1756998283.704,latency_s,0.019796
1756998283.771,latency_s,0.029605
1756998283.772,latency_s,0.026317
1756998283.772,latency_s,0.026298
1756998283.772,latency_s,0.026299
1756998283.772,latency_s,0.025366
1756998283.772,latency_s,0.025802
1756998283.772,latency_s,0.025372
1756998283.772,latency_s,0.024634
1756998283.772,latency_s,0.024604
1756998283.772,latency_s,0.025563
1756998283.772,latency_s,0.022464
1756998283.772,latency_s,0.022315
1756998283.772,latency_s,0.022359
1756998283.781,latency_s,0.020325
1756998283.781,latency_s,0.019631
1756998283.784,latency_s,0.137787
1756998283.784,latency_s,0.037861
1756998283.787,latency_s,0.022617
1756998283.787,latency_s,0.019444
1756998283.787,latency_s,0.019291
1756998283.787,latency_s,0.019789
1756998283.787,latency_s,0.019497
1756998283.802,latency_s,0.020558
1756998283.804,latency_s,0.019345
1756998283.862,latency_s,0.019647
1756998283.869,latency_s,0.023006
1756998283.869,latency_s,0.023045
1756998283.869,latency_s,0.023129
1756998283.869,latency_s,0.022674
1756998283.869,latency_s,0.022390
1756998283.869,latency_s,0.022253
1756998283.869,latency_s,0.022038
1756998283.869,latency_s,0.021891
1756998283.869,latency_s,0.021369
1756998283.869,latency_s,0.020615
1756998283.869,latency_s,0.019334
1756998283.869,latency_s,0.019102
1756998283.870,latency_s,0.019396
1756998283.881,latency_s,0.019146
1756998283.881,latency_s,0.019207
1756998283.885,latency_s,0.019712
1756998283.887,latency_s,0.019824
1756998283.887,latency_s,0.019699
1756998283.888,latency_s,0.019649
1756998283.888,latency_s,0.019773
1756998283.903,latency_s,0.020059
1756998283.903,latency_s,0.018580
1756998283.963,latency_s,0.020150
1756998283.965,latency_s,0.018900
1756998283.968,latency_s,0.021634
1756998283.968,latency_s,0.020912
1756998283.968,latency_s,0.020827
1756998283.968,latency_s,0.021033
1756998283.969,latency_s,0.020427
1756998283.969,latency_s,0.020776
1756998283.969,latency_s,0.020345
1756998283.969,latency_s,0.020645
1756998283.969,latency_s,0.019138
1756998283.969,latency_s,0.018332
1756998283.972,latency_s,0.021084
1756998283.972,latency_s,0.020691
1756998283.983,latency_s,0.020333
1756998283.983,latency_s,0.020507
1756998283.984,latency_s,0.019048
1756998283.988,latency_s,0.019989
1756998283.988,latency_s,0.020037
1756998283.988,latency_s,0.019762
1756998283.988,latency_s,0.019822
1756998284.004,latency_s,0.020158
1756998284.004,latency_s,0.019310
1756998284.064,latency_s,0.021240
1756998284.067,latency_s,0.019850
1756998284.069,latency_s,0.021701
1756998284.069,latency_s,0.020153
1756998284.069,latency_s,0.020111
1756998284.069,latency_s,0.020175
1756998284.069,latency_s,0.020290
1756998284.069,latency_s,0.019785
1756998284.069,latency_s,0.020142
1756998284.069,latency_s,0.020289
1756998284.069,latency_s,0.018317
1756998284.069,latency_s,0.019077
1756998284.074,latency_s,0.023104
1756998284.074,latency_s,0.022445
1756998284.083,latency_s,0.019890
1756998284.083,latency_s,0.019895
1756998284.084,latency_s,0.018495
1756998284.104,latency_s,0.036141
1756998284.105,latency_s,0.035958
1756998284.105,latency_s,0.036030
1756998284.105,latency_s,0.036047
1756998284.120,latency_s,0.028582
1756998284.120,latency_s,0.028642
1756998284.165,latency_s,0.021273
1756998284.166,latency_s,0.019266
1756998284.168,latency_s,0.020491
1756998284.168,latency_s,0.018986
1756998284.169,latency_s,0.020375
1756998284.169,latency_s,0.020726
1756998284.169,latency_s,0.020620
1756998284.170,latency_s,0.020819
1756998284.170,latency_s,0.020502
1756998284.170,latency_s,0.020052
1756998284.170,latency_s,0.019416
1756998284.170,latency_s,0.018970
1756998284.172,latency_s,0.020922
1756998284.180,latency_s,0.027432
1756998284.183,latency_s,0.019449
1756998284.183,latency_s,0.019713
1756998284.190,latency_s,0.023403
1756998284.190,latency_s,0.020990
1756998284.190,latency_s,0.020990
1756998284.190,latency_s,0.020720
1756998284.190,latency_s,0.020768
1756998284.212,latency_s,0.019706
1756998284.212,latency_s,0.019454
1756998284.265,latency_s,0.021155
1756998284.266,latency_s,0.018850
1756998284.269,latency_s,0.020625
1756998284.270,latency_s,0.021080
1756998284.270,latency_s,0.021668
1756998284.271,latency_s,0.021256
1756998284.271,latency_s,0.021456
1756998284.271,latency_s,0.020788
1756998284.271,latency_s,0.021640
1756998284.271,latency_s,0.020088
1756998284.271,latency_s,0.020615
1756998284.271,latency_s,0.019928
1756998284.271,latency_s,0.019228
1756998284.274,latency_s,0.021068
1756998284.284,latency_s,0.019413
1756998284.284,latency_s,0.019625
1756998284.285,latency_s,0.018428
1756998284.290,latency_s,0.020719
1756998284.290,latency_s,0.020678
1756998284.290,latency_s,0.020319
1756998284.290,latency_s,0.020239
1756998284.313,latency_s,0.019673
1756998284.313,latency_s,0.019531
1756998284.363,latency_s,0.019230
1756998284.367,latency_s,0.019188
1756998284.374,latency_s,0.024698
1756998284.374,latency_s,0.024354
1756998284.374,latency_s,0.024601
1756998284.374,latency_s,0.023584
1756998284.374,latency_s,0.023726
1756998284.374,latency_s,0.023755
1756998284.374,latency_s,0.023230
1756998284.374,latency_s,0.023024
1756998284.374,latency_s,0.024282
1756998284.374,latency_s,0.022570
1756998284.378,latency_s,0.024789
1756998284.378,latency_s,0.024341
1756998284.386,latency_s,0.020682
1756998284.389,latency_s,0.023966
1756998284.389,latency_s,0.022529
1756998284.389,latency_s,0.019855
1756998284.390,latency_s,0.019102
1756998284.390,latency_s,0.019176
1756998284.390,latency_s,0.018787
1756998284.414,latency_s,0.020094
1756998284.414,latency_s,0.020326
1756998284.465,latency_s,0.019306
1756998284.472,latency_s,0.023560
1756998284.473,latency_s,0.023413
1756998284.473,latency_s,0.023073
1756998284.473,latency_s,0.022950
1756998284.473,latency_s,0.022301
1756998284.473,latency_s,0.021972
1756998284.473,latency_s,0.022072
1756998284.473,latency_s,0.020992
1756998284.473,latency_s,0.021189
1756998284.473,latency_s,0.021355
1756998284.473,latency_s,0.021240
1756998284.473,latency_s,0.019135
1756998284.480,latency_s,0.025541
1756998284.488,latency_s,0.022530
1756998284.488,latency_s,0.022196
1756998284.488,latency_s,0.019463
1756998284.489,latency_s,0.018953
1756998284.491,latency_s,0.020044
1756998284.491,latency_s,0.019540
1756998284.492,latency_s,0.019937
1756998284.514,latency_s,0.020140
1756998284.514,latency_s,0.020231
1756998284.566,latency_s,0.020141
1756998284.568,latency_s,0.019259
1756998284.569,latency_s,0.019180
1756998284.569,latency_s,0.018981
1756998284.569,latency_s,0.019254
1756998284.574,latency_s,0.021518
1756998284.574,latency_s,0.021752
1756998284.574,latency_s,0.021640
1756998284.574,latency_s,0.022080
1756998284.574,latency_s,0.022146
1756998284.574,latency_s,0.021702
1756998284.574,latency_s,0.019548
1756998284.574,latency_s,0.019625
1756998284.586,latency_s,0.020254
1756998284.586,latency_s,0.019862
1756998284.588,latency_s,0.019047
1756998284.590,latency_s,0.019851
1756998284.593,latency_s,0.020120
1756998284.593,latency_s,0.019816
1756998284.593,latency_s,0.020164
1756998284.614,latency_s,0.019214
1756998284.614,latency_s,0.019265
1756998284.666,latency_s,0.020041
1756998284.668,latency_s,0.018629
1756998284.670,latency_s,0.020557
1756998284.670,latency_s,0.020014
1756998284.671,latency_s,0.020555
1756998284.672,latency_s,0.019325
1756998284.672,latency_s,0.019244
1756998284.672,latency_s,0.019744
1756998284.672,latency_s,0.019584
1756998284.691,latency_s,0.038814
1756998284.691,latency_s,0.038576
1756998284.692,latency_s,0.035135
1756998284.692,latency_s,0.035178
1756998284.692,latency_s,0.025813
1756998284.692,latency_s,0.025636
1756998284.692,latency_s,0.022972
1756998284.692,latency_s,0.139445
1756998284.692,latency_s,0.039065
1756998284.692,latency_s,0.021388
1756998284.692,latency_s,0.018897
1756998284.699,latency_s,0.025954
1756998284.699,latency_s,0.025531
1756998284.715,latency_s,0.019407
1756998284.715,latency_s,0.019298
1756998284.766,latency_s,0.019995
1756998284.770,latency_s,0.019845
1756998284.770,latency_s,0.020209
1756998284.770,latency_s,0.019997
1756998284.770,latency_s,0.019349
1756998284.773,latency_s,0.020664
1756998284.774,latency_s,0.020556
1756998284.774,latency_s,0.020785
1756998284.774,latency_s,0.020590
1756998284.782,latency_s,0.029604
1756998284.782,latency_s,0.029436
1756998284.782,latency_s,0.029025
1756998284.782,latency_s,0.025521
1756998284.783,latency_s,0.025540
1756998284.786,latency_s,0.019811
1756998284.786,latency_s,0.019809
1756998284.788,latency_s,0.018792
1756998284.792,latency_s,0.020128
1756998284.793,latency_s,0.019110
1756998284.795,latency_s,0.021223
1756998284.795,latency_s,0.021081
1756998284.818,latency_s,0.020179
1756998284.818,latency_s,0.020269
1756998284.866,latency_s,0.019302
1756998284.870,latency_s,0.019676
1756998284.870,latency_s,0.019465
1756998284.870,latency_s,0.019410
1756998284.875,latency_s,0.022943
1756998284.875,latency_s,0.021709
1756998284.875,latency_s,0.021549
1756998284.875,latency_s,0.021424
1756998284.875,latency_s,0.021604
1756998284.875,latency_s,0.021492
1756998284.875,latency_s,0.021187
1756998284.875,latency_s,0.021214
1756998284.881,latency_s,0.024217
1756998284.882,latency_s,0.024078
1756998284.886,latency_s,0.018892
1756998284.886,latency_s,0.019223
1756998284.890,latency_s,0.020067
1756998284.892,latency_s,0.018888
1756998284.895,latency_s,0.020257
1756998284.895,latency_s,0.020279
1756998284.895,latency_s,0.020280
1756998284.920,latency_s,0.021246
1756998284.920,latency_s,0.021220
1756998284.967,latency_s,0.019578
1756998284.971,latency_s,0.020783
1756998284.972,latency_s,0.020762
1756998284.972,latency_s,0.020632
1756998284.972,latency_s,0.020089
1756998284.972,latency_s,0.018541
1756998284.972,latency_s,0.018625
1756998284.976,latency_s,0.021846
1756998284.976,latency_s,0.021862
1756998284.976,latency_s,0.021624
1756998284.977,latency_s,0.022770
1756998284.977,latency_s,0.022393
1756998284.981,latency_s,0.023691
1756998284.982,latency_s,0.023804
1756998284.990,latency_s,0.022621
1756998284.990,latency_s,0.023004
1756998284.990,latency_s,0.019339
1756998284.994,latency_s,0.020757
1756998284.994,latency_s,0.018794
1756998284.994,latency_s,0.018943
1756998284.994,latency_s,0.018750
1756998285.021,latency_s,0.022176
1756998285.021,latency_s,0.022267
1756998285.068,latency_s,0.020060
1756998285.074,latency_s,0.022781
1756998285.074,latency_s,0.023065
1756998285.074,latency_s,0.022595
1756998285.074,latency_s,0.022282
1756998285.074,latency_s,0.020629
1756998285.074,latency_s,0.020775
1756998285.074,latency_s,0.020618
1756998285.075,latency_s,0.020626
1756998285.075,latency_s,0.021041
1756998285.075,latency_s,0.020761
1756998285.076,latency_s,0.021243
1756998285.082,latency_s,0.023189
1756998285.082,latency_s,0.023185
1756998285.093,latency_s,0.025581
1756998285.093,latency_s,0.025105
1756998285.093,latency_s,0.022435
1756998285.094,latency_s,0.020084
1756998285.097,latency_s,0.020155
1756998285.097,latency_s,0.020367
1756998285.097,latency_s,0.020401
1756998285.120,latency_s,0.020068
1756998285.120,latency_s,0.020143
1756998285.169,latency_s,0.020717
1756998285.174,latency_s,0.021333
1756998285.174,latency_s,0.021561
1756998285.174,latency_s,0.020281
1756998285.188,latency_s,0.034504
1756998285.189,latency_s,0.034538
1756998285.189,latency_s,0.034022
1756998285.189,latency_s,0.034358
1756998285.189,latency_s,0.034428
1756998285.194,latency_s,0.039119
1756998285.195,latency_s,0.039173
1756998285.195,latency_s,0.040494
1756998285.195,latency_s,0.034686
1756998285.195,latency_s,0.034779
1756998285.195,latency_s,0.026857
1756998285.195,latency_s,0.026226
1756998285.195,latency_s,0.023374
1756998285.195,latency_s,0.020083
1756998285.202,latency_s,0.025051
1756998285.202,latency_s,0.025260
1756998285.203,latency_s,0.024779
1756998285.219,latency_s,0.019163
1756998285.219,latency_s,0.019249
1756998285.269,latency_s,0.020220
1756998285.276,latency_s,0.022666
1756998285.276,latency_s,0.022808
1756998285.276,latency_s,0.022060
1756998285.276,latency_s,0.022125
1756998285.276,latency_s,0.022198
1756998285.276,latency_s,0.021833
1756998285.276,latency_s,0.021923
1756998285.276,latency_s,0.021125
1756998285.276,latency_s,0.020859
1756998285.277,latency_s,0.021371
1756998285.277,latency_s,0.021222
1756998285.283,latency_s,0.022578
1756998285.283,latency_s,0.022675
1756998285.313,latency_s,0.045074
1756998285.313,latency_s,0.044628
1756998285.313,latency_s,0.041673
1756998285.313,latency_s,0.037693
1756998285.313,latency_s,0.034937
1756998285.314,latency_s,0.034880
1756998285.314,latency_s,0.033941
1756998285.320,latency_s,0.019597
1756998285.320,latency_s,0.019827
1756998285.368,latency_s,0.018979
1756998285.377,latency_s,0.022679
1756998285.377,latency_s,0.022591
1756998285.377,latency_s,0.022552
1756998285.378,latency_s,0.022879
1756998285.378,latency_s,0.022023
1756998285.378,latency_s,0.021867
1756998285.378,latency_s,0.022638
1756998285.378,latency_s,0.022144
1756998285.378,latency_s,0.022069
1756998285.378,latency_s,0.021616
1756998285.378,latency_s,0.022159
1756998285.383,latency_s,0.021781
1756998285.384,latency_s,0.021849
1756998285.415,latency_s,0.046216
1756998285.415,latency_s,0.045167
1756998285.415,latency_s,0.042770
1756998285.415,latency_s,0.038476
1756998285.415,latency_s,0.036118
1756998285.415,latency_s,0.036028
1756998285.431,latency_s,0.049836
1756998285.431,latency_s,0.030212
1756998285.435,latency_s,0.034378
1756998285.470,latency_s,0.021284
1756998285.475,latency_s,0.019857
1756998285.475,latency_s,0.019629
1756998285.475,latency_s,0.019805
1756998285.475,latency_s,0.020317
1756998285.486,latency_s,0.029952
1756998285.486,latency_s,0.030048
1756998285.486,latency_s,0.030288
1756998285.486,latency_s,0.029222
1756998285.486,latency_s,0.029444
1756998285.486,latency_s,0.028851
1756998285.486,latency_s,0.024017
1756998285.486,latency_s,0.024043
1756998285.494,latency_s,0.024767
1756998285.494,latency_s,0.022937
1756998285.494,latency_s,0.021055
1756998285.497,latency_s,0.019871
1756998285.498,latency_s,0.018920
1756998285.499,latency_s,0.019152
1756998285.501,latency_s,0.019436
1756998285.522,latency_s,0.020124
1756998285.522,latency_s,0.020087
1756998285.569,latency_s,0.019469
1756998285.577,latency_s,0.020792
1756998285.578,latency_s,0.021168
1756998285.578,latency_s,0.021534
1756998285.578,latency_s,0.021571
1756998285.578,latency_s,0.021458
1756998285.578,latency_s,0.021102
1756998285.578,latency_s,0.021545
1756998285.585,latency_s,0.025265
1756998285.585,latency_s,0.025473
1756998285.585,latency_s,0.024980
1756998285.585,latency_s,0.022260
1756998285.585,latency_s,0.022287
1756998285.593,latency_s,0.024104
1756998285.594,latency_s,0.020989
1756998285.594,latency_s,0.020079
1756998285.597,latency_s,0.020150
1756998285.601,latency_s,0.021809
1756998285.601,latency_s,0.021634
1756998285.602,latency_s,0.145528
1756998285.602,latency_s,0.042170
1756998285.612,latency_s,0.029276
1756998285.622,latency_s,0.019348
1756998285.622,latency_s,0.019425
1756998285.670,latency_s,0.020007
1756998285.678,latency_s,0.021338
1756998285.678,latency_s,0.021623
1756998285.679,latency_s,0.021691
1756998285.679,latency_s,0.021575
1756998285.679,latency_s,0.021642
1756998285.679,latency_s,0.021684
1756998285.679,latency_s,0.021111
1756998285.684,latency_s,0.024421
1756998285.684,latency_s,0.024166
1756998285.684,latency_s,0.024326
1756998285.684,latency_s,0.024367
1756998285.684,latency_s,0.021551
1756998285.684,latency_s,0.021390
1756998285.694,latency_s,0.024485
1756998285.694,latency_s,0.021105
1756998285.694,latency_s,0.020254
1756998285.696,latency_s,0.018771
1756998285.700,latency_s,0.019514
1756998285.700,latency_s,0.019485
1756998285.704,latency_s,0.019452
1756998285.724,latency_s,0.019733
1756998285.724,latency_s,0.019738
1756998285.771,latency_s,0.020564
1756998285.779,latency_s,0.022276
1756998285.780,latency_s,0.022288
1756998285.780,latency_s,0.021999
1756998285.780,latency_s,0.022013
1756998285.780,latency_s,0.022166
1756998285.780,latency_s,0.021751
1756998285.780,latency_s,0.022093
1756998285.780,latency_s,0.019463
1756998285.786,latency_s,0.025588
1756998285.786,latency_s,0.025904
1756998285.787,latency_s,0.025606
1756998285.787,latency_s,0.023486
1756998285.787,latency_s,0.023552
1756998285.795,latency_s,0.025386
1756998285.796,latency_s,0.022429
1756998285.796,latency_s,0.021190
1756998285.797,latency_s,0.019306
1756998285.802,latency_s,0.020480
1756998285.802,latency_s,0.020295
1756998285.804,latency_s,0.019252
1756998285.826,latency_s,0.021204
1756998285.826,latency_s,0.020775
1756998285.871,latency_s,0.020081
1756998285.877,latency_s,0.019495
1756998285.880,latency_s,0.021947
1756998285.880,latency_s,0.021552
1756998285.880,latency_s,0.021434
1756998285.880,latency_s,0.021462
1756998285.880,latency_s,0.021021
1756998285.880,latency_s,0.021145
1756998285.880,latency_s,0.019089
1756998285.881,latency_s,0.019587
1756998285.881,latency_s,0.019628
1756998285.881,latency_s,0.019769
1756998285.886,latency_s,0.021468
1756998285.886,latency_s,0.021582
1756998285.896,latency_s,0.025022
1756998285.896,latency_s,0.022074
1756998285.896,latency_s,0.020834
1756998285.898,latency_s,0.019278
1756998285.902,latency_s,0.019570
1756998285.902,latency_s,0.019965
1756998285.906,latency_s,0.018612
1756998285.925,latency_s,0.018982
1756998285.925,latency_s,0.019183
1756998285.971,latency_s,0.019702
1756998285.976,latency_s,0.018547
1756998285.977,latency_s,0.018562
1756998285.981,latency_s,0.021758
1756998285.981,latency_s,0.021620
1756998285.981,latency_s,0.022476
1756998285.981,latency_s,0.021684
1756998285.981,latency_s,0.022132
1756998285.981,latency_s,0.019634
1756998285.981,latency_s,0.018742
1756998285.985,latency_s,0.022788
1756998285.985,latency_s,0.022712
1756998285.985,latency_s,0.020551
1756998285.985,latency_s,0.020577
1756998285.991,latency_s,0.020272
1756998285.994,latency_s,0.019929
1756998285.996,latency_s,0.020245
1756998285.998,latency_s,0.019455
1756998286.002,latency_s,0.019639
1756998286.002,latency_s,0.019512
1756998286.009,latency_s,0.020188
1756998286.028,latency_s,0.021659
1756998286.028,latency_s,0.021908
1756998286.071,latency_s,0.019402
1756998286.079,latency_s,0.020662
1756998286.079,latency_s,0.020320
1756998286.079,latency_s,0.020164
1756998286.079,latency_s,0.019717
1756998286.079,latency_s,0.019889
1756998286.079,latency_s,0.019754
1756998286.079,latency_s,0.019806
1756998286.081,latency_s,0.019153
1756998286.083,latency_s,0.019341
1756998286.083,latency_s,0.019396
1756998286.085,latency_s,0.021766
1756998286.095,latency_s,0.028399
1756998286.095,latency_s,0.028497
1756998286.095,latency_s,0.023544
1756998286.095,latency_s,0.020183
1756998286.096,latency_s,0.019980
1756998286.099,latency_s,0.020076
1756998286.101,latency_s,0.018969
1756998286.102,latency_s,0.018943
1756998286.109,latency_s,0.019890
1756998286.126,latency_s,0.019293
1756998286.126,latency_s,0.019387
1756998286.171,latency_s,0.019624
1756998286.179,latency_s,0.020637
1756998286.179,latency_s,0.019805
1756998286.180,latency_s,0.019701
1756998286.180,latency_s,0.018612
1756998286.183,latency_s,0.021760
1756998286.183,latency_s,0.021566
1756998286.183,latency_s,0.021788
1756998286.183,latency_s,0.021131
1756998286.183,latency_s,0.019530
1756998286.183,latency_s,0.019468
1756998286.186,latency_s,0.021795
1756998286.196,latency_s,0.029360
1756998286.197,latency_s,0.029907
1756998286.197,latency_s,0.025830
1756998286.197,latency_s,0.022311
1756998286.198,latency_s,0.020922
1756998286.199,latency_s,0.019649
1756998286.203,latency_s,0.020303
1756998286.203,latency_s,0.020454
1756998286.210,latency_s,0.020023
1756998286.228,latency_s,0.020573
1756998286.228,latency_s,0.020673
1756998286.272,latency_s,0.019697
1756998286.278,latency_s,0.019103
1756998286.279,latency_s,0.018646
1756998286.282,latency_s,0.020590
1756998286.283,latency_s,0.020543
1756998286.283,latency_s,0.019875
1756998286.283,latency_s,0.019977
1756998286.283,latency_s,0.020343
1756998286.283,latency_s,0.019625
1756998286.283,latency_s,0.019264
1756998286.283,latency_s,0.019255
1756998286.284,latency_s,0.019455
1756998286.287,latency_s,0.019541
1756998286.294,latency_s,0.026021
1756998286.294,latency_s,0.020911
1756998286.295,latency_s,0.019586
1756998286.299,latency_s,0.021643
1756998286.301,latency_s,0.020172
1756998286.304,latency_s,0.020434
1756998286.304,latency_s,0.020249
1756998286.311,latency_s,0.020502
1756998286.329,latency_s,0.021073
1756998286.329,latency_s,0.020934
1756998286.373,latency_s,0.020757
1756998286.379,latency_s,0.019973
1756998286.380,latency_s,0.018883
1756998286.388,latency_s,0.023696
1756998286.388,latency_s,0.024002
1756998286.389,latency_s,0.023790
1756998286.389,latency_s,0.023788
1756998286.389,latency_s,0.023656
1756998286.389,latency_s,0.023857
1756998286.389,latency_s,0.023649
1756998286.389,latency_s,0.023072
1756998286.389,latency_s,0.023147
1756998286.389,latency_s,0.019979
1756998286.389,latency_s,0.019716
1756998286.393,latency_s,0.019887
1756998286.396,latency_s,0.019861
1756998286.397,latency_s,0.019015
1756998286.401,latency_s,0.018859
1756998286.404,latency_s,0.020780
1756998286.404,latency_s,0.019787
1756998286.412,latency_s,0.019863
1756998286.430,latency_s,0.020983
1756998286.430,latency_s,0.020907
1756998286.472,latency_s,0.019361
1756998286.479,latency_s,0.019236
1756998286.482,latency_s,0.019737
1756998286.486,latency_s,0.020882
1756998286.487,latency_s,0.021803
1756998286.487,latency_s,0.021626
1756998286.489,latency_s,0.023494
1756998286.489,latency_s,0.023198
1756998286.489,latency_s,0.023308
1756998286.489,latency_s,0.023558
1756998286.489,latency_s,0.023548
1756998286.489,latency_s,0.023176
1756998286.489,latency_s,0.020144
1756998286.489,latency_s,0.019801
1756998286.493,latency_s,0.019193
1756998286.498,latency_s,0.021596
1756998286.498,latency_s,0.019857
1756998286.501,latency_s,0.019145
1756998286.504,latency_s,0.019566
1756998286.504,latency_s,0.018786
1756998286.514,latency_s,0.020043
1756998286.530,latency_s,0.020330
1756998286.530,latency_s,0.020688
1756998286.574,latency_s,0.019577
1756998286.580,latency_s,0.019446
1756998286.582,latency_s,0.019251
1756998286.587,latency_s,0.021074
1756998286.587,latency_s,0.021183
1756998286.588,latency_s,0.021411
1756998286.588,latency_s,0.021530
1756998286.588,latency_s,0.021566
1756998286.588,latency_s,0.021965
1756998286.588,latency_s,0.021513
1756998286.588,latency_s,0.021642
1756998286.588,latency_s,0.022153
1756998286.591,latency_s,0.020119
1756998286.591,latency_s,0.019795
1756998286.597,latency_s,0.022851
1756998286.597,latency_s,0.020473
1756998286.598,latency_s,0.019034
1756998286.603,latency_s,0.020004
1756998286.604,latency_s,0.018815
1756998286.605,latency_s,0.019727
1756998286.614,latency_s,0.019899
1756998286.631,latency_s,0.020826
1756998286.631,latency_s,0.020773
1756998286.675,latency_s,0.020028
1756998286.679,latency_s,0.018941
1756998286.682,latency_s,0.019351
1756998286.687,latency_s,0.020890
1756998286.688,latency_s,0.020872
1756998286.688,latency_s,0.020501
1756998286.688,latency_s,0.020450
1756998286.688,latency_s,0.020815
1756998286.688,latency_s,0.020487
1756998286.688,latency_s,0.020455
1756998286.688,latency_s,0.019444
1756998286.688,latency_s,0.019591
1756998286.691,latency_s,0.018756
1756998286.691,latency_s,0.018833
1756998286.693,latency_s,0.018351
1756998286.696,latency_s,0.018672
1756998286.700,latency_s,0.019439
1756998286.702,latency_s,0.018406
1756998286.704,latency_s,0.018888
1756998286.706,latency_s,0.019354
1756998286.716,latency_s,0.018929
1756998286.732,latency_s,0.020569
1756998286.732,latency_s,0.020557
1756998286.775,latency_s,0.019096
1756998286.780,latency_s,0.019158
1756998286.783,latency_s,0.019398
1756998286.788,latency_s,0.021472
1756998286.788,latency_s,0.020780
1756998286.788,latency_s,0.020464
1756998286.789,latency_s,0.021448
1756998286.792,latency_s,0.023948
1756998286.792,latency_s,0.022909
1756998286.792,latency_s,0.024141
1756998286.792,latency_s,0.023374
1756998286.793,latency_s,0.023885
1756998286.793,latency_s,0.019278
1756998286.793,latency_s,0.019295
1756998286.793,latency_s,0.018643
1756998286.796,latency_s,0.019176
1756998286.800,latency_s,0.019089
1756998286.804,latency_s,0.018888
1756998286.804,latency_s,0.020174
1756998286.805,latency_s,0.018444
1756998286.818,latency_s,0.019585
1756998286.833,latency_s,0.021475
1756998286.834,latency_s,0.021531
1756998286.875,latency_s,0.018951
1756998286.901,latency_s,0.039692
1756998286.901,latency_s,0.036381
1756998286.901,latency_s,0.033929
1756998286.901,latency_s,0.033163
1756998286.901,latency_s,0.032912
1756998286.901,latency_s,0.031959
1756998286.901,latency_s,0.031916
1756998286.901,latency_s,0.032212
1756998286.902,latency_s,0.031592
1756998286.902,latency_s,0.031933
1756998286.902,latency_s,0.032534
1756998286.902,latency_s,0.026556
1756998286.902,latency_s,0.026479
1756998286.902,latency_s,0.026569
1756998286.902,latency_s,0.023153
1756998286.902,latency_s,0.019761
1756998286.904,latency_s,0.019837
1756998286.904,latency_s,0.018878
1756998286.907,latency_s,0.019141
1756998286.918,latency_s,0.019753
1756998286.934,latency_s,0.020609
1756998286.934,latency_s,0.020441
1756998286.976,latency_s,0.019756
1756998286.980,latency_s,0.018339
1756998286.985,latency_s,0.019983
1756998286.986,latency_s,0.018827
1756998286.989,latency_s,0.020806
1756998286.989,latency_s,0.020636
1756998286.989,latency_s,0.019897
1756998286.989,latency_s,0.019765
1756998286.989,latency_s,0.019836
1756998286.990,latency_s,0.019731
1756998286.990,latency_s,0.019579
1756998286.995,latency_s,0.019758
1756998287.000,latency_s,0.024536
1756998287.000,latency_s,0.024453
1756998287.000,latency_s,0.020236
1756998287.002,latency_s,0.019793
1756998287.003,latency_s,0.018562
1756998287.005,latency_s,0.019049
1756998287.007,latency_s,0.018847
1756998287.018,latency_s,0.019688
1756998287.034,latency_s,0.019912
1756998287.034,latency_s,0.019756
1756998287.076,latency_s,0.019846
1756998287.082,latency_s,0.019073
1756998287.085,latency_s,0.019496
1756998287.087,latency_s,0.019132
1756998287.087,latency_s,0.018513
1756998287.087,latency_s,0.018406
1756998287.089,latency_s,0.018394
1756998287.089,latency_s,0.018499
1756998287.089,latency_s,0.018509
1756998287.090,latency_s,0.019174
1756998287.090,latency_s,0.018886
1756998287.095,latency_s,0.019375
1756998287.100,latency_s,0.023711
1756998287.100,latency_s,0.023751
1756998287.100,latency_s,0.019099
1756998287.102,latency_s,0.019612
1756998287.105,latency_s,0.019312
1756998287.106,latency_s,0.019749
1756998287.108,latency_s,0.019006
1756998287.120,latency_s,0.150365
1756998287.120,latency_s,0.050022
1756998287.121,latency_s,0.019888
1756998287.135,latency_s,0.019982
1756998287.135,latency_s,0.020017
1756998287.177,latency_s,0.019292
1756998287.183,latency_s,0.019485
1756998287.186,latency_s,0.020156
1756998287.187,latency_s,0.018689
1756998287.188,latency_s,0.019051
1756998287.188,latency_s,0.019140
1756998287.191,latency_s,0.020329
1756998287.191,latency_s,0.020295
1756998287.192,latency_s,0.019574
1756998287.192,latency_s,0.020293
1756998287.192,latency_s,0.019844
1756998287.192,latency_s,0.020104
1756998287.196,latency_s,0.019885
1756998287.201,latency_s,0.025028
1756998287.201,latency_s,0.024837
1756998287.201,latency_s,0.020237
1756998287.203,latency_s,0.019499
1756998287.206,latency_s,0.019741
1756998287.208,latency_s,0.021118
1756998287.208,latency_s,0.019312
1756998287.221,latency_s,0.018957
1756998287.234,latency_s,0.018666
1756998287.236,latency_s,0.020316
1756998287.277,latency_s,0.019221
1756998287.284,latency_s,0.019334
1756998287.286,latency_s,0.019466
1756998287.288,latency_s,0.019083
1756998287.288,latency_s,0.018495
1756998287.290,latency_s,0.020231
1756998287.292,latency_s,0.019744
1756998287.292,latency_s,0.019823
1756998287.294,latency_s,0.020962
1756998287.294,latency_s,0.021707
1756998287.294,latency_s,0.021721
1756998287.299,latency_s,0.026336
1756998287.299,latency_s,0.022492
1756998287.299,latency_s,0.022784
1756998287.299,latency_s,0.022698
1756998287.301,latency_s,0.019125
1756998287.303,latency_s,0.019117
1756998287.305,latency_s,0.018853
1756998287.308,latency_s,0.020502
1756998287.308,latency_s,0.019117
1756998287.324,latency_s,0.020215
1756998287.336,latency_s,0.019877
1756998287.337,latency_s,0.020280
1756998287.378,latency_s,0.019871
1756998287.389,latency_s,0.022033
1756998287.403,latency_s,0.036494
1756998287.403,latency_s,0.034194
1756998287.403,latency_s,0.033738
1756998287.404,latency_s,0.034207
1756998287.404,latency_s,0.031325
1756998287.404,latency_s,0.030931
1756998287.404,latency_s,0.030990
1756998287.404,latency_s,0.030735
1756998287.404,latency_s,0.031170
1756998287.404,latency_s,0.030902
1756998287.404,latency_s,0.027117
1756998287.404,latency_s,0.027022
1756998287.404,latency_s,0.026951
1756998287.404,latency_s,0.022268
1756998287.409,latency_s,0.024819
1756998287.409,latency_s,0.022333
1756998287.409,latency_s,0.020456
1756998287.409,latency_s,0.019418
1756998287.423,latency_s,0.019318
1756998287.436,latency_s,0.018488
1756998287.438,latency_s,0.019814
1756998287.481,latency_s,0.020632
1756998287.486,latency_s,0.019300
1756998287.489,latency_s,0.018963
1756998287.489,latency_s,0.019220
1756998287.489,latency_s,0.019441
1756998287.491,latency_s,0.018356
1756998287.493,latency_s,0.019452
1756998287.493,latency_s,0.019299
1756998287.494,latency_s,0.020922
1756998287.494,latency_s,0.020491
1756998287.494,latency_s,0.020725
1756998287.504,latency_s,0.026921
1756998287.504,latency_s,0.026785
1756998287.504,latency_s,0.026737
1756998287.504,latency_s,0.021808
1756998287.504,latency_s,0.020207
1756998287.510,latency_s,0.020953
1756998287.510,latency_s,0.020495
1756998287.526,latency_s,0.019101
1756998287.538,latency_s,0.019635
1756998287.539,latency_s,0.019043
1756998287.580,latency_s,0.019593
1756998287.588,latency_s,0.020325
1756998287.589,latency_s,0.018646
1756998287.589,latency_s,0.018777
1756998287.589,latency_s,0.018911
1756998287.593,latency_s,0.019834
1756998287.593,latency_s,0.019597
1756998287.594,latency_s,0.019963
1756998287.594,latency_s,0.020042
1756998287.594,latency_s,0.019932
1756998287.595,latency_s,0.020787
1756998287.604,latency_s,0.026377
1756998287.604,latency_s,0.026325
1756998287.604,latency_s,0.026230
1756998287.605,latency_s,0.021018
1756998287.605,latency_s,0.019044
1756998287.608,latency_s,0.140205
1756998287.611,latency_s,0.041896
1756998287.611,latency_s,0.021593
1756998287.611,latency_s,0.020360
1756998287.624,latency_s,0.137002
1756998287.624,latency_s,0.036753
1756998287.628,latency_s,0.020107
1756998287.638,latency_s,0.019245
1756998287.641,latency_s,0.020031
1756998287.680,latency_s,0.018919
1756998287.687,latency_s,0.019421
1756998287.689,latency_s,0.020222
1756998287.689,latency_s,0.019357
1756998287.690,latency_s,0.019233
1756998287.690,latency_s,0.019546
1756998287.692,latency_s,0.018618
1756998287.693,latency_s,0.018856
1756998287.693,latency_s,0.019054
1756998287.695,latency_s,0.020664
1756998287.695,latency_s,0.020978
1756998287.695,latency_s,0.020275
1756998287.705,latency_s,0.026832
1756998287.705,latency_s,0.026747
1756998287.705,latency_s,0.026833
1756998287.705,latency_s,0.021299
1756998287.705,latency_s,0.019397
1756998287.706,latency_s,0.018566
1756998287.710,latency_s,0.020567
1756998287.710,latency_s,0.019546
1756998287.728,latency_s,0.019316
1756998287.740,latency_s,0.020347
1756998287.743,latency_s,0.019619
1756998287.781,latency_s,0.019988
1756998287.787,latency_s,0.019024
1756998287.792,latency_s,0.021067
1756998287.792,latency_s,0.021147
1756998287.792,latency_s,0.020944
1756998287.792,latency_s,0.021137
1756998287.793,latency_s,0.018687
1756998287.794,latency_s,0.019159
1756998287.794,latency_s,0.019314
1756998287.796,latency_s,0.021091
1756998287.796,latency_s,0.021006
1756998287.796,latency_s,0.020554
1756998287.797,latency_s,0.018808
1756998287.807,latency_s,0.028744
1756998287.807,latency_s,0.028606
1756998287.807,latency_s,0.022995
1756998287.808,latency_s,0.021584
1756998287.809,latency_s,0.019752
1756998287.810,latency_s,0.020222
1756998287.811,latency_s,0.019588
1756998287.828,latency_s,0.019276
1756998287.841,latency_s,0.020511
1756998287.844,latency_s,0.019303
1756998287.882,latency_s,0.019300
1756998287.892,latency_s,0.023908
1756998287.893,latency_s,0.021643
1756998287.893,latency_s,0.021550
1756998287.893,latency_s,0.021306
1756998287.893,latency_s,0.020845
1756998287.893,latency_s,0.018412
1756998287.895,latency_s,0.019822
1756998287.895,latency_s,0.019540
1756998287.895,latency_s,0.019653
1756998287.899,latency_s,0.023789
1756998287.899,latency_s,0.023648
1756998287.899,latency_s,0.020269
1756998287.908,latency_s,0.028059
1756998287.908,latency_s,0.028297
1756998287.908,latency_s,0.023147
1756998287.910,latency_s,0.022512
1756998287.910,latency_s,0.020013
1756998287.910,latency_s,0.018997
1756998287.913,latency_s,0.020454
1756998287.932,latency_s,0.019086
1756998287.941,latency_s,0.020456
1756998287.947,latency_s,0.020538
1756998287.983,latency_s,0.019489
1756998287.988,latency_s,0.019554
1756998287.993,latency_s,0.021486
1756998287.993,latency_s,0.021465
1756998287.993,latency_s,0.021070
1756998287.993,latency_s,0.020888
1756998287.993,latency_s,0.018647
1756998287.995,latency_s,0.019331
1756998287.995,latency_s,0.019388
1756998287.995,latency_s,0.019528
1756998287.996,latency_s,0.019505
1756998287.996,latency_s,0.020334
1756998287.999,latency_s,0.019290
1756998287.999,latency_s,0.018290
1756998288.008,latency_s,0.027743
1756998288.009,latency_s,0.023011
1756998288.009,latency_s,0.021219
1756998288.012,latency_s,0.020886
1756998288.012,latency_s,0.021080
1756998288.012,latency_s,0.019398
1756998288.032,latency_s,0.019154
1756998288.043,latency_s,0.020237
1756998288.048,latency_s,0.020963
1756998288.083,latency_s,0.019716
1756998288.089,latency_s,0.019540
1756998288.091,latency_s,0.019295
1756998288.092,latency_s,0.019250
1756998288.092,latency_s,0.019230
1756998288.094,latency_s,0.019116
1756998288.097,latency_s,0.019439
1756998288.097,latency_s,0.019469
1756998288.097,latency_s,0.019321
1756998288.101,latency_s,0.021055
1756998288.101,latency_s,0.022035
1756998288.102,latency_s,0.021601
1756998288.102,latency_s,0.021529
1756998288.102,latency_s,0.019551
1756998288.108,latency_s,0.025461
1756998288.108,latency_s,0.021157
1756998288.108,latency_s,0.019959
1756998288.113,latency_s,0.020368
1756998288.113,latency_s,0.019976
1756998288.113,latency_s,0.020363
1756998288.134,latency_s,0.020027
1756998288.142,latency_s,0.019821
1756998288.149,latency_s,0.020553
1756998288.185,latency_s,0.020158
1756998288.209,latency_s,0.039843
1756998288.209,latency_s,0.037444
1756998288.210,latency_s,0.035487
1756998288.210,latency_s,0.035520
1756998288.210,latency_s,0.034095
1756998288.210,latency_s,0.031661
1756998288.210,latency_s,0.031465
1756998288.210,latency_s,0.031408
1756998288.210,latency_s,0.029824
1756998288.210,latency_s,0.029658
1756998288.210,latency_s,0.029297
1756998288.210,latency_s,0.029550
1756998288.210,latency_s,0.027466
1756998288.210,latency_s,0.027147
1756998288.210,latency_s,0.022942
1756998288.210,latency_s,0.021548
1756998288.212,latency_s,0.018752
1756998288.215,latency_s,0.021238
1756998288.215,latency_s,0.021023
1756998288.236,latency_s,0.019099
1756998288.248,latency_s,0.019260
1756998288.285,latency_s,0.019879
1756998288.289,latency_s,0.019249
1756998288.294,latency_s,0.021428
1756998288.294,latency_s,0.018981
1756998288.294,latency_s,0.019125
1756998288.294,latency_s,0.018619
1756998288.300,latency_s,0.020690
1756998288.300,latency_s,0.020494
1756998288.300,latency_s,0.020452
1756998288.300,latency_s,0.020096
1756998288.300,latency_s,0.019952
1756998288.301,latency_s,0.019483
1756998288.310,latency_s,0.028982
1756998288.310,latency_s,0.026912
1756998288.310,latency_s,0.026907
1756998288.310,latency_s,0.022428
1756998288.310,latency_s,0.020435
1756998288.312,latency_s,0.018642
1756998288.313,latency_s,0.019002
1756998288.315,latency_s,0.019995
1756998288.338,latency_s,0.019549
1756998288.348,latency_s,0.019006
1756998288.363,latency_s,0.139384
1756998288.364,latency_s,0.038013
1756998288.386,latency_s,0.019683
1756998288.390,latency_s,0.019197
1756998288.392,latency_s,0.019383
1756998288.396,latency_s,0.020334
1756998288.396,latency_s,0.020403
1756998288.396,latency_s,0.019576
1756998288.398,latency_s,0.018714
1756998288.400,latency_s,0.018840
1756998288.401,latency_s,0.019667
1756998288.401,latency_s,0.019431
1756998288.401,latency_s,0.019244
1756998288.409,latency_s,0.027579
1756998288.409,latency_s,0.027889
1756998288.409,latency_s,0.025804
1756998288.410,latency_s,0.026141
1756998288.410,latency_s,0.022014
1756998288.410,latency_s,0.019758
1756998288.415,latency_s,0.021636
1756998288.415,latency_s,0.021409
1756998288.415,latency_s,0.019844
1756998288.440,latency_s,0.019324
1756998288.446,latency_s,0.020209
1756998288.450,latency_s,0.020392
1756998288.486,latency_s,0.020096
1756998288.490,latency_s,0.018971
1756998288.492,latency_s,0.019225
1756998288.496,latency_s,0.019534
1756998288.496,latency_s,0.019604
1756998288.497,latency_s,0.019704
1756998288.500,latency_s,0.019987
1756998288.500,latency_s,0.019346
1756998288.500,latency_s,0.018940
1756998288.501,latency_s,0.018790
1756998288.503,latency_s,0.020721
1756998288.503,latency_s,0.021010
1756998288.503,latency_s,0.020500
1756998288.503,latency_s,0.018854
1756998288.508,latency_s,0.023904
1756998288.508,latency_s,0.019910
1756998288.509,latency_s,0.018862
1756998288.514,latency_s,0.019145
1756998288.514,latency_s,0.019102
1756998288.515,latency_s,0.018632
1756998288.540,latency_s,0.018749
1756998288.545,latency_s,0.019049
1756998288.552,latency_s,0.020436
1756998288.586,latency_s,0.019048
1756998288.590,latency_s,0.019073
1756998288.593,latency_s,0.018975
1756998288.597,latency_s,0.019423
1756998288.597,latency_s,0.019376
1756998288.597,latency_s,0.019063
1756998288.600,latency_s,0.019055
1756998288.602,latency_s,0.020013
1756998288.604,latency_s,0.022041
1756998288.605,latency_s,0.022395
1756998288.605,latency_s,0.022504
1756998288.605,latency_s,0.022879
1756998288.605,latency_s,0.022183
1756998288.605,latency_s,0.020746
1756998288.608,latency_s,0.019454
1756998288.610,latency_s,0.018622
1756998288.615,latency_s,0.019861
1756998288.615,latency_s,0.020554
1756998288.616,latency_s,0.019198
1756998288.641,latency_s,0.019599
1756998288.647,latency_s,0.019308
1756998288.652,latency_s,0.019735
1756998288.687,latency_s,0.019742
1756998288.691,latency_s,0.019017
1756998288.693,latency_s,0.018950
1756998288.697,latency_s,0.019316
1756998288.697,latency_s,0.019467
1756998288.697,latency_s,0.018609
1756998288.700,latency_s,0.018741
1756998288.702,latency_s,0.019652
1756998288.702,latency_s,0.019068
1756998288.702,latency_s,0.019362
1756998288.703,latency_s,0.020766
1756998288.704,latency_s,0.020255
1756998288.710,latency_s,0.027291
1756998288.710,latency_s,0.024656
1756998288.710,latency_s,0.021226
1756998288.710,latency_s,0.018911
1756998288.716,latency_s,0.020530
1756998288.716,latency_s,0.020805
1756998288.718,latency_s,0.020544
1756998288.729,latency_s,0.144320
1756998288.729,latency_s,0.043240
1756998288.745,latency_s,0.021002
1756998288.748,latency_s,0.018713
1756998288.755,latency_s,0.019638
1756998288.788,latency_s,0.020073
1756998288.791,latency_s,0.018991
1756998288.794,latency_s,0.019515
1756998288.798,latency_s,0.020119
1756998288.798,latency_s,0.020038
1756998288.798,latency_s,0.019485
1756998288.800,latency_s,0.018993
1756998288.802,latency_s,0.019246
1756998288.804,latency_s,0.020988
1756998288.804,latency_s,0.021123
1756998288.804,latency_s,0.021224
1756998288.804,latency_s,0.020662
1756998288.804,latency_s,0.020900
1756998288.804,latency_s,0.018497
1756998288.804,latency_s,0.018643
1756998288.810,latency_s,0.019994
1756998288.811,latency_s,0.018844
1756998288.816,latency_s,0.020343
1756998288.816,latency_s,0.020194
1756998288.819,latency_s,0.020474
1756998288.843,latency_s,0.019276
1756998288.850,latency_s,0.019280
1756998288.856,latency_s,0.020119
1756998288.887,latency_s,0.019305
1756998288.891,latency_s,0.018913
1756998288.894,latency_s,0.019297
1756998288.897,latency_s,0.019036
1756998288.898,latency_s,0.019171
1756998288.898,latency_s,0.018526
1756998288.901,latency_s,0.019207
1756998288.904,latency_s,0.021293
1756998288.905,latency_s,0.021746
1756998288.905,latency_s,0.021742
1756998288.905,latency_s,0.021331
1756998288.905,latency_s,0.020797
1756998288.905,latency_s,0.020411
1756998288.906,latency_s,0.019462
1756998288.911,latency_s,0.024862
1756998288.911,latency_s,0.021337
1756998288.911,latency_s,0.019194
1756998288.915,latency_s,0.018966
1756998288.915,latency_s,0.018861
1756998288.921,latency_s,0.020547
1756998288.945,latency_s,0.020442
1756998288.950,latency_s,0.018326
1756998288.956,latency_s,0.020022
1756998288.988,latency_s,0.019426
1756998288.992,latency_s,0.019340
1756998288.994,latency_s,0.019253
1756998288.999,latency_s,0.020361
1756998288.999,latency_s,0.020104
1756998288.999,latency_s,0.019683
1756998289.001,latency_s,0.018912
1756998289.002,latency_s,0.019308
1756998289.002,latency_s,0.018675
1756998289.002,latency_s,0.018547
1756998289.004,latency_s,0.019394
1756998289.004,latency_s,0.019688
1756998289.005,latency_s,0.019217
1756998289.006,latency_s,0.019516
1756998289.011,latency_s,0.024104
1756998289.011,latency_s,0.020123
1756998289.011,latency_s,0.018518
1756998289.015,latency_s,0.019329
1756998289.016,latency_s,0.020082
1756998289.021,latency_s,0.019048
1756998289.046,latency_s,0.020105
1756998289.052,latency_s,0.018686
1756998289.057,latency_s,0.019143
1756998289.089,latency_s,0.019942
1756998289.092,latency_s,0.018741
1756998289.094,latency_s,0.018883
1756998289.104,latency_s,0.022782
1756998289.104,latency_s,0.022744
1756998289.104,latency_s,0.022898
1756998289.105,latency_s,0.022278
1756998289.105,latency_s,0.021160
1756998289.105,latency_s,0.020831
1756998289.106,latency_s,0.019901
1756998289.107,latency_s,0.019526
1756998289.107,latency_s,0.019495
1756998289.107,latency_s,0.021415
1756998289.107,latency_s,0.020890
1756998289.107,latency_s,0.020811
1756998289.111,latency_s,0.020104
1756998289.112,latency_s,0.019215
1756998289.117,latency_s,0.020814
1756998289.118,latency_s,0.020952
1756998289.123,latency_s,0.019795
1756998289.147,latency_s,0.019152
1756998289.153,latency_s,0.018550
1756998289.157,latency_s,0.019426
1756998289.188,latency_s,0.019331
1756998289.193,latency_s,0.019756
1756998289.195,latency_s,0.019544
1756998289.203,latency_s,0.021739
1756998289.204,latency_s,0.021173
1756998289.204,latency_s,0.021730
1756998289.204,latency_s,0.021913
1756998289.204,latency_s,0.019493
1756998289.204,latency_s,0.019842
1756998289.205,latency_s,0.018878
1756998289.206,latency_s,0.019508
1756998289.208,latency_s,0.020461
1756998289.208,latency_s,0.020411
1756998289.208,latency_s,0.020768
1756998289.208,latency_s,0.020640
1756998289.211,latency_s,0.019414
1756998289.212,latency_s,0.018831
1756998289.218,latency_s,0.020902
1756998289.218,latency_s,0.020796
1756998289.225,latency_s,0.020806
1756998289.248,latency_s,0.020221
1756998289.255,latency_s,0.020439
1756998289.257,latency_s,0.019052
1756998289.290,latency_s,0.020133
1756998289.293,latency_s,0.018681
1756998289.296,latency_s,0.019779
1756998289.304,latency_s,0.021430
1756998289.304,latency_s,0.021446
1756998289.304,latency_s,0.021479
1756998289.304,latency_s,0.021580
1756998289.307,latency_s,0.022745
1756998289.307,latency_s,0.023225
1756998289.307,latency_s,0.020434
1756998289.307,latency_s,0.020319
1756998289.307,latency_s,0.019336
1756998289.307,latency_s,0.019837
1756998289.307,latency_s,0.019783
1756998289.308,latency_s,0.019804
1756998289.314,latency_s,0.022228
1756998289.314,latency_s,0.020460
1756998289.317,latency_s,0.019986
1756998289.319,latency_s,0.021510
1756998289.324,latency_s,0.018992
1756998289.348,latency_s,0.019908
1756998289.354,latency_s,0.019130
1756998289.361,latency_s,0.019391
1756998289.389,latency_s,0.019148
1756998289.394,latency_s,0.019438
1756998289.397,latency_s,0.019969
1756998289.403,latency_s,0.019818
1756998289.403,latency_s,0.019814
1756998289.403,latency_s,0.019376
1756998289.403,latency_s,0.019603
1756998289.408,latency_s,0.023129
1756998289.408,latency_s,0.023383
1756998289.408,latency_s,0.021024
1756998289.408,latency_s,0.020811
1756998289.408,latency_s,0.020351
1756998289.408,latency_s,0.020085
1756998289.409,latency_s,0.020384
1756998289.409,latency_s,0.020550
1756998289.412,latency_s,0.020073
1756998289.413,latency_s,0.019299
1756998289.417,latency_s,0.019099
1756998289.417,latency_s,0.018907
1756998289.425,latency_s,0.019395
1756998289.449,latency_s,0.019760
1756998289.463,latency_s,0.020543
1756998289.490,latency_s,0.019735
1756998289.494,latency_s,0.018967
1756998289.496,latency_s,0.019094
1756998289.503,latency_s,0.018692
1756998289.505,latency_s,0.020731
1756998289.505,latency_s,0.020610
1756998289.505,latency_s,0.020298
1756998289.505,latency_s,0.020643
1756998289.505,latency_s,0.020437
1756998289.506,latency_s,0.018746
1756998289.509,latency_s,0.020478
1756998289.509,latency_s,0.020626
1756998289.509,latency_s,0.020537
1756998289.510,latency_s,0.020865
1756998289.510,latency_s,0.019828
1756998289.511,latency_s,0.018786
1756998289.514,latency_s,0.019175
1756998289.517,latency_s,0.018962
1756998289.517,latency_s,0.019224
1756998289.526,latency_s,0.020207
1756998289.551,latency_s,0.019850
1756998289.563,latency_s,0.020471
1756998289.587,latency_s,0.151113
1756998289.587,latency_s,0.050859
1756998289.590,latency_s,0.019418
1756998289.593,latency_s,0.018457
1756998289.597,latency_s,0.019077
1756998289.604,latency_s,0.019532
1756998289.605,latency_s,0.020779
1756998289.606,latency_s,0.020339
1756998289.606,latency_s,0.020473
1756998289.606,latency_s,0.020976
1756998289.606,latency_s,0.020558
1756998289.609,latency_s,0.020970
1756998289.609,latency_s,0.020114
1756998289.626,latency_s,0.037557
1756998289.626,latency_s,0.037250
1756998289.626,latency_s,0.037120
1756998289.626,latency_s,0.035031
1756998289.626,latency_s,0.033977
1756998289.626,latency_s,0.031636
1756998289.626,latency_s,0.028216
1756998289.626,latency_s,0.027770
1756998289.627,latency_s,0.020266
1756998289.651,latency_s,0.018841
1756998289.657,latency_s,0.020306
1756998289.663,latency_s,0.019712
1756998289.691,latency_s,0.020295
1756998289.694,latency_s,0.019291
1756998289.698,latency_s,0.019692
1756998289.704,latency_s,0.019311
1756998289.705,latency_s,0.020083
1756998289.705,latency_s,0.018777
1756998289.708,latency_s,0.021368
1756998289.708,latency_s,0.021858
1756998289.708,latency_s,0.022318
1756998289.708,latency_s,0.019577
1756998289.709,latency_s,0.020034
1756998289.709,latency_s,0.019758
1756998289.715,latency_s,0.025356
1756998289.715,latency_s,0.023922
1756998289.715,latency_s,0.022957
1756998289.715,latency_s,0.021411
1756998289.715,latency_s,0.019638
1756998289.720,latency_s,0.021547
1756998289.720,latency_s,0.021217
1756998289.727,latency_s,0.019781
1756998289.754,latency_s,0.021170
1756998289.759,latency_s,0.019453
1756998289.764,latency_s,0.019554
1756998289.794,latency_s,0.022462
1756998289.794,latency_s,0.018839
1756998289.797,latency_s,0.018719
1756998289.809,latency_s,0.023446
1756998289.809,latency_s,0.023218
1756998289.809,latency_s,0.022263
1756998289.809,latency_s,0.022171
1756998289.809,latency_s,0.022882
1756998289.810,latency_s,0.023152
1756998289.810,latency_s,0.021070
1756998289.810,latency_s,0.021020
1756998289.810,latency_s,0.020158
1756998289.810,latency_s,0.019982
1756998289.815,latency_s,0.023751
1756998289.815,latency_s,0.022757
1756998289.815,latency_s,0.020670
1756998289.823,latency_s,0.027859
1756998289.823,latency_s,0.024282
1756998289.823,latency_s,0.023804
1756998289.829,latency_s,0.020037
1756998289.853,latency_s,0.019293
1756998289.861,latency_s,0.019208
1756998289.866,latency_s,0.020582
1756998289.891,latency_s,0.019196
1756998289.894,latency_s,0.019091
1756998289.899,latency_s,0.020121
1756998289.905,latency_s,0.018911
1756998289.906,latency_s,0.019271
1756998289.906,latency_s,0.019441
1756998289.906,latency_s,0.019181
1756998289.908,latency_s,0.019917
1756998289.908,latency_s,0.019940
1756998289.909,latency_s,0.018876
1756998289.909,latency_s,0.018977
1756998289.909,latency_s,0.018278
1756998289.909,latency_s,0.018530
1756998289.916,latency_s,0.024440
1756998289.916,latency_s,0.022745
1756998289.916,latency_s,0.020801
1756998289.916,latency_s,0.020314
1756998289.921,latency_s,0.021746
1756998289.921,latency_s,0.020885
1756998289.930,latency_s,0.020123
1756998289.956,latency_s,0.019336
1756998289.964,latency_s,0.018993
1756998289.966,latency_s,0.020285
1756998289.992,latency_s,0.019838
1756998289.995,latency_s,0.019438
1756998289.999,latency_s,0.019820
1756998290.006,latency_s,0.019867
1756998290.006,latency_s,0.018931
1756998290.006,latency_s,0.018876
1756998290.010,latency_s,0.023019
1756998290.011,latency_s,0.022145
1756998290.011,latency_s,0.022239
1756998290.011,latency_s,0.020481
1756998290.011,latency_s,0.019813
1756998290.011,latency_s,0.019343
1756998290.011,latency_s,0.019527
1756998290.011,latency_s,0.020429
1756998290.016,latency_s,0.022055
1756998290.016,latency_s,0.020618
1756998290.021,latency_s,0.025120
1756998290.021,latency_s,0.021275
1756998290.021,latency_s,0.020228
1756998290.029,latency_s,0.019121
1756998290.058,latency_s,0.020374
1756998290.067,latency_s,0.021661
1756998290.067,latency_s,0.020797
1756998290.093,latency_s,0.020106
1756998290.095,latency_s,0.018682
1756998290.100,latency_s,0.020596
1756998290.106,latency_s,0.019475
1756998290.108,latency_s,0.020416
1756998290.108,latency_s,0.019938
1756998290.108,latency_s,0.019990
1756998290.108,latency_s,0.019151
1756998290.108,latency_s,0.019144
1756998290.112,latency_s,0.021310
1756998290.112,latency_s,0.021102
1756998290.112,latency_s,0.020603
1756998290.112,latency_s,0.020436
1756998290.112,latency_s,0.019984
1756998290.116,latency_s,0.019811
1756998290.116,latency_s,0.019729
1756998290.122,latency_s,0.027412
1756998290.122,latency_s,0.021096
1756998290.122,latency_s,0.021156
1756998290.130,latency_s,0.019849
1756998290.159,latency_s,0.020516
1756998290.165,latency_s,0.020098
1756998290.165,latency_s,0.019264
1756998290.193,latency_s,0.019964
1756998290.195,latency_s,0.018536
1756998290.199,latency_s,0.018923
1756998290.205,latency_s,0.018764
1756998290.210,latency_s,0.022374
1756998290.210,latency_s,0.022101
1756998290.211,latency_s,0.022373
1756998290.211,latency_s,0.022135
1756998290.211,latency_s,0.021249
1756998290.211,latency_s,0.019843
1756998290.211,latency_s,0.019637
1756998290.211,latency_s,0.018661
1756998290.211,latency_s,0.018853
1756998290.212,latency_s,0.019304
1756998290.214,latency_s,0.019290
1756998290.215,latency_s,0.019257
1756998290.216,latency_s,0.019301
1756998290.223,latency_s,0.021658
1756998290.223,latency_s,0.020231
1756998290.232,latency_s,0.021352
1756998290.258,latency_s,0.019433
1756998290.265,latency_s,0.019049
1756998290.267,latency_s,0.020108
1756998290.293,latency_s,0.020267
1756998290.296,latency_s,0.019061
1756998290.301,latency_s,0.020496
1756998290.307,latency_s,0.019976
1756998290.307,latency_s,0.019077
1756998290.307,latency_s,0.019011
1756998290.307,latency_s,0.018600
1756998290.310,latency_s,0.019493
1756998290.310,latency_s,0.020843
1756998290.311,latency_s,0.019649
1756998290.311,latency_s,0.019595
1756998290.312,latency_s,0.018817
1756998290.312,latency_s,0.018682
1756998290.313,latency_s,0.018924
1756998290.316,latency_s,0.019721
1756998290.316,latency_s,0.019850
1756998290.317,latency_s,0.019677
1756998290.321,latency_s,0.019403
1756998290.323,latency_s,0.018916
1756998290.332,latency_s,0.020725
1756998290.361,latency_s,0.019942
1756998290.365,latency_s,0.018963
1756998290.367,latency_s,0.020009
1756998290.394,latency_s,0.019885
1756998290.396,latency_s,0.019337
1756998290.400,latency_s,0.019516
1756998290.407,latency_s,0.019333
1756998290.407,latency_s,0.018485
1756998290.409,latency_s,0.020066
1756998290.409,latency_s,0.018845
1756998290.427,latency_s,0.035614
1756998290.427,latency_s,0.034231
1756998290.427,latency_s,0.034781
1756998290.427,latency_s,0.034632
1756998290.427,latency_s,0.033729
1756998290.427,latency_s,0.033863
1756998290.427,latency_s,0.032370
1756998290.427,latency_s,0.030133
1756998290.427,latency_s,0.030339
1756998290.427,latency_s,0.029099
1756998290.427,latency_s,0.024780
1756998290.427,latency_s,0.022195
1756998290.431,latency_s,0.019078
1756998290.481,latency_s,0.038177
1756998290.481,latency_s,0.033889
1756998290.481,latency_s,0.033811
1756998290.496,latency_s,0.020693
1756998290.497,latency_s,0.019712
1756998290.499,latency_s,0.018494
1756998290.508,latency_s,0.020407
1756998290.508,latency_s,0.019430
1756998290.509,latency_s,0.019726
1756998290.511,latency_s,0.020247
1756998290.511,latency_s,0.019899
1756998290.513,latency_s,0.020056
1756998290.523,latency_s,0.030194
1756998290.523,latency_s,0.030107
1756998290.524,latency_s,0.030215
1756998290.524,latency_s,0.030702
1756998290.524,latency_s,0.028785
1756998290.524,latency_s,0.026352
1756998290.524,latency_s,0.026071
1756998290.524,latency_s,0.025028
1756998290.524,latency_s,0.021174
1756998290.525,latency_s,0.019595
1756998290.532,latency_s,0.019648
1756998290.564,latency_s,0.020801
1756998290.568,latency_s,0.020628
1756998290.569,latency_s,0.020944
1756998290.595,latency_s,0.019646
1756998290.597,latency_s,0.018920
1756998290.601,latency_s,0.019719
1756998290.607,latency_s,0.018678
1756998290.610,latency_s,0.020108
1756998290.610,latency_s,0.020283
1756998290.613,latency_s,0.021071
1756998290.613,latency_s,0.021722
1756998290.613,latency_s,0.019946
1756998290.618,latency_s,0.024377
1756998290.619,latency_s,0.024854
1756998290.619,latency_s,0.025193
1756998290.619,latency_s,0.025578
1756998290.619,latency_s,0.023254
1756998290.619,latency_s,0.021261
1756998290.625,latency_s,0.026688
1756998290.625,latency_s,0.025258
1756998290.625,latency_s,0.021735
1756998290.625,latency_s,0.019429
1756998290.633,latency_s,0.019999
1756998290.664,latency_s,0.019674
1756998290.670,latency_s,0.020668
1756998290.671,latency_s,0.020979
1756998290.695,latency_s,0.019156
1756998290.697,latency_s,0.018965
1756998290.701,latency_s,0.019740
1756998290.709,latency_s,0.020159
1756998290.714,latency_s,0.023455
1756998290.714,latency_s,0.023483
1756998290.715,latency_s,0.023946
1756998290.715,latency_s,0.023481
1756998290.715,latency_s,0.021616
1756998290.717,latency_s,0.023705
1756998290.718,latency_s,0.024104
1756998290.718,latency_s,0.023927
1756998290.719,latency_s,0.024779
1756998290.719,latency_s,0.022019
1756998290.719,latency_s,0.019655
1756998290.727,latency_s,0.027532
1756998290.727,latency_s,0.026444
1756998290.727,latency_s,0.021606
1756998290.727,latency_s,0.020827
1756998290.733,latency_s,0.020111
1756998290.768,latency_s,0.021570
1756998290.769,latency_s,0.019335
1756998290.769,latency_s,0.019330
1756998290.796,latency_s,0.019785
1756998290.798,latency_s,0.018876
1756998290.802,latency_s,0.020002
1756998290.808,latency_s,0.019136
1756998290.814,latency_s,0.022794
1756998290.814,latency_s,0.023056
1756998290.814,latency_s,0.022822
1756998290.814,latency_s,0.021846
1756998290.815,latency_s,0.020641
1756998290.819,latency_s,0.024758
1756998290.819,latency_s,0.024167
1756998290.819,latency_s,0.024143
1756998290.819,latency_s,0.024711
1756998290.819,latency_s,0.021287
1756998290.819,latency_s,0.020074
1756998290.820,latency_s,0.020223
1756998290.826,latency_s,0.025154
1756998290.826,latency_s,0.020186
1756998290.828,latency_s,0.020880
1756998290.833,latency_s,0.019420
1756998290.868,latency_s,0.020519
1756998290.870,latency_s,0.019081
1756998290.870,latency_s,0.019007
1756998290.896,latency_s,0.019625
1756998290.898,latency_s,0.018805
1756998290.901,latency_s,0.018789
1756998290.908,latency_s,0.018999
1756998290.913,latency_s,0.020870
1756998290.913,latency_s,0.020947
1756998290.913,latency_s,0.021422
1756998290.913,latency_s,0.019521
1756998290.914,latency_s,0.019550
1756998290.914,latency_s,0.018956
1756998290.919,latency_s,0.023803
1756998290.919,latency_s,0.024111
1756998290.920,latency_s,0.023919
1756998290.920,latency_s,0.020827
1756998290.920,latency_s,0.019893
1756998290.926,latency_s,0.026352
1756998290.927,latency_s,0.026202
1756998290.927,latency_s,0.020326
1756998290.927,latency_s,0.019399
1756998290.933,latency_s,0.019002
1756998290.969,latency_s,0.021117
1756998290.970,latency_s,0.018633
1756998290.971,latency_s,0.019649
1756998291.017,latency_s,0.039800
1756998291.017,latency_s,0.037464
1756998291.017,latency_s,0.034555
1756998291.018,latency_s,0.027961
1756998291.018,latency_s,0.025511
1756998291.018,latency_s,0.025522
1756998291.018,latency_s,0.025559
1756998291.018,latency_s,0.024000
1756998291.018,latency_s,0.023562
1756998291.018,latency_s,0.022296
1756998291.018,latency_s,0.022362
1756998291.024,latency_s,0.028577
1756998291.024,latency_s,0.028169
1756998291.024,latency_s,0.024351
1756998291.024,latency_s,0.024073
1756998291.025,latency_s,0.024210
1756998291.025,latency_s,0.023479
1756998291.029,latency_s,0.021794
1756998291.029,latency_s,0.020940
1756998291.033,latency_s,0.019075
1756998291.068,latency_s,0.019389
1756998291.074,latency_s,0.021909
1756998291.074,latency_s,0.022041
1756998291.097,latency_s,0.019986
1756998291.099,latency_s,0.019322
1756998291.103,latency_s,0.020033
1756998291.111,latency_s,0.020677
1756998291.112,latency_s,0.019871
1756998291.112,latency_s,0.019628
1756998291.112,latency_s,0.019692
1756998291.116,latency_s,0.021487
1756998291.119,latency_s,0.023998
1756998291.119,latency_s,0.022703
1756998291.119,latency_s,0.022834
1756998291.119,latency_s,0.022828
1756998291.119,latency_s,0.022489
1756998291.121,latency_s,0.020736
1756998291.122,latency_s,0.020591
1756998291.128,latency_s,0.027767
1756998291.129,latency_s,0.026930
1756998291.129,latency_s,0.020314
1756998291.129,latency_s,0.020736
1756998291.135,latency_s,0.020865
1756998291.171,latency_s,0.019763
1756998291.171,latency_s,0.018915
1756998291.173,latency_s,0.019462
1756998291.198,latency_s,0.020412
1756998291.199,latency_s,0.019188
1756998291.202,latency_s,0.018859
1756998291.210,latency_s,0.019493
1756998291.213,latency_s,0.020178
1756998291.216,latency_s,0.022524
1756998291.216,latency_s,0.021794
1756998291.216,latency_s,0.021441
1756998291.217,latency_s,0.021819
1756998291.221,latency_s,0.024456
1756998291.221,latency_s,0.024068
1756998291.221,latency_s,0.023985
1756998291.221,latency_s,0.020260
1756998291.228,latency_s,0.026474
1756998291.228,latency_s,0.026612
1756998291.228,latency_s,0.025732
1756998291.228,latency_s,0.019853
1756998291.228,latency_s,0.019475
1756998291.236,latency_s,0.020687
1756998291.274,latency_s,0.020852
1756998291.274,latency_s,0.021082
1756998291.274,latency_s,0.020637
1756998291.297,latency_s,0.019405
1756998291.300,latency_s,0.019079
1756998291.304,latency_s,0.020175
1756998291.311,latency_s,0.019113
1756998291.312,latency_s,0.018883
1756998291.313,latency_s,0.018646
1756998291.317,latency_s,0.022327
1756998291.317,latency_s,0.022477
1756998291.318,latency_s,0.021935
1756998291.319,latency_s,0.022399
1756998291.319,latency_s,0.021971
1756998291.319,latency_s,0.021666
1756998291.321,latency_s,0.019274
1756998291.321,latency_s,0.019362
1756998291.328,latency_s,0.025591
1756998291.328,latency_s,0.025548
1756998291.328,latency_s,0.019642
1756998291.332,latency_s,0.023564
1756998291.336,latency_s,0.021058
1756998291.337,latency_s,0.140041
1756998291.337,latency_s,0.039964
1756998291.372,latency_s,0.019143
1756998291.373,latency_s,0.019195
1756998291.374,latency_s,0.019588
1756998291.399,latency_s,0.020249
1756998291.400,latency_s,0.018909
1756998291.417,latency_s,0.023968
1756998291.417,latency_s,0.023566
1756998291.417,latency_s,0.022487
1756998291.417,latency_s,0.021949
1756998291.418,latency_s,0.022360
1756998291.418,latency_s,0.021100
1756998291.418,latency_s,0.021063
1756998291.418,latency_s,0.020523
1756998291.430,latency_s,0.032418
1756998291.430,latency_s,0.032016
1756998291.430,latency_s,0.027942
1756998291.430,latency_s,0.028220
1756998291.430,latency_s,0.027186
1756998291.430,latency_s,0.027217
1756998291.430,latency_s,0.021342
1756998291.430,latency_s,0.021069
1756998291.436,latency_s,0.020262
1756998291.474,latency_s,0.020475
1756998291.474,latency_s,0.020501
1756998291.475,latency_s,0.019757
1756998291.499,latency_s,0.019834
1756998291.500,latency_s,0.018796
1756998291.518,latency_s,0.023288
1756998291.518,latency_s,0.023582
1756998291.518,latency_s,0.021929
1756998291.518,latency_s,0.021114
1756998291.518,latency_s,0.020544
1756998291.518,latency_s,0.020427
1756998291.518,latency_s,0.020439
1756998291.518,latency_s,0.021326
1756998291.518,latency_s,0.019560
1756998291.518,latency_s,0.019742
1756998291.521,latency_s,0.018870
1756998291.529,latency_s,0.026973
1756998291.529,latency_s,0.026051
1756998291.529,latency_s,0.144835
1756998291.529,latency_s,0.044473
1756998291.529,latency_s,0.020067
1756998291.534,latency_s,0.024398
1756998291.535,latency_s,0.019204
1756998291.575,latency_s,0.020975
1756998291.575,latency_s,0.021066
1756998291.575,latency_s,0.020299
1756998291.599,latency_s,0.019968
1756998291.601,latency_s,0.019118
1756998291.605,latency_s,0.019367
1756998291.617,latency_s,0.022255
1756998291.617,latency_s,0.022444
1756998291.617,latency_s,0.020578
1756998291.618,latency_s,0.020056
1756998291.618,latency_s,0.019695
1756998291.618,latency_s,0.020132
1756998291.618,latency_s,0.019908
1756998291.618,latency_s,0.019657
1756998291.620,latency_s,0.020647
1756998291.620,latency_s,0.020768
1756998291.622,latency_s,0.018910
1756998291.622,latency_s,0.019394
1756998291.631,latency_s,0.026323
1756998291.632,latency_s,0.022041
1756998291.632,latency_s,0.021996
1756998291.635,latency_s,0.018971
1756998291.640,latency_s,0.137313
1756998291.641,latency_s,0.035632
1756998291.677,latency_s,0.022730
1756998291.677,latency_s,0.022812
1756998291.677,latency_s,0.020381
1756998291.700,latency_s,0.020717
1756998291.701,latency_s,0.018872
1756998291.705,latency_s,0.019282
1756998291.715,latency_s,0.020271
1756998291.715,latency_s,0.020137
1756998291.717,latency_s,0.019904
1756998291.717,latency_s,0.019126
1756998291.717,latency_s,0.019295
1756998291.717,latency_s,0.018770
1756998291.717,latency_s,0.018707
1756998291.721,latency_s,0.022863
1756998291.721,latency_s,0.021748
1756998291.721,latency_s,0.021629
1756998291.723,latency_s,0.019909
1756998291.731,latency_s,0.027931
1756998291.731,latency_s,0.024514
1756998291.731,latency_s,0.024537
1756998291.731,latency_s,0.021224
1756998291.731,latency_s,0.020952
1756998291.738,latency_s,0.021653
1756998291.775,latency_s,0.020104
1756998291.775,latency_s,0.019830
1756998291.779,latency_s,0.020972
1756998291.800,latency_s,0.020456
1756998291.802,latency_s,0.019452
1756998291.805,latency_s,0.019499
1756998291.815,latency_s,0.019638
1756998291.815,latency_s,0.019490
1756998291.819,latency_s,0.021952
1756998291.819,latency_s,0.021216
1756998291.819,latency_s,0.020700
1756998291.819,latency_s,0.020655
1756998291.819,latency_s,0.020082
1756998291.821,latency_s,0.021648
1756998291.822,latency_s,0.021716
1756998291.822,latency_s,0.021790
1756998291.822,latency_s,0.018685
1756998291.822,latency_s,0.018767
1756998291.832,latency_s,0.023851
1756998291.832,latency_s,0.023865
1756998291.832,latency_s,0.021512
1756998291.832,latency_s,0.021502
1756998291.836,latency_s,0.019080
1756998291.875,latency_s,0.020051
1756998291.875,latency_s,0.019778
1756998291.880,latency_s,0.021720
1756998291.900,latency_s,0.019919
1756998291.921,latency_s,0.038274
1756998291.921,latency_s,0.034908
1756998291.921,latency_s,0.025495
1756998291.921,latency_s,0.025306
1756998291.921,latency_s,0.023704
1756998291.921,latency_s,0.023056
1756998291.921,latency_s,0.022107
1756998291.921,latency_s,0.022239
1756998291.921,latency_s,0.021768
1756998291.922,latency_s,0.021376
1756998291.922,latency_s,0.021185
1756998291.922,latency_s,0.021191
1756998291.932,latency_s,0.028045
1756998291.932,latency_s,0.027153
1756998291.932,latency_s,0.023758
1756998291.932,latency_s,0.023805
1756998291.932,latency_s,0.021226
1756998291.932,latency_s,0.020638
1756998291.938,latency_s,0.020185
1756998291.975,latency_s,0.019280
1756998291.975,latency_s,0.018935
1756998291.979,latency_s,0.020180
1756998292.001,latency_s,0.019783
1756998292.002,latency_s,0.018663
1756998292.006,latency_s,0.019103
1756998292.016,latency_s,0.019669
1756998292.018,latency_s,0.019099
1756998292.018,latency_s,0.019562
1756998292.022,latency_s,0.021453
1756998292.023,latency_s,0.021822
1756998292.023,latency_s,0.022019
1756998292.023,latency_s,0.021931
1756998292.023,latency_s,0.022150
1756998292.023,latency_s,0.021759
1756998292.023,latency_s,0.018896
1756998292.031,latency_s,0.025764
1756998292.031,latency_s,0.022590
1756998292.031,latency_s,0.022619
1756998292.031,latency_s,0.019776
1756998292.032,latency_s,0.020045
1756998292.039,latency_s,0.020809
1756998292.076,latency_s,0.020484
1756998292.077,latency_s,0.020262
1756998292.080,latency_s,0.019821
1756998292.101,latency_s,0.019858
1756998292.103,latency_s,0.019619
1756998292.107,latency_s,0.019441
1756998292.116,latency_s,0.019366
1756998292.119,latency_s,0.020161
1756998292.119,latency_s,0.020459
1756998292.122,latency_s,0.020527
1756998292.122,latency_s,0.020751
1756998292.122,latency_s,0.020601
1756998292.122,latency_s,0.020868
1756998292.122,latency_s,0.021020
1756998292.122,latency_s,0.021376
1756998292.124,latency_s,0.019500
1756998292.126,latency_s,0.019917
1756998292.128,latency_s,0.018845
1756998292.131,latency_s,0.022216
1756998292.134,latency_s,0.022202
1756998292.134,latency_s,0.021315
1756998292.134,latency_s,0.137779
1756998292.139,latency_s,0.041839
1756998292.139,latency_s,0.020503
1756998292.176,latency_s,0.020165
1756998292.177,latency_s,0.019906
1756998292.181,latency_s,0.020261
1756998292.202,latency_s,0.020740
1756998292.203,latency_s,0.019145
1756998292.207,latency_s,0.019658
1756998292.216,latency_s,0.019065
1756998292.216,latency_s,0.018759
1756998292.219,latency_s,0.019323
1756998292.219,latency_s,0.019345
1756998292.222,latency_s,0.020565
1756998292.222,latency_s,0.020450
1756998292.222,latency_s,0.020334
1756998292.222,latency_s,0.020568
1756998292.222,latency_s,0.020636
1756998292.222,latency_s,0.020517
1756998292.225,latency_s,0.019702
1756998292.226,latency_s,0.019631
1756998292.231,latency_s,0.021653
1756998292.231,latency_s,0.021805
1756998292.232,latency_s,0.019897
1756998292.233,latency_s,0.020103
1756998292.238,latency_s,0.019634
1756998292.279,latency_s,0.021996
1756998292.279,latency_s,0.021999
1756998292.281,latency_s,0.019108
1756998292.304,latency_s,0.021871
1756998292.304,latency_s,0.019619
1756998292.307,latency_s,0.018900
1756998292.318,latency_s,0.019875
1756998292.323,latency_s,0.021900
1756998292.323,latency_s,0.021805
1756998292.323,latency_s,0.021100
1756998292.323,latency_s,0.021106
1756998292.323,latency_s,0.021837
1756998292.323,latency_s,0.021511
1756998292.323,latency_s,0.020772
1756998292.323,latency_s,0.020720
1756998292.323,latency_s,0.021111
1756998292.326,latency_s,0.020156
1756998292.327,latency_s,0.020084
1756998292.330,latency_s,0.020097
1756998292.336,latency_s,0.026318
1756998292.336,latency_s,0.024279
1756998292.337,latency_s,0.023421
1756998292.338,latency_s,0.018766
1756998292.377,latency_s,0.019950
1756998292.377,latency_s,0.019657
1756998292.384,latency_s,0.021037
1756998292.402,latency_s,0.019984
1756998292.404,latency_s,0.018747
1756998292.408,latency_s,0.019689
1756998292.417,latency_s,0.018764
1756998292.422,latency_s,0.020078
1756998292.422,latency_s,0.020106
1756998292.423,latency_s,0.019926
1756998292.425,latency_s,0.022479
1756998292.425,latency_s,0.022872
1756998292.425,latency_s,0.023034
1756998292.425,latency_s,0.021622
1756998292.425,latency_s,0.022533
1756998292.425,latency_s,0.022008
1756998292.425,latency_s,0.018773
1756998292.425,latency_s,0.018813
1756998292.433,latency_s,0.023020
1756998292.433,latency_s,0.022135
1756998292.433,latency_s,0.020736
1756998292.438,latency_s,0.024138
1756998292.440,latency_s,0.020672
1756998292.478,latency_s,0.020735
1756998292.478,latency_s,0.020437
1756998292.486,latency_s,0.020157
1756998292.503,latency_s,0.019998
1756998292.504,latency_s,0.018846
1756998292.509,latency_s,0.019950
1756998292.518,latency_s,0.019048
1756998292.527,latency_s,0.024102
1756998292.527,latency_s,0.023857
1756998292.527,latency_s,0.024155
1756998292.527,latency_s,0.023973
1756998292.527,latency_s,0.023619
1756998292.527,latency_s,0.023998
1756998292.527,latency_s,0.023993
1756998292.527,latency_s,0.022439
1756998292.527,latency_s,0.022612
1756998292.527,latency_s,0.020160
1756998292.527,latency_s,0.018591
1756998292.531,latency_s,0.018559
1756998292.534,latency_s,0.022085
1756998292.534,latency_s,0.021183
1756998292.534,latency_s,0.020304
1756998292.543,latency_s,0.023453
1756998292.579,latency_s,0.020827
1756998292.579,latency_s,0.020499
1756998292.587,latency_s,0.020973
1756998292.605,latency_s,0.021801
1756998292.605,latency_s,0.019379
1756998292.608,latency_s,0.019201
1756998292.619,latency_s,0.019801
1756998292.624,latency_s,0.020691
1756998292.624,latency_s,0.020594
1756998292.624,latency_s,0.020913
1756998292.624,latency_s,0.020500
1756998292.624,latency_s,0.020809
1756998292.624,latency_s,0.020850
1756998292.624,latency_s,0.021039
1756998292.624,latency_s,0.018749
1756998292.624,latency_s,0.018817
1756998292.627,latency_s,0.019538
1756998292.629,latency_s,0.018768
1756998292.632,latency_s,0.019631
1756998292.635,latency_s,0.022939
1756998292.635,latency_s,0.022299
1756998292.635,latency_s,0.021041
1756998292.639,latency_s,0.019402
1756998292.679,latency_s,0.020596
1756998292.679,latency_s,0.019674
1756998292.688,latency_s,0.020658
1756998292.703,latency_s,0.019868
1756998292.705,latency_s,0.019360
1756998292.709,latency_s,0.019377
1756998292.720,latency_s,0.019431
1756998292.724,latency_s,0.020311
1756998292.724,latency_s,0.020957
1756998292.724,latency_s,0.020645
1756998292.725,latency_s,0.021213
1756998292.725,latency_s,0.021170
1756998292.725,latency_s,0.021499
1756998292.725,latency_s,0.021337
1756998292.725,latency_s,0.018970
1756998292.725,latency_s,0.019243
1756998292.728,latency_s,0.020252
1756998292.729,latency_s,0.018661
1756998292.731,latency_s,0.018367
1756998292.735,latency_s,0.022495
1756998292.735,latency_s,0.021450
1756998292.735,latency_s,0.020442
1756998292.740,latency_s,0.019519
1756998292.779,latency_s,0.020447
1756998292.779,latency_s,0.019554
1756998292.789,latency_s,0.018960
1756998292.804,latency_s,0.020596
1756998292.806,latency_s,0.019511
1756998292.811,latency_s,0.020405
1756998292.821,latency_s,0.019630
1756998292.824,latency_s,0.020212
1756998292.824,latency_s,0.020063
1756998292.824,latency_s,0.020336
1756998292.824,latency_s,0.020288
1756998292.825,latency_s,0.020888
1756998292.825,latency_s,0.020009
1756998292.825,latency_s,0.020735
1756998292.825,latency_s,0.018801
1756998292.825,latency_s,0.018887
1756998292.830,latency_s,0.021641
1756998292.830,latency_s,0.019476
1756998292.833,latency_s,0.019746
1756998292.836,latency_s,0.022912
1756998292.836,latency_s,0.022061
1756998292.836,latency_s,0.021132
1756998292.840,latency_s,0.019049
1756998292.880,latency_s,0.020563
1756998292.880,latency_s,0.019611
1756998292.893,latency_s,0.020803
1756998292.905,latency_s,0.018979
1756998292.906,latency_s,0.019258
1756998292.911,latency_s,0.020366
1756998292.922,latency_s,0.019024
1756998292.925,latency_s,0.020754
1756998292.925,latency_s,0.020663
1756998292.925,latency_s,0.020659
1756998292.925,latency_s,0.020780
1756998292.925,latency_s,0.020427
1756998292.927,latency_s,0.020517
1756998292.928,latency_s,0.020529
1756998292.928,latency_s,0.020402
1756998292.928,latency_s,0.019915
1756998292.928,latency_s,0.019218
1756998292.930,latency_s,0.018852
1756998292.932,latency_s,0.018437
1756998292.933,latency_s,0.018873
1756998292.933,latency_s,0.018449
1756998292.935,latency_s,0.019256
1756998292.941,latency_s,0.019258
1756998292.979,latency_s,0.019295
1756998292.980,latency_s,0.019202
1756998292.994,latency_s,0.020374
1756998293.005,latency_s,0.019275
1756998293.006,latency_s,0.018798
1756998293.011,latency_s,0.019924
1756998293.028,latency_s,0.022735
1756998293.028,latency_s,0.022788
1756998293.028,latency_s,0.023168
1756998293.028,latency_s,0.022661
1756998293.028,latency_s,0.022590
1756998293.028,latency_s,0.022604
1756998293.028,latency_s,0.019842
1756998293.028,latency_s,0.019748
1756998293.028,latency_s,0.019772
1756998293.028,latency_s,0.019770
1756998293.028,latency_s,0.019130
1756998293.031,latency_s,0.019231
1756998293.033,latency_s,0.018988
1756998293.034,latency_s,0.018711
1756998293.034,latency_s,0.018521
1756998293.034,latency_s,0.018171
1756998293.044,latency_s,0.022516
1756998293.080,latency_s,0.019789
1756998293.083,latency_s,0.019739
1756998293.094,latency_s,0.019205
1756998293.107,latency_s,0.018989
1756998293.107,latency_s,0.019110
1756998293.111,latency_s,0.019113
1756998293.126,latency_s,0.021508
1756998293.128,latency_s,0.022743
1756998293.128,latency_s,0.022844
1756998293.128,latency_s,0.022733
1756998293.128,latency_s,0.022603
1756998293.128,latency_s,0.022637
1756998293.128,latency_s,0.019616
1756998293.128,latency_s,0.019835
1756998293.128,latency_s,0.019677
1756998293.128,latency_s,0.019865
1756998293.128,latency_s,0.019176
1756998293.131,latency_s,0.019531
1756998293.134,latency_s,0.019423
1756998293.134,latency_s,0.018637
1756998293.134,latency_s,0.018892
1756998293.134,latency_s,0.018176
1756998293.143,latency_s,0.021174
1756998293.181,latency_s,0.020924
1756998293.182,latency_s,0.018699
1756998293.197,latency_s,0.019682
1756998293.209,latency_s,0.021148
1756998293.209,latency_s,0.021095
1756998293.212,latency_s,0.019385
1756998293.226,latency_s,0.020623
1756998293.226,latency_s,0.020748
1756998293.226,latency_s,0.020290
1756998293.226,latency_s,0.020590
1756998293.226,latency_s,0.020952
1756998293.227,latency_s,0.020705
1756998293.231,latency_s,0.022564
1756998293.231,latency_s,0.022379
1756998293.231,latency_s,0.022285
1756998293.231,latency_s,0.022439
1756998293.232,latency_s,0.022223
1756998293.232,latency_s,0.018857
1756998293.235,latency_s,0.020376
1756998293.235,latency_s,0.019548
1756998293.235,latency_s,0.018680
1756998293.235,latency_s,0.018300
1756998293.241,latency_s,0.018884
1756998293.282,latency_s,0.020662
1756998293.284,latency_s,0.020019
1756998293.299,latency_s,0.019477
1756998293.308,latency_s,0.019646
1756998293.308,latency_s,0.019813
1756998293.312,latency_s,0.019184
1756998293.326,latency_s,0.019886
1756998293.326,latency_s,0.019074
1756998293.330,latency_s,0.021367
1756998293.330,latency_s,0.021312
1756998293.330,latency_s,0.020680
1756998293.344,latency_s,0.034844
1756998293.344,latency_s,0.034736
1756998293.344,latency_s,0.035115
1756998293.344,latency_s,0.034305
1756998293.344,latency_s,0.034310
1756998293.344,latency_s,0.034071
1756998293.344,latency_s,0.030380
1756998293.344,latency_s,0.027973
1756998293.344,latency_s,0.026950
1756998293.344,latency_s,0.025472
1756998293.344,latency_s,0.025429
1756998293.344,latency_s,0.021183
1756998293.382,latency_s,0.020589
1756998293.385,latency_s,0.020251
1756998293.401,latency_s,0.020674
1756998293.408,latency_s,0.019239
1756998293.408,latency_s,0.019256
1756998293.413,latency_s,0.019391
1756998293.427,latency_s,0.020542
1756998293.427,latency_s,0.019783
1756998293.432,latency_s,0.022079
1756998293.432,latency_s,0.022004
1756998293.432,latency_s,0.021938
1756998293.432,latency_s,0.022246
1756998293.432,latency_s,0.022412
1756998293.432,latency_s,0.021899
1756998293.432,latency_s,0.022010
1756998293.432,latency_s,0.021837
1756998293.432,latency_s,0.022715
1756998293.436,latency_s,0.020926
1756998293.437,latency_s,0.020275
1756998293.438,latency_s,0.019302
1756998293.442,latency_s,0.021627
1756998293.442,latency_s,0.021852
1756998293.442,latency_s,0.018515
1756998293.481,latency_s,0.019690
1756998293.485,latency_s,0.019217
1756998293.500,latency_s,0.019366
1756998293.509,latency_s,0.018955
1756998293.513,latency_s,0.020837
1756998293.513,latency_s,0.019935
1756998293.531,latency_s,0.023190
1756998293.532,latency_s,0.023269
1756998293.532,latency_s,0.021413
1756998293.532,latency_s,0.021263
1756998293.532,latency_s,0.021520
1756998293.532,latency_s,0.021750
1756998293.532,latency_s,0.021231
1756998293.532,latency_s,0.022224
1756998293.532,latency_s,0.021444
1756998293.532,latency_s,0.021914
1756998293.532,latency_s,0.022225
1756998293.536,latency_s,0.020529
1756998293.545,latency_s,0.028842
1756998293.546,latency_s,0.026257
1756998293.546,latency_s,0.025297
1756998293.546,latency_s,0.025215
1756998293.546,latency_s,0.021965
1756998293.584,latency_s,0.021928
1756998293.585,latency_s,0.019072
1756998293.601,latency_s,0.019091
1756998293.609,latency_s,0.019730
1756998293.615,latency_s,0.020649
1756998293.615,latency_s,0.020959
1756998293.633,latency_s,0.024075
1756998293.634,latency_s,0.023054
1756998293.634,latency_s,0.022913
1756998293.635,latency_s,0.024550
1756998293.635,latency_s,0.024761
1756998293.635,latency_s,0.024151
1756998293.635,latency_s,0.024125
1756998293.635,latency_s,0.024045
1756998293.635,latency_s,0.023990
1756998293.635,latency_s,0.024342
1756998293.635,latency_s,0.025311
1756998293.637,latency_s,0.020239
1756998293.638,latency_s,0.020066
1756998293.640,latency_s,0.019426
1756998293.642,latency_s,0.020235
1756998293.643,latency_s,0.020804
1756998293.646,latency_s,0.022119
1756998293.684,latency_s,0.022141
1756998293.686,latency_s,0.019040
1756998293.707,latency_s,0.020563
1756998293.709,latency_s,0.018924
1756998293.716,latency_s,0.021357
1756998293.716,latency_s,0.021763
1756998293.733,latency_s,0.022037
1756998293.733,latency_s,0.022110
1756998293.733,latency_s,0.022205
1756998293.733,latency_s,0.021723
1756998293.733,latency_s,0.021776
1756998293.733,latency_s,0.021199
1756998293.733,latency_s,0.022089
1756998293.733,latency_s,0.022066
1756998293.733,latency_s,0.021610
1756998293.733,latency_s,0.021437
1756998293.733,latency_s,0.022071
1756998293.738,latency_s,0.020855
1756998293.739,latency_s,0.020099
1756998293.747,latency_s,0.025578
1756998293.747,latency_s,0.023084
1756998293.747,latency_s,0.022649
1756998293.747,latency_s,0.022197
1756998293.783,latency_s,0.020828
1756998293.787,latency_s,0.018403
1756998293.808,latency_s,0.021492
1756998293.810,latency_s,0.019391
1756998293.814,latency_s,0.019242
1756998293.815,latency_s,0.019907
1756998293.833,latency_s,0.021913
1756998293.833,latency_s,0.021992
1756998293.833,latency_s,0.021416
1756998293.833,latency_s,0.022040
1756998293.833,latency_s,0.021123
1756998293.833,latency_s,0.021076
1756998293.833,latency_s,0.021217
1756998293.833,latency_s,0.020949
1756998293.833,latency_s,0.020343
1756998293.833,latency_s,0.020393
1756998293.834,latency_s,0.021696
1756998293.837,latency_s,0.018664
1756998293.838,latency_s,0.018647
1756998293.840,latency_s,0.018670
1756998293.844,latency_s,0.019577
1756998293.847,latency_s,0.022169
1756998293.847,latency_s,0.022204
1756998293.884,latency_s,0.021313
1756998293.889,latency_s,0.020064
1756998293.908,latency_s,0.020238
1756998293.910,latency_s,0.019071
1756998293.915,latency_s,0.019974
1756998293.915,latency_s,0.019040
1756998293.936,latency_s,0.023107
1756998293.936,latency_s,0.023271
1756998293.936,latency_s,0.023509
1756998293.936,latency_s,0.023594
1756998293.936,latency_s,0.022671
1756998293.936,latency_s,0.023438
1756998293.936,latency_s,0.023156
1756998293.936,latency_s,0.023688
1756998293.936,latency_s,0.022474
1756998293.936,latency_s,0.023190
1756998293.936,latency_s,0.022470
1756998293.939,latency_s,0.021041
1756998293.939,latency_s,0.019931
1756998293.941,latency_s,0.018581
1756998293.944,latency_s,0.018983
1756998293.944,latency_s,0.018680
1756998293.945,latency_s,0.018905
1756998293.983,latency_s,0.019470
1756998293.991,latency_s,0.019869
1756998294.010,latency_s,0.019498
1756998294.011,latency_s,0.019617
1756998294.016,latency_s,0.020185
1756998294.016,latency_s,0.018789
1756998294.038,latency_s,0.025559
1756998294.039,latency_s,0.024535
1756998294.039,latency_s,0.024508
1756998294.039,latency_s,0.025430
1756998294.039,latency_s,0.026024
1756998294.039,latency_s,0.025056
1756998294.039,latency_s,0.025864
1756998294.039,latency_s,0.026095
1756998294.039,latency_s,0.024883
1756998294.039,latency_s,0.025201
1756998294.039,latency_s,0.025057
1756998294.039,latency_s,0.020499
1756998294.041,latency_s,0.020099
1756998294.042,latency_s,0.019010
1756998294.044,latency_s,0.018536
1756998294.045,latency_s,0.019118
1756998294.045,latency_s,0.018592
1756998294.085,latency_s,0.021111
1756998294.091,latency_s,0.018995
1756998294.111,latency_s,0.019293
1756998294.111,latency_s,0.018908
1756998294.115,latency_s,0.019626
1756998294.116,latency_s,0.018864
1756998294.136,latency_s,0.023592
1756998294.136,latency_s,0.023101
1756998294.137,latency_s,0.023702
1756998294.137,latency_s,0.022727
1756998294.137,latency_s,0.023542
1756998294.137,latency_s,0.023375
1756998294.137,latency_s,0.023121
1756998294.137,latency_s,0.022863
1756998294.137,latency_s,0.022961
1756998294.137,latency_s,0.022655
1756998294.138,latency_s,0.018620
1756998294.141,latency_s,0.018566
1756998294.142,latency_s,0.018893
1756998294.145,latency_s,0.018791
1756998294.147,latency_s,0.020797
1756998294.147,latency_s,0.020623
1756998294.184,latency_s,0.019658
1756998294.191,latency_s,0.018729
1756998294.212,latency_s,0.020439
1756998294.213,latency_s,0.019067
1756998294.216,latency_s,0.019714
1756998294.219,latency_s,0.019743
1756998294.235,latency_s,0.021425
1756998294.235,latency_s,0.021366
1756998294.235,latency_s,0.021431
1756998294.235,latency_s,0.021120
1756998294.235,latency_s,0.021674
1756998294.235,latency_s,0.020877
1756998294.235,latency_s,0.020937
1756998294.235,latency_s,0.021231
1756998294.235,latency_s,0.021750
1756998294.236,latency_s,0.020808
1756998294.240,latency_s,0.020381
1756998294.244,latency_s,0.018912
1756998294.245,latency_s,0.019010
1756998294.249,latency_s,0.023056
1756998294.250,latency_s,0.021209
1756998294.250,latency_s,0.021373
1756998294.257,latency_s,0.141948
1756998294.257,latency_s,0.041844
1756998294.284,latency_s,0.019201
1756998294.292,latency_s,0.019366
1756998294.319,latency_s,0.027014
1756998294.319,latency_s,0.023645
1756998294.320,latency_s,0.023079
1756998294.321,latency_s,0.020870
1756998294.337,latency_s,0.023387
1756998294.338,latency_s,0.023372
1756998294.338,latency_s,0.022954
1756998294.338,latency_s,0.023075
1756998294.338,latency_s,0.022506
1756998294.338,latency_s,0.023062
1756998294.338,latency_s,0.022337
1756998294.338,latency_s,0.022883
1756998294.338,latency_s,0.022793
1756998294.338,latency_s,0.022471
1756998294.342,latency_s,0.026547
1756998294.342,latency_s,0.022197
1756998294.345,latency_s,0.019151
1756998294.345,latency_s,0.019204
1756998294.345,latency_s,0.018632
1756998294.350,latency_s,0.020997
1756998294.351,latency_s,0.021287
1756998294.385,latency_s,0.019769
1756998294.393,latency_s,0.020313
1756998294.412,latency_s,0.019740
1756998294.417,latency_s,0.020500
1756998294.417,latency_s,0.019817
1756998294.421,latency_s,0.020009
1756998294.441,latency_s,0.025343
1756998294.441,latency_s,0.025439
1756998294.441,latency_s,0.025207
1756998294.441,latency_s,0.025312
1756998294.441,latency_s,0.025059
1756998294.441,latency_s,0.025192
1756998294.441,latency_s,0.025088
1756998294.441,latency_s,0.024977
1756998294.441,latency_s,0.025443
1756998294.441,latency_s,0.025224
1756998294.441,latency_s,0.025347
1756998294.441,latency_s,0.021005
1756998294.447,latency_s,0.018960
1756998294.448,latency_s,0.018975
1756998294.448,latency_s,0.019449
1756998294.450,latency_s,0.020300
1756998294.450,latency_s,0.020356
1756998294.485,latency_s,0.020279
1756998294.493,latency_s,0.019712
1756998294.512,latency_s,0.019454
1756998294.518,latency_s,0.020670
1756998294.518,latency_s,0.019475
1756998294.521,latency_s,0.018907
1756998294.541,latency_s,0.024821
1756998294.541,latency_s,0.024610
1756998294.541,latency_s,0.024565
1756998294.541,latency_s,0.024457
1756998294.541,latency_s,0.024850
1756998294.541,latency_s,0.024823
1756998294.541,latency_s,0.024595
1756998294.541,latency_s,0.024669
1756998294.541,latency_s,0.024366
1756998294.541,latency_s,0.024777
1756998294.542,latency_s,0.024867
1756998294.542,latency_s,0.021019
1756998294.549,latency_s,0.019194
1756998294.549,latency_s,0.019146
1756998294.549,latency_s,0.019593
1756998294.553,latency_s,0.021635
1756998294.553,latency_s,0.021825
1756998294.585,latency_s,0.019185
1756998294.598,latency_s,0.019559
1756998294.613,latency_s,0.019537
1756998294.617,latency_s,0.019066
1756998294.619,latency_s,0.019974
1756998294.623,latency_s,0.019693
1756998294.637,latency_s,0.019940
1756998294.637,latency_s,0.019789
1756998294.637,latency_s,0.019620
1756998294.637,latency_s,0.019638
1756998294.638,latency_s,0.020614
1756998294.638,latency_s,0.019424
1756998294.638,latency_s,0.021014
1756998294.638,latency_s,0.019977
1756998294.638,latency_s,0.021438
1756998294.638,latency_s,0.020240
1756998294.638,latency_s,0.021137
1756998294.640,latency_s,0.018907
1756998294.650,latency_s,0.019804
1756998294.650,latency_s,0.019885
1756998294.650,latency_s,0.019720
1756998294.651,latency_s,0.018942
1756998294.653,latency_s,0.021903
1756998294.685,latency_s,0.018789
1756998294.697,latency_s,0.018529
1756998294.714,latency_s,0.020298
1756998294.718,latency_s,0.019695
1756998294.719,latency_s,0.019208
1756998294.725,latency_s,0.019106
1756998294.737,latency_s,0.018891
1756998294.737,latency_s,0.018822
1756998294.740,latency_s,0.022287
1756998294.740,latency_s,0.022043
1756998294.753,latency_s,0.034074
1756998294.753,latency_s,0.034355
1756998294.753,latency_s,0.034329
1756998294.753,latency_s,0.033828
1756998294.753,latency_s,0.033773
1756998294.753,latency_s,0.033653
1756998294.753,latency_s,0.032440
1756998294.753,latency_s,0.031612
1756998294.753,latency_s,0.022105
1756998294.753,latency_s,0.022167
1756998294.753,latency_s,0.022079
1756998294.753,latency_s,0.021079
1756998294.753,latency_s,0.021224
1756998294.785,latency_s,0.018964
1756998294.799,latency_s,0.018790
1756998294.813,latency_s,0.019193
1756998294.818,latency_s,0.019744
1756998294.821,latency_s,0.020029
1756998294.826,latency_s,0.019536
1756998294.840,latency_s,0.021683
1756998294.841,latency_s,0.022181
1756998294.841,latency_s,0.022640
1756998294.841,latency_s,0.020969
1756998294.841,latency_s,0.020365
1756998294.841,latency_s,0.022354
1756998294.841,latency_s,0.021814
1756998294.841,latency_s,0.022602
1756998294.841,latency_s,0.022448
1756998294.842,latency_s,0.022823
1756998294.855,latency_s,0.036080
1756998294.855,latency_s,0.033885
1756998294.856,latency_s,0.024247
1756998294.856,latency_s,0.024565
1756998294.856,latency_s,0.024639
1756998294.856,latency_s,0.023295
1756998294.887,latency_s,0.020257
1756998294.902,latency_s,0.020611
1756998294.914,latency_s,0.019302
1756998294.920,latency_s,0.020579
1756998294.925,latency_s,0.019535
1756998294.926,latency_s,0.018981
1756998294.944,latency_s,0.024834
1756998294.944,latency_s,0.024726
1756998294.944,latency_s,0.024395
1756998294.944,latency_s,0.024034
1756998294.944,latency_s,0.024745
1756998294.944,latency_s,0.023836
1756998294.944,latency_s,0.024850
1756998294.944,latency_s,0.024771
1756998294.944,latency_s,0.022884
1756998294.944,latency_s,0.022323
1756998294.944,latency_s,0.023046
1756998294.945,latency_s,0.023313
1756998294.950,latency_s,0.018634
1756998294.953,latency_s,0.019979
1756998294.959,latency_s,0.024250
1756998294.959,latency_s,0.024458
1756998294.977,latency_s,0.145260
1756998294.978,latency_s,0.042724
1756998294.987,latency_s,0.020286
1756998295.002,latency_s,0.020168
1756998295.013,latency_s,0.018511
1756998295.020,latency_s,0.020601
1756998295.027,latency_s,0.019456
1756998295.027,latency_s,0.019472
1756998295.041,latency_s,0.021507
1756998295.041,latency_s,0.020850
1756998295.041,latency_s,0.021467
1756998295.041,latency_s,0.021462
1756998295.041,latency_s,0.021763
1756998295.042,latency_s,0.021551
1756998295.042,latency_s,0.022220
1756998295.042,latency_s,0.020103
1756998295.042,latency_s,0.019832
1756998295.042,latency_s,0.019617
1756998295.042,latency_s,0.020125
1756998295.045,latency_s,0.023432
1756998295.051,latency_s,0.019334
1756998295.052,latency_s,0.018718
1756998295.056,latency_s,0.020647
1756998295.056,latency_s,0.019878
1756998295.057,latency_s,0.020766
1756998295.087,latency_s,0.019426
1756998295.102,latency_s,0.019482
1756998295.115,latency_s,0.020177
1756998295.119,latency_s,0.019380
1756998295.131,latency_s,0.020784
1756998295.131,latency_s,0.021104
1756998295.142,latency_s,0.021942
1756998295.142,latency_s,0.022562
1756998295.142,latency_s,0.022025
1756998295.142,latency_s,0.022478
1756998295.142,latency_s,0.022344
1756998295.142,latency_s,0.022553
1756998295.142,latency_s,0.022193
1756998295.142,latency_s,0.020726
1756998295.142,latency_s,0.020535
1756998295.143,latency_s,0.020839
1756998295.143,latency_s,0.020384
1756998295.147,latency_s,0.025081
1756998295.153,latency_s,0.020043
1756998295.156,latency_s,0.022377
1756998295.158,latency_s,0.021159
1756998295.159,latency_s,0.021441
1756998295.159,latency_s,0.021644
1756998295.188,latency_s,0.020068
1756998295.203,latency_s,0.019380
1756998295.215,latency_s,0.019871
1756998295.219,latency_s,0.018772
1756998295.230,latency_s,0.019335
1756998295.233,latency_s,0.020305
1756998295.241,latency_s,0.020656
1756998295.241,latency_s,0.020751
1756998295.241,latency_s,0.021006
1756998295.242,latency_s,0.021430
1756998295.242,latency_s,0.021545
1756998295.242,latency_s,0.021476
1756998295.242,latency_s,0.021101
1756998295.242,latency_s,0.019257
1756998295.242,latency_s,0.019583
1756998295.242,latency_s,0.019422
1756998295.242,latency_s,0.019734
1756998295.242,latency_s,0.019279
1756998295.255,latency_s,0.021512
1756998295.255,latency_s,0.021480
1756998295.258,latency_s,0.020207
1756998295.258,latency_s,0.020119
1756998295.258,latency_s,0.019896
1756998295.289,latency_s,0.020793
1756998295.306,latency_s,0.019049
1756998295.315,latency_s,0.019322
1756998295.321,latency_s,0.020679
1756998295.332,latency_s,0.019289
1756998295.340,latency_s,0.019881
1756998295.340,latency_s,0.019947
1756998295.340,latency_s,0.019339
1756998295.340,latency_s,0.019742
1756998295.340,latency_s,0.019417
1756998295.340,latency_s,0.019984
1756998295.340,latency_s,0.019713
1756998295.343,latency_s,0.020229
1756998295.343,latency_s,0.020146
1756998295.343,latency_s,0.019238
1756998295.343,latency_s,0.019246
1756998295.343,latency_s,0.019354
1756998295.354,latency_s,0.019721
1756998295.354,latency_s,0.019665
1756998295.359,latency_s,0.020798
1756998295.359,latency_s,0.020758
1756998295.359,latency_s,0.020538
1756998295.388,latency_s,0.019545
1756998295.408,latency_s,0.019446
1756998295.416,latency_s,0.019486
1756998295.420,latency_s,0.019239
1756998295.434,latency_s,0.019518
1756998295.441,latency_s,0.020259
1756998295.441,latency_s,0.020316
1756998295.441,latency_s,0.020255
1756998295.441,latency_s,0.019462
1756998295.441,latency_s,0.019409
1756998295.441,latency_s,0.019542
1756998295.441,latency_s,0.019219
1756998295.444,latency_s,0.020204
1756998295.444,latency_s,0.020191
1756998295.444,latency_s,0.019860
1756998295.444,latency_s,0.019918
1756998295.445,latency_s,0.020070
1756998295.447,latency_s,0.135978
1756998295.449,latency_s,0.037832
1756998295.456,latency_s,0.021770
1756998295.456,latency_s,0.021839
1756998295.459,latency_s,0.020403
1756998295.459,latency_s,0.020435
1756998295.460,latency_s,0.020749
1756998295.489,latency_s,0.019567
1756998295.508,latency_s,0.019194
1756998295.516,latency_s,0.019044
1756998295.521,latency_s,0.019979
1756998295.532,latency_s,0.020214
1756998295.535,latency_s,0.019208
1756998295.542,latency_s,0.021318
1756998295.542,latency_s,0.021264
1756998295.543,latency_s,0.020789
1756998295.543,latency_s,0.020211
1756998295.543,latency_s,0.020741
1756998295.543,latency_s,0.020931
1756998295.544,latency_s,0.021026
1756998295.544,latency_s,0.019117
1756998295.544,latency_s,0.019126
1756998295.544,latency_s,0.018851
1756998295.544,latency_s,0.018775
1756998295.544,latency_s,0.018554
1756998295.554,latency_s,0.019436
1756998295.560,latency_s,0.024700
1756998295.560,latency_s,0.020455
1756998295.560,latency_s,0.020482
1756998295.560,latency_s,0.020611
1756998295.589,latency_s,0.019569
1756998295.609,latency_s,0.019204
1756998295.637,latency_s,0.039344
1756998295.637,latency_s,0.034988
1756998295.637,latency_s,0.023230
1756998295.649,latency_s,0.031690
1756998295.649,latency_s,0.027945
1756998295.649,latency_s,0.027721
1756998295.650,latency_s,0.026455
1756998295.650,latency_s,0.026603
1756998295.650,latency_s,0.027076
1756998295.650,latency_s,0.026692
1756998295.650,latency_s,0.026867
1756998295.650,latency_s,0.025055
1756998295.650,latency_s,0.024684
1756998295.653,latency_s,0.027905
1756998295.653,latency_s,0.027325
1756998295.653,latency_s,0.027511
1756998295.654,latency_s,0.018823
1756998295.654,latency_s,0.018895
1756998295.660,latency_s,0.020071
1756998295.660,latency_s,0.020142
1756998295.660,latency_s,0.019587
1756998295.689,latency_s,0.019558
1756998295.710,latency_s,0.019402
1756998295.719,latency_s,0.020866
1756998295.722,latency_s,0.020118
1756998295.736,latency_s,0.020681
1756998295.738,latency_s,0.019829
1756998295.740,latency_s,0.018553
1756998295.745,latency_s,0.020791
1756998295.745,latency_s,0.020564
1756998295.745,latency_s,0.019413
1756998295.748,latency_s,0.022817
1756998295.748,latency_s,0.022678
1756998295.749,latency_s,0.022678
1756998295.751,latency_s,0.024817
1756998295.751,latency_s,0.024727
1756998295.751,latency_s,0.025199
1756998295.751,latency_s,0.024492
1756998295.751,latency_s,0.024616
1756998295.756,latency_s,0.020259
1756998295.756,latency_s,0.020205
1756998295.760,latency_s,0.020586
1756998295.761,latency_s,0.020513
1756998295.762,latency_s,0.021429
1756998295.789,latency_s,0.018918
1756998295.810,latency_s,0.019358
1756998295.818,latency_s,0.019529
1756998295.822,latency_s,0.019499
1756998295.837,latency_s,0.020862
1756998295.839,latency_s,0.019223
1756998295.842,latency_s,0.019778
1756998295.844,latency_s,0.019210
1756998295.845,latency_s,0.020163
1756998295.846,latency_s,0.019925
1756998295.846,latency_s,0.020144
1756998295.846,latency_s,0.019544
1756998295.846,latency_s,0.019643
1756998295.846,latency_s,0.019101
1756998295.852,latency_s,0.025799
1756998295.852,latency_s,0.025183
1756998295.852,latency_s,0.025602
1756998295.852,latency_s,0.025550
1756998295.857,latency_s,0.020550
1756998295.857,latency_s,0.020766
1756998295.861,latency_s,0.020997
1756998295.862,latency_s,0.021128
1756998295.862,latency_s,0.021766
1756998295.892,latency_s,0.020813
1756998295.912,latency_s,0.019861
1756998295.917,latency_s,0.018793
1756998295.921,latency_s,0.018690
1756998295.935,latency_s,0.018762
1756998295.940,latency_s,0.018928
1756998295.942,latency_s,0.019616
1756998295.944,latency_s,0.018460
1756998295.947,latency_s,0.020771
1756998295.947,latency_s,0.020947
1756998295.947,latency_s,0.020406
1756998295.947,latency_s,0.020019
1756998295.947,latency_s,0.019763
1756998295.947,latency_s,0.018402
1756998295.950,latency_s,0.021333
1756998295.950,latency_s,0.021384
1756998295.950,latency_s,0.021801
1756998295.951,latency_s,0.021969
1756998295.957,latency_s,0.020495
1756998295.957,latency_s,0.019950
1756998295.959,latency_s,0.018916
1756998295.962,latency_s,0.019438
1756998295.990,latency_s,0.018607
1756998296.014,latency_s,0.020248
1756998296.020,latency_s,0.021619
1756998296.023,latency_s,0.019933
1756998296.038,latency_s,0.021012
1756998296.042,latency_s,0.019212
1756998296.043,latency_s,0.019574
1756998296.050,latency_s,0.023289
1756998296.050,latency_s,0.023134
1756998296.050,latency_s,0.022789
1756998296.050,latency_s,0.023262
1756998296.050,latency_s,0.023734
1756998296.050,latency_s,0.023233
1756998296.050,latency_s,0.021268
1756998296.053,latency_s,0.024262
1756998296.054,latency_s,0.024168
1756998296.054,latency_s,0.024382
1756998296.054,latency_s,0.024370
1756998296.058,latency_s,0.020568
1756998296.058,latency_s,0.020097
1756998296.062,latency_s,0.020560
1756998296.065,latency_s,0.022810
1756998296.083,latency_s,0.141764
1756998296.083,latency_s,0.041572
1756998296.091,latency_s,0.019317
1756998296.115,latency_s,0.019878
1756998296.120,latency_s,0.020562
1756998296.123,latency_s,0.019752
1756998296.137,latency_s,0.020054
1756998296.144,latency_s,0.020299
1756998296.144,latency_s,0.019960
1756998296.150,latency_s,0.021921
1756998296.150,latency_s,0.021975
1756998296.150,latency_s,0.021311
1756998296.150,latency_s,0.021618
1756998296.150,latency_s,0.021819
1756998296.150,latency_s,0.021839
1756998296.150,latency_s,0.020764
1756998296.150,latency_s,0.021362
1756998296.152,latency_s,0.022708
1756998296.152,latency_s,0.022701
1756998296.152,latency_s,0.022226
1756998296.157,latency_s,0.019837
1756998296.159,latency_s,0.020413
1756998296.162,latency_s,0.019906
1756998296.165,latency_s,0.022778
1756998296.165,latency_s,0.022254
1756998296.193,latency_s,0.021132
1756998296.219,latency_s,0.019247
1756998296.219,latency_s,0.019208
1756998296.223,latency_s,0.018924
1756998296.240,latency_s,0.021471
1756998296.243,latency_s,0.019601
1756998296.244,latency_s,0.019114
1756998296.247,latency_s,0.018267
1756998296.248,latency_s,0.019839
1756998296.248,latency_s,0.018516
1756998296.251,latency_s,0.021784
1756998296.252,latency_s,0.021797
1756998296.252,latency_s,0.021788
1756998296.252,latency_s,0.021508
1756998296.252,latency_s,0.021659
1756998296.252,latency_s,0.021736
1756998296.254,latency_s,0.023767
1756998296.254,latency_s,0.024330
1756998296.256,latency_s,0.018350
1756998296.261,latency_s,0.019146
1756998296.261,latency_s,0.018967
1756998296.263,latency_s,0.019634
1756998296.292,latency_s,0.019493
1756998296.321,latency_s,0.021135
1756998296.321,latency_s,0.020185
1756998296.324,latency_s,0.019388
1756998296.337,latency_s,0.018934
1756998296.345,latency_s,0.020470
1756998296.345,latency_s,0.019526
1756998296.348,latency_s,0.019201
1756998296.348,latency_s,0.019291
1756998296.352,latency_s,0.021591
1756998296.352,latency_s,0.021697
1756998296.352,latency_s,0.021667
1756998296.352,latency_s,0.021849
1756998296.352,latency_s,0.021219
1756998296.352,latency_s,0.021371
1756998296.352,latency_s,0.021973
1756998296.352,latency_s,0.021782
1756998296.352,latency_s,0.022050
1756998296.357,latency_s,0.019113
1756998296.363,latency_s,0.019870
1756998296.363,latency_s,0.019923
1756998296.363,latency_s,0.019020
1756998296.377,latency_s,0.137948
1756998296.377,latency_s,0.037844
1756998296.392,latency_s,0.019596
1756998296.421,latency_s,0.021080
1756998296.421,latency_s,0.020169
1756998296.424,latency_s,0.019321
1756998296.442,latency_s,0.019853
1756998296.443,latency_s,0.018727
1756998296.445,latency_s,0.019634
1756998296.448,latency_s,0.019367
1756998296.449,latency_s,0.018945
1756998296.467,latency_s,0.036678
1756998296.467,latency_s,0.036465
1756998296.467,latency_s,0.036731
1756998296.467,latency_s,0.036453
1756998296.468,latency_s,0.036724
1756998296.468,latency_s,0.037074
1756998296.468,latency_s,0.035370
1756998296.468,latency_s,0.035173
1756998296.468,latency_s,0.036584
1756998296.468,latency_s,0.029339
1756998296.468,latency_s,0.028397
1756998296.468,latency_s,0.024895
1756998296.468,latency_s,0.024635
1756998296.468,latency_s,0.023858
1756998296.493,latency_s,0.019656
1756998296.521,latency_s,0.020794
1756998296.522,latency_s,0.019890
1756998296.525,latency_s,0.019861
1756998296.544,latency_s,0.020921
1756998296.544,latency_s,0.019091
1756998296.546,latency_s,0.020300
1756998296.551,latency_s,0.020124
1756998296.551,latency_s,0.020232
1756998296.551,latency_s,0.020496
1756998296.556,latency_s,0.025030
1756998296.556,latency_s,0.025168
1756998296.556,latency_s,0.025240
1756998296.556,latency_s,0.025147
1756998296.556,latency_s,0.025235
1756998296.556,latency_s,0.024961
1756998296.558,latency_s,0.025169
1756998296.558,latency_s,0.025252
1756998296.561,latency_s,0.022043
1756998296.561,latency_s,0.020375
1756998296.563,latency_s,0.019358
1756998296.567,latency_s,0.023498
1756998296.567,latency_s,0.022925
1756998296.593,latency_s,0.019530
1756998296.620,latency_s,0.019184
1756998296.621,latency_s,0.019274
1756998296.626,latency_s,0.019868
1756998296.645,latency_s,0.022110
1756998296.645,latency_s,0.019717
1756998296.645,latency_s,0.018848
1756998296.654,latency_s,0.022270
1756998296.654,latency_s,0.022107
1756998296.654,latency_s,0.022390
1756998296.654,latency_s,0.021876
1756998296.654,latency_s,0.022229
1756998296.654,latency_s,0.022102
1756998296.654,latency_s,0.022095
1756998296.654,latency_s,0.022140
1756998296.654,latency_s,0.021689
1756998296.654,latency_s,0.020729
1756998296.654,latency_s,0.020856
1756998296.659,latency_s,0.019375
1756998296.661,latency_s,0.018998
1756998296.665,latency_s,0.020968
1756998296.665,latency_s,0.020870
1756998296.668,latency_s,0.023302
1756998296.694,latency_s,0.020138
1756998296.722,latency_s,0.020956
1756998296.722,latency_s,0.020045
1756998296.727,latency_s,0.019932
1756998296.743,latency_s,0.020104
1756998296.744,latency_s,0.018659
1756998296.746,latency_s,0.019313
1756998296.753,latency_s,0.020972
1756998296.753,latency_s,0.020936
1756998296.753,latency_s,0.021379
1756998296.753,latency_s,0.020025
1756998296.753,latency_s,0.020827
1756998296.753,latency_s,0.020391
1756998296.753,latency_s,0.021511
1756998296.753,latency_s,0.020949
1756998296.756,latency_s,0.023549
1756998296.758,latency_s,0.024208
1756998296.758,latency_s,0.024260
1756998296.761,latency_s,0.021119
1756998296.761,latency_s,0.019041
1756998296.764,latency_s,0.019849
1756998296.768,latency_s,0.024277
1756998296.769,latency_s,0.022855
1756998296.795,latency_s,0.019703
1756998296.823,latency_s,0.020910
1756998296.823,latency_s,0.020217
1756998296.828,latency_s,0.019116
1756998296.845,latency_s,0.020159
1756998296.845,latency_s,0.018743
1756998296.846,latency_s,0.019372
1756998296.852,latency_s,0.019568
1756998296.852,latency_s,0.019475
1756998296.852,latency_s,0.018921
1756998296.855,latency_s,0.022553
1756998296.855,latency_s,0.022563
1756998296.855,latency_s,0.022545
1756998296.855,latency_s,0.020656
1756998296.856,latency_s,0.023735
1756998296.878,latency_s,0.043487
1756998296.878,latency_s,0.043452
1756998296.878,latency_s,0.043478
1756998296.878,latency_s,0.038343
1756998296.878,latency_s,0.035774
1756998296.878,latency_s,0.033893
1756998296.878,latency_s,0.033993
1756998296.878,latency_s,0.031529
1756998296.896,latency_s,0.020793
1756998296.922,latency_s,0.020011
1756998296.922,latency_s,0.019072
1756998296.929,latency_s,0.020201
1756998296.946,latency_s,0.019208
1756998296.948,latency_s,0.020884
1756998296.949,latency_s,0.020152
1756998296.967,latency_s,0.034688
1756998296.967,latency_s,0.034304
1756998296.968,latency_s,0.034123
1756998296.968,latency_s,0.034142
1756998296.968,latency_s,0.034598
1756998296.968,latency_s,0.033259
1756998296.968,latency_s,0.033317
1756998296.968,latency_s,0.032762
1756998296.968,latency_s,0.032950
1756998296.968,latency_s,0.032690
1756998296.968,latency_s,0.032690
1756998296.968,latency_s,0.027552
1756998296.968,latency_s,0.024063
1756998296.968,latency_s,0.022572
1756998296.968,latency_s,0.022578
1756998296.968,latency_s,0.020478
1756998296.996,latency_s,0.020042
1756998297.023,latency_s,0.020868
1756998297.024,latency_s,0.019965
1756998297.029,latency_s,0.019164
1756998297.049,latency_s,0.021455
1756998297.049,latency_s,0.021356
1756998297.050,latency_s,0.020163
1756998297.056,latency_s,0.022341
1756998297.066,latency_s,0.031801
1756998297.066,latency_s,0.031517
1756998297.066,latency_s,0.031927
1756998297.066,latency_s,0.031815
1756998297.066,latency_s,0.031312
1756998297.066,latency_s,0.031154
1756998297.066,latency_s,0.030942
1756998297.066,latency_s,0.030447
1756998297.066,latency_s,0.030017
1756998297.066,latency_s,0.030143
1756998297.066,latency_s,0.025066
1756998297.066,latency_s,0.021871
1756998297.066,latency_s,0.020611
1756998297.066,latency_s,0.020435
1756998297.067,latency_s,0.018908
1756998297.097,latency_s,0.020529
1756998297.123,latency_s,0.020316
1756998297.123,latency_s,0.019469
1756998297.129,latency_s,0.018998
1756998297.149,latency_s,0.021145
1756998297.149,latency_s,0.020895
1756998297.150,latency_s,0.018892
1756998297.156,latency_s,0.022132
1756998297.156,latency_s,0.021909
1756998297.166,latency_s,0.030895
1756998297.166,latency_s,0.030502
1756998297.166,latency_s,0.031249
1756998297.166,latency_s,0.030963
1756998297.166,latency_s,0.030827
1756998297.166,latency_s,0.029827
1756998297.166,latency_s,0.029647
1756998297.166,latency_s,0.024766
1756998297.166,latency_s,0.021087
1756998297.166,latency_s,0.020143
1756998297.173,latency_s,0.027168
1756998297.173,latency_s,0.024297
1756998297.196,latency_s,0.019557
1756998297.224,latency_s,0.020569
1756998297.224,latency_s,0.019641
1756998297.230,latency_s,0.019326
1756998297.248,latency_s,0.019755
1756998297.257,latency_s,0.022779
1756998297.257,latency_s,0.022851
1756998297.257,latency_s,0.022473
1756998297.257,latency_s,0.022880
1756998297.257,latency_s,0.022233
1756998297.258,latency_s,0.022500
1756998297.258,latency_s,0.022722
1756998297.258,latency_s,0.021213
1756998297.258,latency_s,0.021803
1756998297.263,latency_s,0.025987
1756998297.263,latency_s,0.026031
1756998297.263,latency_s,0.020228
1756998297.273,latency_s,0.025270
1756998297.273,latency_s,0.025356
1756998297.273,latency_s,0.025253
1756998297.273,latency_s,0.023447
1756998297.281,latency_s,0.144920
1756998297.281,latency_s,0.044447
1756998297.281,latency_s,0.145857
1756998297.282,latency_s,0.045118
1756998297.296,latency_s,0.019052
1756998297.325,latency_s,0.021035
1756998297.325,latency_s,0.020118
1756998297.332,latency_s,0.021806
1756998297.350,latency_s,0.020746
1756998297.358,latency_s,0.023498
1756998297.358,latency_s,0.023351
1756998297.358,latency_s,0.023201
1756998297.358,latency_s,0.022884
1756998297.359,latency_s,0.023146
1756998297.359,latency_s,0.023091
1756998297.365,latency_s,0.029920
1756998297.365,latency_s,0.027827
1756998297.365,latency_s,0.027797
1756998297.365,latency_s,0.027818
1756998297.365,latency_s,0.027981
1756998297.366,latency_s,0.028009
1756998297.366,latency_s,0.028034
1756998297.366,latency_s,0.021821
1756998297.374,latency_s,0.026137
1756998297.374,latency_s,0.026143
1756998297.374,latency_s,0.026281
1756998297.374,latency_s,0.024347
1756998297.398,latency_s,0.020384
1756998297.426,latency_s,0.021554
1756998297.426,latency_s,0.020903
1756998297.430,latency_s,0.019003
1756998297.449,latency_s,0.020072
1756998297.457,latency_s,0.021508
1756998297.457,latency_s,0.021715
1756998297.457,latency_s,0.021158
1756998297.457,latency_s,0.021457
1756998297.457,latency_s,0.021619
1756998297.457,latency_s,0.021254
1756998297.457,latency_s,0.021485
1756998297.460,latency_s,0.020896
1756998297.464,latency_s,0.025636
1756998297.464,latency_s,0.025633
1756998297.465,latency_s,0.025389
1756998297.465,latency_s,0.025863
1756998297.465,latency_s,0.025728
1756998297.473,latency_s,0.028452
1756998297.473,latency_s,0.024244
1756998297.473,latency_s,0.024364
1756998297.474,latency_s,0.024267
1756998297.474,latency_s,0.023359
1756998297.498,latency_s,0.019871
1756998297.524,latency_s,0.019679
1756998297.524,latency_s,0.018544
1756998297.531,latency_s,0.019991
1756998297.551,latency_s,0.021490
1756998297.558,latency_s,0.022446
1756998297.558,latency_s,0.022213
1756998297.558,latency_s,0.022193
1756998297.558,latency_s,0.022121
1756998297.558,latency_s,0.022253
1756998297.558,latency_s,0.021927
1756998297.566,latency_s,0.029840
1756998297.566,latency_s,0.027587
1756998297.567,latency_s,0.027262
1756998297.567,latency_s,0.027689
1756998297.567,latency_s,0.027749
1756998297.567,latency_s,0.027532
1756998297.567,latency_s,0.019594
1756998297.573,latency_s,0.023488
1756998297.573,latency_s,0.023501
1756998297.573,latency_s,0.022474
1756998297.573,latency_s,0.021997
1756998297.598,latency_s,0.019471
1756998297.625,latency_s,0.019969
1756998297.625,latency_s,0.019030
1756998297.631,latency_s,0.019537
1756998297.650,latency_s,0.019903
1756998297.657,latency_s,0.020566
1756998297.657,latency_s,0.020401
1756998297.657,latency_s,0.020363
1756998297.657,latency_s,0.019852
1756998297.657,latency_s,0.020110
1756998297.657,latency_s,0.019926
1756998297.657,latency_s,0.019969
1756998297.665,latency_s,0.025782
1756998297.665,latency_s,0.025431
1756998297.665,latency_s,0.025295
1756998297.665,latency_s,0.025904
1756998297.665,latency_s,0.025805
1756998297.667,latency_s,0.019057
1756998297.672,latency_s,0.021605
1756998297.672,latency_s,0.021855
1756998297.672,latency_s,0.020939
1756998297.672,latency_s,0.020179
1756998297.679,latency_s,0.140180
1756998297.679,latency_s,0.040243
1756998297.699,latency_s,0.020924
1756998297.725,latency_s,0.020110
1756998297.725,latency_s,0.019073
1756998297.732,latency_s,0.019909
1756998297.750,latency_s,0.019957
1756998297.759,latency_s,0.022979
1756998297.759,latency_s,0.022772
1756998297.759,latency_s,0.022861
1756998297.760,latency_s,0.022534
1756998297.760,latency_s,0.022378
1756998297.760,latency_s,0.021418
1756998297.760,latency_s,0.021464
1756998297.760,latency_s,0.021040
1756998297.765,latency_s,0.025696
1756998297.765,latency_s,0.025698
1756998297.765,latency_s,0.025517
1756998297.765,latency_s,0.025688
1756998297.765,latency_s,0.025344
1756998297.775,latency_s,0.026791
1756998297.775,latency_s,0.024457
1756998297.775,latency_s,0.024215
1756998297.775,latency_s,0.022667
1756998297.775,latency_s,0.023499
1756998297.798,latency_s,0.019355
1756998297.826,latency_s,0.020667
1756998297.826,latency_s,0.019895
1756998297.835,latency_s,0.022204
1756998297.851,latency_s,0.019656
1756998297.855,latency_s,0.018637
1756998297.856,latency_s,0.018477
1756998297.862,latency_s,0.024839
1756998297.863,latency_s,0.024699
1756998297.863,latency_s,0.024504
1756998297.863,latency_s,0.023957
1756998297.863,latency_s,0.023035
1756998297.863,latency_s,0.024062
1756998297.867,latency_s,0.027425
1756998297.867,latency_s,0.027080
1756998297.867,latency_s,0.026770
1756998297.867,latency_s,0.026661
1756998297.867,latency_s,0.027590
1756998297.867,latency_s,0.019373
1756998297.871,latency_s,0.019946
1756998297.871,latency_s,0.020275
1756998297.871,latency_s,0.019711
1756998297.874,latency_s,0.020781
1756998297.899,latency_s,0.019685
1756998297.926,latency_s,0.020260
1756998297.926,latency_s,0.019297
1756998297.933,latency_s,0.020408
1756998297.952,latency_s,0.020950
1756998297.957,latency_s,0.020312
1756998297.958,latency_s,0.020896
1756998297.959,latency_s,0.021492
1756998297.960,latency_s,0.021819
1756998297.960,latency_s,0.021595
1756998297.960,latency_s,0.019925
1756998297.960,latency_s,0.020359
1756998297.960,latency_s,0.020409
1756998297.960,latency_s,0.020459
1756998297.960,latency_s,0.019723
1756998297.969,latency_s,0.028422
1756998297.969,latency_s,0.028028
1756998297.969,latency_s,0.027918
1756998297.975,latency_s,0.026504
1756998297.976,latency_s,0.024498
1756998297.976,latency_s,0.023827
1756998297.976,latency_s,0.023698
1756998297.976,latency_s,0.021089
1756998298.001,latency_s,0.020247
1756998298.027,latency_s,0.020868
1756998298.027,latency_s,0.019941
1756998298.033,latency_s,0.019890
1756998298.052,latency_s,0.019953
1756998298.056,latency_s,0.018949
1756998298.060,latency_s,0.020989
1756998298.060,latency_s,0.020288
1756998298.060,latency_s,0.020257
1756998298.060,latency_s,0.020197
1756998298.060,latency_s,0.019938
1756998298.060,latency_s,0.019740
1756998298.064,latency_s,0.023989
1756998298.065,latency_s,0.024032
1756998298.065,latency_s,0.021654
1756998298.066,latency_s,0.024459
1756998298.067,latency_s,0.024744
1756998298.067,latency_s,0.024198
1756998298.076,latency_s,0.025992
1756998298.076,latency_s,0.024576
1756998298.076,latency_s,0.023638
1756998298.076,latency_s,0.022895
1756998298.076,latency_s,0.021394
1756998298.103,latency_s,0.020439
1756998298.127,latency_s,0.020413
1756998298.127,latency_s,0.019382
1756998298.133,latency_s,0.019800
1756998298.152,latency_s,0.019946
1756998298.157,latency_s,0.018969
1756998298.159,latency_s,0.019794
1756998298.160,latency_s,0.019389
1756998298.160,latency_s,0.019449
1756998298.160,latency_s,0.019429
1756998298.160,latency_s,0.019183
1756998298.160,latency_s,0.019189
1756998298.160,latency_s,0.018294
1756998298.160,latency_s,0.018119
1756998298.164,latency_s,0.020560
1756998298.166,latency_s,0.022745
1756998298.166,latency_s,0.022945
1756998298.166,latency_s,0.023074
1756998298.170,latency_s,0.018897
1756998298.174,latency_s,0.022014
1756998298.174,latency_s,0.021017
1756998298.174,latency_s,0.020372
1756998298.175,latency_s,0.020068
1756998298.203,latency_s,0.019991
1756998298.227,latency_s,0.020095
1756998298.227,latency_s,0.019215
1756998298.236,latency_s,0.021931
1756998298.251,latency_s,0.019086
1756998298.258,latency_s,0.019877
1756998298.258,latency_s,0.019059
1756998298.261,latency_s,0.019327
1756998298.261,latency_s,0.019385
1756998298.261,latency_s,0.019521
1756998298.264,latency_s,0.021995
1756998298.264,latency_s,0.021980
1756998298.264,latency_s,0.021655
1756998298.264,latency_s,0.021333
1756998298.264,latency_s,0.019759
1756998298.264,latency_s,0.019794
1756998298.264,latency_s,0.019867
1756998298.266,latency_s,0.021958
1756998298.273,latency_s,0.021929
1756998298.273,latency_s,0.021485
1756998298.274,latency_s,0.021170
1756998298.276,latency_s,0.022139
1756998298.276,latency_s,0.020099
1756998298.305,latency_s,0.020950
1756998298.327,latency_s,0.019557
1756998298.328,latency_s,0.018856
1756998298.335,latency_s,0.020688
1756998298.352,latency_s,0.019718
1756998298.358,latency_s,0.018818
1756998298.359,latency_s,0.019130
1756998298.363,latency_s,0.020944
1756998298.363,latency_s,0.020787
1756998298.363,latency_s,0.021004
1756998298.363,latency_s,0.020697
1756998298.364,latency_s,0.020864
1756998298.364,latency_s,0.020747
1756998298.364,latency_s,0.018992
1756998298.364,latency_s,0.018739
1756998298.364,latency_s,0.019060
1756998298.364,latency_s,0.019079
1756998298.372,latency_s,0.019083
1756998298.374,latency_s,0.021100
1756998298.374,latency_s,0.021057
1756998298.374,latency_s,0.020257
1756998298.377,latency_s,0.019468
1756998298.405,latency_s,0.020213
1756998298.427,latency_s,0.019085
1756998298.431,latency_s,0.020175
1756998298.435,latency_s,0.019943
1756998298.453,latency_s,0.019802
1756998298.459,latency_s,0.020056
1756998298.460,latency_s,0.019348
1756998298.462,latency_s,0.019623
1756998298.463,latency_s,0.019409
1756998298.463,latency_s,0.019647
1756998298.463,latency_s,0.020137
1756998298.463,latency_s,0.019639
1756998298.465,latency_s,0.019786
1756998298.465,latency_s,0.019819
1756998298.465,latency_s,0.019822
1756998298.465,latency_s,0.019726
1756998298.466,latency_s,0.021088
1756998298.471,latency_s,0.018786
1756998298.474,latency_s,0.019709
1756998298.475,latency_s,0.020411
1756998298.475,latency_s,0.021043
1756998298.477,latency_s,0.019642
1756998298.505,latency_s,0.163201
1756998298.505,latency_s,0.062887
1756998298.506,latency_s,0.019595
1756998298.528,latency_s,0.020120
1756998298.530,latency_s,0.018950
1756998298.536,latency_s,0.020411
1756998298.555,latency_s,0.021110
1756998298.559,latency_s,0.019842
1756998298.559,latency_s,0.019001
1756998298.563,latency_s,0.020226
1756998298.563,latency_s,0.019999
1756998298.563,latency_s,0.019994
1756998298.563,latency_s,0.019701
1756998298.563,latency_s,0.019810
1756998298.564,latency_s,0.020685
1756998298.564,latency_s,0.019031
1756998298.565,latency_s,0.018760
1756998298.565,latency_s,0.018811
1756998298.565,latency_s,0.018731
1756998298.565,latency_s,0.018790
1756998298.577,latency_s,0.022350
1756998298.577,latency_s,0.022670
1756998298.577,latency_s,0.021429
1756998298.579,latency_s,0.021757
1756998298.579,latency_s,0.020995
1756998298.607,latency_s,0.019613
1756998298.628,latency_s,0.019725
1756998298.631,latency_s,0.019006
1756998298.636,latency_s,0.020020
1756998298.654,latency_s,0.019891
1756998298.659,latency_s,0.018966
1756998298.660,latency_s,0.019477
1756998298.665,latency_s,0.021509
1756998298.665,latency_s,0.021309
1756998298.665,latency_s,0.021248
1756998298.665,latency_s,0.020973
1756998298.665,latency_s,0.021151
1756998298.665,latency_s,0.021173
1756998298.665,latency_s,0.019135
1756998298.665,latency_s,0.019334
1756998298.665,latency_s,0.019216
1756998298.665,latency_s,0.019114
1756998298.667,latency_s,0.021191
1756998298.674,latency_s,0.019245
1756998298.674,latency_s,0.019191
1756998298.675,latency_s,0.018652
1756998298.677,latency_s,0.019943
1756998298.677,latency_s,0.019035
1756998298.709,latency_s,0.021249
1756998298.729,latency_s,0.020389
1756998298.731,latency_s,0.018558
1756998298.735,latency_s,0.019214
1756998298.755,latency_s,0.020959
1756998298.761,latency_s,0.021148
1756998298.762,latency_s,0.020342
1756998298.763,latency_s,0.019019
1756998298.764,latency_s,0.018817
1756998298.764,latency_s,0.018810
1756998298.764,latency_s,0.018992
1756998298.764,latency_s,0.019022
1756998298.767,latency_s,0.021774
1756998298.768,latency_s,0.021488
1756998298.768,latency_s,0.021289
1756998298.768,latency_s,0.021329
1756998298.768,latency_s,0.021392
1756998298.768,latency_s,0.021167
1756998298.774,latency_s,0.018597
1756998298.774,latency_s,0.019059
1756998298.777,latency_s,0.019778
1756998298.778,latency_s,0.019549
1756998298.778,latency_s,0.019608
1756998298.809,latency_s,0.020445
1756998298.830,latency_s,0.020344
1756998298.832,latency_s,0.018631
1756998298.837,latency_s,0.020113
1756998298.854,latency_s,0.019336
1756998298.864,latency_s,0.023487
1756998298.864,latency_s,0.022795
1756998298.864,latency_s,0.020008
1756998298.864,latency_s,0.019567
1756998298.865,latency_s,0.019309
1756998298.865,latency_s,0.018678
1756998298.865,latency_s,0.018709
1756998298.882,latency_s,0.035886
1756998298.882,latency_s,0.035758
1756998298.882,latency_s,0.035619
1756998298.882,latency_s,0.035373
1756998298.883,latency_s,0.035533
1756998298.883,latency_s,0.024517
1756998298.883,latency_s,0.024606
1756998298.883,latency_s,0.024321
1756998298.883,latency_s,0.023959
1756998298.883,latency_s,0.023827
1756998298.909,latency_s,0.019416
1756998298.929,latency_s,0.019550
1756998298.934,latency_s,0.020458
1756998298.936,latency_s,0.019499
1756998298.955,latency_s,0.019708
1756998298.960,latency_s,0.018677
1756998298.962,latency_s,0.020011
1756998298.967,latency_s,0.021375
1756998298.967,latency_s,0.020911
1756998298.967,latency_s,0.020639
1756998298.967,latency_s,0.020848
1756998298.967,latency_s,0.020021
1756998298.967,latency_s,0.020053
1756998298.967,latency_s,0.019815
1756998298.968,latency_s,0.020106
1756998298.970,latency_s,0.022025
1756998298.970,latency_s,0.022046
1756998298.979,latency_s,0.020992
1756998298.980,latency_s,0.021403
1756998298.982,latency_s,0.022861
1756998298.983,latency_s,0.022877
1756998298.983,latency_s,0.023277
1756998298.983,latency_s,0.136850
1756998298.983,latency_s,0.035801
1756998299.010,latency_s,0.020261
1756998299.030,latency_s,0.019286
1756998299.033,latency_s,0.019189
1756998299.036,latency_s,0.019104
1756998299.055,latency_s,0.019817
1756998299.063,latency_s,0.021590
1756998299.063,latency_s,0.020735
1756998299.068,latency_s,0.022004
1756998299.068,latency_s,0.021064
1756998299.068,latency_s,0.020368
1756998299.070,latency_s,0.021870
1756998299.070,latency_s,0.022042
1756998299.070,latency_s,0.021708
1756998299.070,latency_s,0.021549
1756998299.070,latency_s,0.021731
1756998299.070,latency_s,0.021499
1756998299.070,latency_s,0.022624
1756998299.070,latency_s,0.021146
1756998299.078,latency_s,0.018969
1756998299.081,latency_s,0.020680
1756998299.081,latency_s,0.019684
1756998299.081,latency_s,0.020090
1756998299.081,latency_s,0.020860
1756998299.109,latency_s,0.019052
1756998299.129,latency_s,0.018475
1756998299.133,latency_s,0.018743
1756998299.136,latency_s,0.019036
1756998299.156,latency_s,0.019709
1756998299.161,latency_s,0.018996
1756998299.162,latency_s,0.019720
1756998299.165,latency_s,0.019073
1756998299.167,latency_s,0.018919
1756998299.169,latency_s,0.021107
1756998299.169,latency_s,0.021102
1756998299.169,latency_s,0.021310
1756998299.170,latency_s,0.021467
1756998299.170,latency_s,0.020983
1756998299.170,latency_s,0.020875
1756998299.170,latency_s,0.020469
1756998299.170,latency_s,0.020784
1756998299.170,latency_s,0.019949
1756998299.178,latency_s,0.019157
1756998299.180,latency_s,0.019492
1756998299.183,latency_s,0.022358
1756998299.183,latency_s,0.021209
1756998299.183,latency_s,0.021346
1756998299.210,latency_s,0.020243
1756998299.252,latency_s,0.039729
1756998299.252,latency_s,0.036406
1756998299.252,latency_s,0.034021
1756998299.256,latency_s,0.019705
1756998299.267,latency_s,0.025725
1756998299.268,latency_s,0.024352
1756998299.268,latency_s,0.020921
1756998299.268,latency_s,0.019454
1756998299.268,latency_s,0.019247
1756998299.268,latency_s,0.019237
1756998299.268,latency_s,0.018796
1756998299.268,latency_s,0.019152
1756998299.268,latency_s,0.019000
1756998299.282,latency_s,0.033150
1756998299.282,latency_s,0.032790
1756998299.282,latency_s,0.032648
1756998299.283,latency_s,0.032414
1756998299.283,latency_s,0.023362
1756998299.283,latency_s,0.021971
1756998299.283,latency_s,0.021840
1756998299.284,latency_s,0.022088
1756998299.284,latency_s,0.022081
1756998299.310,latency_s,0.019159
1756998299.332,latency_s,0.019673
1756998299.336,latency_s,0.018834
1756998299.337,latency_s,0.018942
1756998299.356,latency_s,0.019726
1756998299.364,latency_s,0.021890
1756998299.365,latency_s,0.020975
1756998299.367,latency_s,0.019927
1756998299.369,latency_s,0.019670
1756998299.369,latency_s,0.019771
1756998299.369,latency_s,0.019730
1756998299.369,latency_s,0.019750
1756998299.370,latency_s,0.019429
1756998299.371,latency_s,0.021897
1756998299.372,latency_s,0.021804
1756998299.372,latency_s,0.022010
1756998299.372,latency_s,0.021477
1756998299.372,latency_s,0.021213
1756998299.383,latency_s,0.023230
1756998299.383,latency_s,0.022474
1756998299.384,latency_s,0.023362
1756998299.385,latency_s,0.021969
1756998299.385,latency_s,0.022041
1756998299.411,latency_s,0.019519
1756998299.432,latency_s,0.019406
1756998299.438,latency_s,0.019223
1756998299.440,latency_s,0.021193
1756998299.456,latency_s,0.019441
1756998299.464,latency_s,0.020608
1756998299.464,latency_s,0.020226
1756998299.467,latency_s,0.019260
1756998299.472,latency_s,0.022116
1756998299.472,latency_s,0.021887
1756998299.472,latency_s,0.022035
1756998299.472,latency_s,0.021897
1756998299.472,latency_s,0.022134
1756998299.472,latency_s,0.021195
1756998299.472,latency_s,0.022298
1756998299.472,latency_s,0.022477
1756998299.473,latency_s,0.022047
1756998299.473,latency_s,0.021972
1756998299.480,latency_s,0.019364
1756998299.482,latency_s,0.020184
1756998299.486,latency_s,0.023972
1756998299.486,latency_s,0.023084
1756998299.486,latency_s,0.022935
1756998299.510,latency_s,0.019085
1756998299.533,latency_s,0.019932
1756998299.539,latency_s,0.019904
1756998299.557,latency_s,0.019256
1756998299.565,latency_s,0.021950
1756998299.566,latency_s,0.021383
1756998299.567,latency_s,0.018959
1756998299.571,latency_s,0.020352
1756998299.571,latency_s,0.020857
1756998299.571,latency_s,0.020832
1756998299.571,latency_s,0.020833
1756998299.572,latency_s,0.021211
1756998299.572,latency_s,0.021331
1756998299.572,latency_s,0.021273
1756998299.572,latency_s,0.020792
1756998299.572,latency_s,0.020444
1756998299.572,latency_s,0.020736
1756998299.580,latency_s,0.019210
1756998299.584,latency_s,0.021296
1756998299.585,latency_s,0.022150
1756998299.585,latency_s,0.021757
1756998299.587,latency_s,0.023362
1756998299.611,latency_s,0.019124
1756998299.633,latency_s,0.019536
1756998299.640,latency_s,0.020074
1756998299.657,latency_s,0.137460
1756998299.657,latency_s,0.037082
1756998299.657,latency_s,0.019208
1756998299.663,latency_s,0.019721
1756998299.664,latency_s,0.019111
1756998299.667,latency_s,0.019255
1756998299.673,latency_s,0.022422
1756998299.674,latency_s,0.022746
1756998299.674,latency_s,0.022899
1756998299.674,latency_s,0.023102
1756998299.674,latency_s,0.022942
1756998299.674,latency_s,0.022771
1756998299.674,latency_s,0.023002
1756998299.674,latency_s,0.022418
1756998299.674,latency_s,0.022429
1756998299.674,latency_s,0.021289
1756998299.681,latency_s,0.020273
1756998299.685,latency_s,0.020518
1756998299.685,latency_s,0.020607
1756998299.685,latency_s,0.020334
1756998299.686,latency_s,0.022357
1756998299.713,latency_s,0.020932
1756998299.733,latency_s,0.019330
1756998299.739,latency_s,0.019279
1756998299.740,latency_s,0.019505
1756998299.758,latency_s,0.019889
1756998299.763,latency_s,0.019262
1756998299.765,latency_s,0.020372
1756998299.769,latency_s,0.020421
1756998299.773,latency_s,0.021678
1756998299.773,latency_s,0.021760
1756998299.773,latency_s,0.021600
1756998299.773,latency_s,0.021544
1756998299.773,latency_s,0.021654
1756998299.773,latency_s,0.021482
1756998299.773,latency_s,0.021069
1756998299.773,latency_s,0.021052
1756998299.773,latency_s,0.020331
1756998299.781,latency_s,0.027887
1756998299.782,latency_s,0.020189
1756998299.787,latency_s,0.022224
1756998299.787,latency_s,0.022282
1756998299.787,latency_s,0.021749
1756998299.787,latency_s,0.022341
1756998299.813,latency_s,0.020521
1756998299.835,latency_s,0.020205
1756998299.842,latency_s,0.021168
1756998299.843,latency_s,0.021370
1756998299.858,latency_s,0.019718
1756998299.865,latency_s,0.020956
1756998299.866,latency_s,0.020092
1756998299.868,latency_s,0.019361
1756998299.873,latency_s,0.021732
1756998299.873,latency_s,0.021626
1756998299.873,latency_s,0.021361
1756998299.873,latency_s,0.021042
1756998299.873,latency_s,0.021570
1756998299.873,latency_s,0.021298
1756998299.873,latency_s,0.021842
1756998299.873,latency_s,0.020370
1756998299.873,latency_s,0.020830
1756998299.873,latency_s,0.019239
1756998299.881,latency_s,0.019628
1756998299.886,latency_s,0.020271
1756998299.886,latency_s,0.020041
1756998299.886,latency_s,0.020218
1756998299.888,latency_s,0.022578
1756998299.913,latency_s,0.019590
1756998299.934,latency_s,0.019222
1756998299.942,latency_s,0.020536
1756998299.942,latency_s,0.020812
1756998299.958,latency_s,0.019312
1756998299.964,latency_s,0.019353
1756998299.965,latency_s,0.018659
1756998299.970,latency_s,0.020313
1756998299.972,latency_s,0.019675
1756998299.972,latency_s,0.019534
1756998299.975,latency_s,0.022639
1756998299.975,latency_s,0.021738
1756998299.975,latency_s,0.022719
1756998299.975,latency_s,0.022428
1756998299.975,latency_s,0.021839
1756998299.975,latency_s,0.022333
1756998299.975,latency_s,0.022987
1756998299.975,latency_s,0.020176
1756998299.981,latency_s,0.018713
1756998299.985,latency_s,0.019177
1756998299.986,latency_s,0.020355
1756998299.986,latency_s,0.019512
1756998299.989,latency_s,0.020179
1756998300.035,latency_s,0.019446
1756998300.043,latency_s,0.020839
1756998300.043,latency_s,0.020515
1756998300.059,latency_s,0.019444
1756998300.065,latency_s,0.019905
1756998300.065,latency_s,0.019013
1756998300.072,latency_s,0.022451
1756998300.073,latency_s,0.020727
1756998300.073,latency_s,0.020777
1756998300.073,latency_s,0.020904
1756998300.073,latency_s,0.020513
1756998300.073,latency_s,0.020983
1756998300.073,latency_s,0.020792
1756998300.073,latency_s,0.020415
1756998300.073,latency_s,0.020034
1756998300.073,latency_s,0.019981
1756998300.075,latency_s,0.019492
1756998300.083,latency_s,0.020361
1756998300.086,latency_s,0.020273
1756998300.089,latency_s,0.022640
1756998300.089,latency_s,0.021225
1756998300.090,latency_s,0.020445
1756998300.140,latency_s,0.021943
1756998300.140,latency_s,0.146619
1756998300.140,latency_s,0.046619
1756998300.142,latency_s,0.019919
1756998300.143,latency_s,0.019737
1756998300.159,latency_s,0.019399
1756998300.164,latency_s,0.018565
1756998300.167,latency_s,0.020372
1756998300.169,latency_s,0.018846
1756998300.175,latency_s,0.022354
1756998300.175,latency_s,0.022250
1756998300.175,latency_s,0.022020
1756998300.175,latency_s,0.022414
1756998300.175,latency_s,0.022732
1756998300.175,latency_s,0.022209
1756998300.175,latency_s,0.022266
1756998300.175,latency_s,0.021608
1756998300.175,latency_s,0.021523
1756998300.175,latency_s,0.018464
1756998300.183,latency_s,0.019692
1756998300.187,latency_s,0.020562
1756998300.187,latency_s,0.020492
1756998300.191,latency_s,0.020810
1756998300.191,latency_s,0.020983
1756998300.214,latency_s,0.020062
1756998300.238,latency_s,0.019408
1756998300.244,latency_s,0.021517
1756998300.245,latency_s,0.020608
1756998300.260,latency_s,0.019451
1756998300.265,latency_s,0.019073
1756998300.266,latency_s,0.019335
1756998300.270,latency_s,0.019223
1756998300.276,latency_s,0.023496
1756998300.277,latency_s,0.022963
1756998300.277,latency_s,0.023412
1756998300.277,latency_s,0.023204
1756998300.277,latency_s,0.023459
1756998300.277,latency_s,0.023421
1756998300.277,latency_s,0.023135
1756998300.277,latency_s,0.022730
1756998300.277,latency_s,0.022053
1756998300.277,latency_s,0.019421
1756998300.284,latency_s,0.020617
1756998300.286,latency_s,0.019065
1756998300.286,latency_s,0.019361
1756998300.290,latency_s,0.019030
1756998300.291,latency_s,0.019892
1756998300.314,latency_s,0.019744
1756998300.339,latency_s,0.019489
1756998300.343,latency_s,0.019717
1756998300.345,latency_s,0.019211
1756998300.360,latency_s,0.019418
1756998300.365,latency_s,0.018870
1756998300.368,latency_s,0.020157
1756998300.375,latency_s,0.021462
1756998300.375,latency_s,0.021267
1756998300.375,latency_s,0.021296
1756998300.375,latency_s,0.020729
1756998300.375,latency_s,0.021003
1756998300.375,latency_s,0.020357
1756998300.375,latency_s,0.020953
1756998300.375,latency_s,0.020348
1756998300.375,latency_s,0.020182
1756998300.375,latency_s,0.021019
1756998300.377,latency_s,0.019266
1756998300.384,latency_s,0.020050
1756998300.386,latency_s,0.018650
1756998300.387,latency_s,0.019914
1756998300.391,latency_s,0.019314
1756998300.391,latency_s,0.019488
1756998300.414,latency_s,0.019352
1756998300.441,latency_s,0.020923
1756998300.442,latency_s,0.018645
1756998300.447,latency_s,0.019461
1756998300.461,latency_s,0.020155
1756998300.468,latency_s,0.020764
1756998300.468,latency_s,0.020169
1756998300.474,latency_s,0.020620
1756998300.475,latency_s,0.020530
1756998300.475,latency_s,0.020265
1756998300.475,latency_s,0.019502
1756998300.477,latency_s,0.021662
1756998300.477,latency_s,0.021924
1756998300.477,latency_s,0.021569
1756998300.477,latency_s,0.022082
1756998300.477,latency_s,0.021969
1756998300.478,latency_s,0.022956
1756998300.478,latency_s,0.019909
1756998300.484,latency_s,0.019692
1756998300.488,latency_s,0.020491
1756998300.488,latency_s,0.020357
1756998300.493,latency_s,0.021084
1756998300.493,latency_s,0.020886
1756998300.515,latency_s,0.019523
1756998300.541,latency_s,0.020392
1756998300.544,latency_s,0.019519
1756998300.547,latency_s,0.019406
1756998301.568,latency_s,1.026819
1756998301.569,latency_s,1.021005
1756998301.569,latency_s,1.020978
1756998301.569,latency_s,1.014726
1756998301.569,latency_s,1.014357
1756998301.569,latency_s,1.014573
1756998301.569,latency_s,1.013466
1756998301.569,latency_s,1.013433
1756998301.569,latency_s,1.013321
1756998301.569,latency_s,1.013608
1756998301.569,latency_s,1.013012
1756998301.569,latency_s,1.013006
1756998301.569,latency_s,1.013007
1756998301.569,latency_s,1.010941
1756998301.569,latency_s,1.004825
1756998301.569,latency_s,1.001009
1756998301.569,latency_s,1.000764
1756998301.569,latency_s,0.996525
1756998301.569,latency_s,0.996556
1756998301.569,latency_s,0.973687
1756998301.569,latency_s,0.948178
1756998301.570,latency_s,0.944756
1756998301.570,latency_s,0.941320
1756998301.570,latency_s,0.927763
1756998301.570,latency_s,0.921936
1756998301.570,latency_s,0.921680
1756998301.570,latency_s,0.914622
1756998301.570,latency_s,0.914940
1756998301.570,latency_s,0.914690
1756998301.570,latency_s,0.914371
1756998301.570,latency_s,0.913628
1756998301.570,latency_s,0.913640
1756998301.587,latency_s,0.931267
1756998301.587,latency_s,0.930839
1756998301.587,latency_s,0.930313
1756998301.588,latency_s,0.927977
1756998301.588,latency_s,0.923108
1756998301.588,latency_s,0.918053
1756998301.588,latency_s,0.918115
1756998301.588,latency_s,0.914777
1756998301.588,latency_s,0.914806
1756998301.589,latency_s,0.892038
1756998301.601,latency_s,0.878818
1756998301.601,latency_s,0.875446
1756998301.601,latency_s,0.871965
1756998301.601,latency_s,0.858162
1756998301.601,latency_s,0.852291
1756998301.601,latency_s,0.852234
1756998301.601,latency_s,0.845347
1756998301.601,latency_s,0.845337
1756998301.601,latency_s,0.845398
1756998301.601,latency_s,0.844576
1756998301.601,latency_s,0.844636
1756998301.601,latency_s,0.843503
1756998301.601,latency_s,0.843423
1756998301.602,latency_s,0.843477
1756998301.602,latency_s,0.843471
1756998301.602,latency_s,0.841542
1756998301.624,latency_s,0.859267
1756998301.624,latency_s,0.854001
1756998301.624,latency_s,0.853028
1756998301.624,latency_s,0.850497
1756998301.624,latency_s,0.850399
1756998301.624,latency_s,0.968188
1756998301.624,latency_s,0.866336
1756998301.624,latency_s,0.827466
1756998301.625,latency_s,0.801988
1756998301.625,latency_s,0.798861
1756998301.625,latency_s,0.795105
1756998301.625,latency_s,0.781611
1756998301.625,latency_s,0.776000
1756998301.625,latency_s,0.775755
1756998301.625,latency_s,0.767546
1756998301.625,latency_s,0.768182
1756998301.629,latency_s,0.772443
1756998301.630,latency_s,0.772885
1756998301.631,latency_s,0.772969
1756998301.632,latency_s,0.773394
1756998301.632,latency_s,0.773362
1756998301.632,latency_s,0.773004
1756998301.632,latency_s,0.773118
1756998301.632,latency_s,0.772629
1756998301.632,latency_s,0.771574
1756998301.632,latency_s,0.766824
1756998301.632,latency_s,0.761502
1756998301.632,latency_s,0.760179
1756998301.632,latency_s,0.756253
1756998301.632,latency_s,0.756571
1756998301.632,latency_s,0.734827
1756998301.632,latency_s,0.707791
1756998301.647,latency_s,0.720857
1756998301.647,latency_s,0.716155
1756998301.647,latency_s,0.703943
1756998301.648,latency_s,0.698739
1756998301.648,latency_s,0.698745
1756998301.648,latency_s,0.690925
1756998301.648,latency_s,0.690613
1756998301.648,latency_s,0.690875
1756998301.649,latency_s,0.690690
1756998301.649,latency_s,0.690323
1756998301.649,latency_s,0.690172
1756998301.649,latency_s,0.690065
1756998301.649,latency_s,0.689650
1756998301.649,latency_s,0.689432
1756998301.649,latency_s,0.689044
1756998301.649,latency_s,0.687954
1756998301.660,latency_s,0.694588
1756998301.660,latency_s,0.689276
1756998301.662,latency_s,0.689439
1756998301.662,latency_s,0.685991
1756998301.662,latency_s,0.686083
1756998301.662,latency_s,0.664392
1756998301.662,latency_s,0.636643
1756998301.662,latency_s,0.636088
1756998301.662,latency_s,0.628883
1756998301.662,latency_s,0.618559
1756998301.662,latency_s,0.612634
1756998301.663,latency_s,0.610681
1756998301.663,latency_s,0.604799
1756998301.663,latency_s,0.604525
1756998301.663,latency_s,0.604780
1756998301.663,latency_s,0.604019
1756998301.675,latency_s,0.616532
1756998301.675,latency_s,0.616766
1756998301.676,latency_s,0.616997
1756998301.676,latency_s,0.616642
1756998301.676,latency_s,0.616419
1756998301.676,latency_s,0.615734
1756998301.676,latency_s,0.614891
1756998301.677,latency_s,0.611117
1756998301.677,latency_s,0.605748
1756998301.677,latency_s,0.604131
1756998301.677,latency_s,0.600919
1756998301.677,latency_s,0.600936
1756998301.678,latency_s,0.579175
1756998301.678,latency_s,0.550523
1756998301.678,latency_s,0.550549
1756998301.678,latency_s,0.543467
1756998301.690,latency_s,0.545260
1756998301.690,latency_s,0.538272
1756998301.690,latency_s,0.537626
1756998301.691,latency_s,0.532488
1756998301.691,latency_s,0.532649
1756998301.691,latency_s,0.532273
1756998301.691,latency_s,0.532120
1756998301.691,latency_s,0.531785
1756998301.691,latency_s,0.532108
1756998301.691,latency_s,0.531891
1756998301.691,latency_s,0.531518
1756998301.691,latency_s,0.530720
1756998301.691,latency_s,0.529738
1756998301.691,latency_s,0.524964
1756998301.692,latency_s,0.519406
1756998301.692,latency_s,0.517860
1756998301.705,latency_s,0.528277
1756998301.705,latency_s,0.528157
1756998301.705,latency_s,0.506535
1756998301.705,latency_s,0.477704
1756998301.705,latency_s,0.471810
1756998301.706,latency_s,0.471051
1756998301.706,latency_s,0.460752
1756998301.706,latency_s,0.452288
1756998301.706,latency_s,0.452344
1756998301.706,latency_s,0.446988
1756998301.706,latency_s,0.446940
1756998301.706,latency_s,0.446411
1756998301.706,latency_s,0.446114
1756998301.706,latency_s,0.446048
1756998301.706,latency_s,0.446339
1756998301.706,latency_s,0.445996
1756998301.720,latency_s,0.459512
1756998301.720,latency_s,0.459079
1756998301.721,latency_s,0.458370
1756998301.721,latency_s,0.453576
1756998301.721,latency_s,0.448172
1756998301.721,latency_s,0.446699
1756998301.721,latency_s,0.562113
1756998301.721,latency_s,0.461762
1756998301.721,latency_s,0.443507
1756998301.721,latency_s,0.443827
1756998301.721,latency_s,0.421836
1756998301.721,latency_s,0.393158
1756998301.721,latency_s,0.386282
1756998301.721,latency_s,0.386141
1756998301.736,latency_s,0.390686
1756998301.736,latency_s,0.381907
1756998301.736,latency_s,0.381563
1756998301.736,latency_s,0.376996
1756998301.736,latency_s,0.376983
1756998301.736,latency_s,0.376699
1756998301.736,latency_s,0.376706
1756998301.736,latency_s,0.376420
1756998301.736,latency_s,0.376407
1756998301.736,latency_s,0.376302
1756998301.737,latency_s,0.376735
1756998301.749,latency_s,0.387858
1756998301.749,latency_s,0.387836
1756998301.749,latency_s,0.386487
1756998301.749,latency_s,0.381840
1756998301.749,latency_s,0.376461
1756998301.749,latency_s,0.375043
1756998301.749,latency_s,0.371473
1756998301.751,latency_s,0.373370
1756998301.751,latency_s,0.351726
1756998301.752,latency_s,0.323110
1756998301.752,latency_s,0.316127
1756998301.752,latency_s,0.312773
1756998301.752,latency_s,0.305896
1756998301.752,latency_s,0.297433
1756998301.752,latency_s,0.296943
1756998301.752,latency_s,0.292143
1756998301.752,latency_s,0.292055
1756998301.752,latency_s,0.291755
1756998301.752,latency_s,0.291561
1756998301.752,latency_s,0.291016
1756998301.752,latency_s,0.291219
1756998301.779,latency_s,0.317734
1756998301.779,latency_s,0.317486
1756998301.779,latency_s,0.317009
1756998301.779,latency_s,0.316953
1756998301.779,latency_s,0.315761
1756998301.779,latency_s,0.311159
1756998301.779,latency_s,0.305483
1756998301.779,latency_s,0.304207
1756998301.779,latency_s,0.300115
1756998301.779,latency_s,0.300150
1756998301.779,latency_s,0.277903
1756998301.779,latency_s,0.250264
1756998301.779,latency_s,0.243270
1756998301.779,latency_s,0.236476
1756998301.779,latency_s,0.233053
1756998301.779,latency_s,0.223660
1756998301.779,latency_s,0.223626
1756998301.779,latency_s,0.219260
1756998301.779,latency_s,0.218180
1756998301.779,latency_s,0.218263
1756998301.780,latency_s,0.219394
1756998301.780,latency_s,0.217128
1756998301.780,latency_s,0.217366
1756998301.780,latency_s,0.216513
1756998301.780,latency_s,0.217374
1756998301.780,latency_s,0.215810
1756998301.780,latency_s,0.216718
1756998301.780,latency_s,0.211379
1756998301.780,latency_s,0.206079
1756998301.780,latency_s,0.204913
1756998301.781,latency_s,0.202030
1756998301.781,latency_s,0.202082
1756998301.795,latency_s,0.193071
1756998301.795,latency_s,0.165489
1756998301.795,latency_s,0.158644
1756998301.795,latency_s,0.151748
1756998301.795,latency_s,0.148279
1756998301.795,latency_s,0.139339
1756998301.796,latency_s,0.140112
1756998301.796,latency_s,0.134216
1756998301.796,latency_s,0.134635
1756998301.796,latency_s,0.134485
1756998301.796,latency_s,0.134429
1756998301.796,latency_s,0.133096
1756998301.796,latency_s,0.132643
1756998301.796,latency_s,0.133096
1756998301.796,latency_s,0.132574
1756998301.796,latency_s,0.132520
1756998301.796,latency_s,0.132260
1756998301.797,latency_s,0.127500
1756998301.811,latency_s,0.136908
1756998301.812,latency_s,0.136057
1756998301.812,latency_s,0.132060
1756998301.812,latency_s,0.131713
1756998301.812,latency_s,0.250224
1756998301.812,latency_s,0.148268
1756998301.812,latency_s,0.109520
1756998301.812,latency_s,0.081823
1756998301.812,latency_s,0.074841
1756998301.812,latency_s,0.067899
1756998301.812,latency_s,0.064637
1756998301.812,latency_s,0.056057
1756998301.812,latency_s,0.055819
1756998301.812,latency_s,0.048332
1756998301.827,latency_s,0.063459
1756998301.827,latency_s,0.063034
1756998301.827,latency_s,0.063323
1756998301.827,latency_s,0.063515
1756998301.827,latency_s,0.063064
1756998301.827,latency_s,0.063716
1756998301.827,latency_s,0.063186
1756998301.827,latency_s,0.063503
1756998301.828,latency_s,0.063244
1756998301.842,latency_s,0.077028
1756998301.842,latency_s,0.072557
1756998301.842,latency_s,0.066810
1756998301.842,latency_s,0.065331
1756998301.842,latency_s,0.061716
1756998301.842,latency_s,0.061049
1756998301.842,latency_s,0.039222
1756998301.850,latency_s,0.019186
1756998301.857,latency_s,0.019136
1756998301.866,latency_s,0.019294
1756998301.867,latency_s,0.019568
1756998301.876,latency_s,0.019865
1756998301.876,latency_s,0.019771
1756998302.739,latency_s,0.875241
1756998302.739,latency_s,0.874968
1756998302.740,latency_s,0.875628
1756998302.740,latency_s,0.875140
1756998302.740,latency_s,0.875188
1756998302.740,latency_s,0.874793
1756998302.740,latency_s,0.874769
1756998302.740,latency_s,0.874367
1756998302.740,latency_s,0.874660
1756998302.740,latency_s,0.874197
1756998302.740,latency_s,0.874936
1756998302.740,latency_s,0.869750
1756998302.740,latency_s,0.864408
1756998302.740,latency_s,0.862984
1756998302.740,latency_s,0.859289
1756998302.740,latency_s,0.858452
1756998302.740,latency_s,0.836941
1756998302.740,latency_s,0.809305
1756998302.740,latency_s,0.802383
1756998302.740,latency_s,0.791825
1756998302.740,latency_s,0.791863
1756998302.740,latency_s,0.783265
1756998302.740,latency_s,0.783253
1756998302.740,latency_s,0.776318
1756998302.741,latency_s,0.775605
1756998302.741,latency_s,0.774723
1756998302.741,latency_s,0.776046
1756998302.741,latency_s,0.774582
1756998302.741,latency_s,0.775460
1756998302.741,latency_s,0.774828
1756998302.741,latency_s,0.775433
1756998302.741,latency_s,0.774416
1756998302.763,latency_s,0.797625
1756998302.763,latency_s,0.792775
1756998302.763,latency_s,0.787421
1756998302.763,latency_s,0.786166
1756998302.764,latency_s,0.782174
1756998302.764,latency_s,0.780593
1756998302.764,latency_s,0.759858
1756998302.764,latency_s,0.732062
1756998302.764,latency_s,0.725440
1756998302.778,latency_s,0.729218
1756998302.781,latency_s,0.731388
1756998302.787,latency_s,0.729790
1756998302.787,latency_s,0.729513
1756998302.787,latency_s,0.722039
1756998302.787,latency_s,0.721628
1756998302.787,latency_s,0.721593
1756998302.787,latency_s,0.721389
1756998302.787,latency_s,0.720991
1756998302.787,latency_s,0.721579
1756998302.787,latency_s,0.721645
1756998302.787,latency_s,0.721209
1756998302.787,latency_s,0.720783
1756998302.787,latency_s,0.720791
1756998302.788,latency_s,0.716819
1756998302.788,latency_s,0.711114
1756998302.788,latency_s,0.709642
1756998302.788,latency_s,0.705825
1756998302.788,latency_s,0.704182
1756998302.788,latency_s,0.823192
1756998302.788,latency_s,0.722048
1756998302.788,latency_s,0.683964
1756998302.788,latency_s,0.656329
1756998302.788,latency_s,0.649366
1756998302.793,latency_s,0.642305
1756998302.793,latency_s,0.642144
1756998302.793,latency_s,0.635490
1756998302.793,latency_s,0.634458
1756998302.793,latency_s,0.626636
1756998302.793,latency_s,0.626271
1756998302.793,latency_s,0.625925
1756998302.800,latency_s,0.632634
1756998302.800,latency_s,0.632919
1756998302.804,latency_s,0.636417
1756998302.804,latency_s,0.636747
1756998302.804,latency_s,0.636399
1756998302.804,latency_s,0.636804
1756998302.804,latency_s,0.637151
1756998302.804,latency_s,0.636205
1756998302.804,latency_s,0.632853
1756998302.805,latency_s,0.626218
1756998302.814,latency_s,0.636009
1756998302.815,latency_s,0.631595
1756998302.815,latency_s,0.630581
1756998302.815,latency_s,0.610036
1756998302.815,latency_s,0.582351
1756998302.815,latency_s,0.575165
1756998302.815,latency_s,0.563565
1756998302.815,latency_s,0.563427
1756998302.815,latency_s,0.557201
1756998302.820,latency_s,0.560058
1756998302.820,latency_s,0.553184
1756998302.820,latency_s,0.552865
1756998302.820,latency_s,0.553099
1756998302.820,latency_s,0.552305
1756998302.820,latency_s,0.552243
1756998302.820,latency_s,0.552086
1756998302.820,latency_s,0.551689
1756998302.820,latency_s,0.551262
1756998302.821,latency_s,0.551413
1756998302.821,latency_s,0.551426
1756998302.821,latency_s,0.551368
1756998302.821,latency_s,0.548604
1756998302.821,latency_s,0.541293
1756998302.821,latency_s,0.541087
1756998302.836,latency_s,0.552651
1756998302.836,latency_s,0.550728
1756998302.836,latency_s,0.530962
1756998302.836,latency_s,0.503268
1756998302.836,latency_s,0.496216
1756998302.836,latency_s,0.484088
1756998302.836,latency_s,0.484094
1756998302.836,latency_s,0.477652
1756998302.836,latency_s,0.474587
1756998302.836,latency_s,0.468670
1756998302.837,latency_s,0.468731
1756998302.851,latency_s,0.483892
1756998302.852,latency_s,0.483039
1756998302.852,latency_s,0.483098
1756998302.852,latency_s,0.483641
1756998302.852,latency_s,0.482858
1756998302.852,latency_s,0.482439
1756998302.852,latency_s,0.482660
1756998302.852,latency_s,0.482095
1756998302.852,latency_s,0.482089
1756998302.852,latency_s,0.479154
1756998302.852,latency_s,0.472496
1756998302.852,latency_s,0.471574
1756998302.852,latency_s,0.468704
1756998302.852,latency_s,0.466683
1756998302.852,latency_s,0.446382
1756998302.852,latency_s,0.419181
1756998302.852,latency_s,0.411864
1756998302.852,latency_s,0.399530
1756998302.852,latency_s,0.399632
1756998302.852,latency_s,0.393302
1756998302.853,latency_s,0.390518
1756998302.868,latency_s,0.400440
1756998302.868,latency_s,0.399871
1756998302.868,latency_s,0.399615
1756998302.868,latency_s,0.399365
1756998302.868,latency_s,0.400171
1756998302.868,latency_s,0.399368
1756998302.868,latency_s,0.399111
1756998302.869,latency_s,0.399224
1756998302.869,latency_s,0.398814
1756998302.869,latency_s,0.398892
1756998302.869,latency_s,0.399273
1756998302.884,latency_s,0.410454
1756998302.884,latency_s,0.403146
1756998302.884,latency_s,0.402039
1756998302.884,latency_s,0.400296
1756998302.884,latency_s,0.398234
1756998302.884,latency_s,0.377656
1756998302.884,latency_s,0.350538
1756998302.884,latency_s,0.343538
1756998302.884,latency_s,0.330734
1756998302.884,latency_s,0.329757
1756998302.884,latency_s,0.325001
1756998302.884,latency_s,0.321568
1756998302.884,latency_s,0.316435
1756998302.884,latency_s,0.315902
1756998302.884,latency_s,0.315758
1756998302.885,latency_s,0.315263
1756998302.885,latency_s,0.315607
1756998302.885,latency_s,0.314884
1756998302.899,latency_s,0.329690
1756998302.900,latency_s,0.329969
1756998302.900,latency_s,0.329508
1756998302.900,latency_s,0.329241
1756998302.900,latency_s,0.329154
1756998302.900,latency_s,0.325552
1756998302.900,latency_s,0.318717
1756998302.900,latency_s,0.316245
1756998302.900,latency_s,0.315787
1756998302.900,latency_s,0.313260
1756998302.900,latency_s,0.293264
1756998302.920,latency_s,0.286299
1756998302.920,latency_s,0.278983
1756998302.920,latency_s,0.265746
1756998302.920,latency_s,0.264238
1756998302.920,latency_s,0.260367
1756998302.920,latency_s,0.256496
1756998302.921,latency_s,0.252175
1756998302.921,latency_s,0.251681
1756998302.921,latency_s,0.251871
1756998302.921,latency_s,0.251326
1756998302.921,latency_s,0.251209
1756998302.921,latency_s,0.250716
1756998302.921,latency_s,0.250750
1756998302.921,latency_s,0.250627
1756998302.921,latency_s,0.250469
1756998302.921,latency_s,0.249772
1756998302.921,latency_s,0.250058
1756998302.921,latency_s,0.246634
1756998302.921,latency_s,0.238768
1756998302.921,latency_s,0.237256
1756998302.921,latency_s,0.237068
1756998302.935,latency_s,0.246856
1756998302.935,latency_s,0.226594
1756998302.935,latency_s,0.200086
1756998302.935,latency_s,0.192342
1756998302.935,latency_s,0.179628
1756998302.935,latency_s,0.178785
1756998302.935,latency_s,0.174515
1756998302.935,latency_s,0.169666
1756998302.935,latency_s,0.166736
1756998302.935,latency_s,0.166303
1756998302.935,latency_s,0.166496
1756998302.936,latency_s,0.165663
1756998302.936,latency_s,0.165955
1756998302.936,latency_s,0.165734
1756998302.936,latency_s,0.166366
1756998302.950,latency_s,0.179561
1756998302.950,latency_s,0.179367
1756998302.950,latency_s,0.178961
1756998302.950,latency_s,0.178357
1756998302.950,latency_s,0.175721
1756998302.950,latency_s,0.167780
1756998302.950,latency_s,0.165811
1756998302.950,latency_s,0.165649
1756998302.950,latency_s,0.161973
1756998302.950,latency_s,0.141201
1756998302.950,latency_s,0.115087
1756998302.950,latency_s,0.107698
1756998302.950,latency_s,0.094206
1756998302.951,latency_s,0.093793
1756998302.951,latency_s,0.089611
1756998302.951,latency_s,0.084159
1756998302.951,latency_s,0.081946
1756998302.951,latency_s,0.081182
1756998302.951,latency_s,0.081007
1756998302.951,latency_s,0.080411
1756998302.951,latency_s,0.080295
1756998302.951,latency_s,0.080271
1756998302.964,latency_s,0.093078
1756998302.965,latency_s,0.094424
1756998302.965,latency_s,0.093654
1756998302.965,latency_s,0.092599
1756998302.965,latency_s,0.089630
1756998302.965,latency_s,0.082044
1756998302.965,latency_s,0.080653
1756998302.966,latency_s,0.080167
1756998302.966,latency_s,0.077078
1756998302.966,latency_s,0.054820
1756998302.966,latency_s,0.029668
1756998302.966,latency_s,0.022534
1756998302.977,latency_s,0.019427
1756998302.977,latency_s,0.019591
1756998302.982,latency_s,0.019879
1756998302.987,latency_s,0.019768
1756998302.988,latency_s,0.019081
1756998302.990,latency_s,0.019860
1756998302.990,latency_s,0.019857
1756998302.990,latency_s,0.019153
1756998302.990,latency_s,0.019392
1756998302.990,latency_s,0.019414
1756998302.992,latency_s,0.020782
1756998302.992,latency_s,0.021193
1756998302.992,latency_s,0.020788
1756998302.992,latency_s,0.019485
1756998302.996,latency_s,0.019807
1756998303.003,latency_s,0.020379
1756998303.004,latency_s,0.018867
1756998303.004,latency_s,0.018504
1756998303.007,latency_s,0.137815
1756998303.007,latency_s,0.037050
1756998303.008,latency_s,0.018871
1756998303.031,latency_s,0.018912
1756998303.056,latency_s,0.019626
1756998303.063,latency_s,0.019232
1756998303.082,latency_s,0.020963
1756998303.082,latency_s,0.021140
1756998303.082,latency_s,0.019664
1756998303.087,latency_s,0.019134
1756998303.088,latency_s,0.018609
1756998303.095,latency_s,0.024220
1756998303.095,latency_s,0.023986
1756998303.095,latency_s,0.024060
1756998303.095,latency_s,0.024209
1756998303.095,latency_s,0.024175
1756998303.095,latency_s,0.023643
1756998303.095,latency_s,0.023803
1756998303.096,latency_s,0.024661
1756998303.096,latency_s,0.023451
1756998303.096,latency_s,0.021823
1756998303.096,latency_s,0.019330
1756998303.103,latency_s,0.019378
1756998303.106,latency_s,0.020003
1756998303.106,latency_s,0.019928
1756998303.108,latency_s,0.018678
1756998303.132,latency_s,0.019429
1756998303.157,latency_s,0.020203
1756998303.163,latency_s,0.018697
1756998303.180,latency_s,0.018806
1756998303.181,latency_s,0.018343
1756998303.185,latency_s,0.019908
1756998303.188,latency_s,0.019438
1756998303.189,latency_s,0.019195
1756998303.190,latency_s,0.019041
1756998303.206,latency_s,0.034909
1756998303.207,latency_s,0.035055
1756998303.207,latency_s,0.035473
1756998303.207,latency_s,0.035691
1756998303.207,latency_s,0.035624
1756998303.207,latency_s,0.035379
1756998303.207,latency_s,0.035262
1756998303.208,latency_s,0.034953
1756998303.208,latency_s,0.032958
1756998303.208,latency_s,0.031183
1756998303.208,latency_s,0.024332
1756998303.208,latency_s,0.021576
1756998303.211,latency_s,0.024676
1756998303.211,latency_s,0.021414
1756998303.233,latency_s,0.019164
1756998303.257,latency_s,0.019702
1756998303.264,latency_s,0.019441
1756998303.283,latency_s,0.020734
1756998303.283,latency_s,0.020425
1756998303.286,latency_s,0.019396
1756998303.289,latency_s,0.019417
1756998303.289,latency_s,0.019580
1756998303.293,latency_s,0.021234
1756998303.293,latency_s,0.021311
1756998303.298,latency_s,0.026110
1756998303.298,latency_s,0.025963
1756998303.298,latency_s,0.026209
1756998303.298,latency_s,0.025629
1756998303.298,latency_s,0.025711
1756998303.298,latency_s,0.026236
1756998303.298,latency_s,0.024489
1756998303.298,latency_s,0.022562
1756998303.298,latency_s,0.021639
1756998303.303,latency_s,0.019808
1756998303.308,latency_s,0.021082
1756998303.309,latency_s,0.021531
1756998303.309,latency_s,0.018816
1756998303.334,latency_s,0.019792
1756998303.356,latency_s,0.019443
1756998303.365,latency_s,0.019899
1756998303.383,latency_s,0.019599
1756998303.383,latency_s,0.019681
1756998303.390,latency_s,0.021553
1756998303.390,latency_s,0.019671
1756998303.393,latency_s,0.020569
1756998303.393,latency_s,0.020194
1756998303.393,latency_s,0.020468
1756998303.393,latency_s,0.020543
1756998303.398,latency_s,0.025331
1756998303.398,latency_s,0.026515
1756998303.398,latency_s,0.025423
1756998303.398,latency_s,0.025857
1756998303.398,latency_s,0.025968
1756998303.398,latency_s,0.023685
1756998303.398,latency_s,0.021884
1756998303.398,latency_s,0.021516
1756998303.405,latency_s,0.020791
1756998303.409,latency_s,0.020977
1756998303.410,latency_s,0.021614
1756998303.410,latency_s,0.018975
1756998303.438,latency_s,0.021941
1756998303.459,latency_s,0.021545
1756998303.465,latency_s,0.019134
1756998303.484,latency_s,0.020264
1756998303.484,latency_s,0.020109
1756998303.488,latency_s,0.018937
1756998303.490,latency_s,0.019184
1756998303.493,latency_s,0.020808
1756998303.493,latency_s,0.020256
1756998303.493,latency_s,0.020649
1756998303.493,latency_s,0.020762
1756998303.493,latency_s,0.020966
1756998303.493,latency_s,0.020806
1756998303.493,latency_s,0.020853
1756998303.493,latency_s,0.020598
1756998303.494,latency_s,0.020940
1756998303.494,latency_s,0.018634
1756998303.498,latency_s,0.021286
1756998303.499,latency_s,0.021148
1756998303.503,latency_s,0.019107
1756998303.509,latency_s,0.020431
1756998303.509,latency_s,0.020112
1756998303.511,latency_s,0.019366
1756998303.536,latency_s,0.019523
1756998303.560,latency_s,0.021145
1756998303.566,latency_s,0.019667
1756998303.584,latency_s,0.019946
1756998303.586,latency_s,0.019460
1756998303.588,latency_s,0.018720
1756998303.591,latency_s,0.019025
1756998303.592,latency_s,0.019031
1756998303.593,latency_s,0.019581
1756998303.594,latency_s,0.021281
1756998303.594,latency_s,0.021479
1756998303.600,latency_s,0.026540
1756998303.600,latency_s,0.026809
1756998303.600,latency_s,0.026817
1756998303.600,latency_s,0.026485
1756998303.600,latency_s,0.026768
1756998303.600,latency_s,0.023546
1756998303.600,latency_s,0.022622
1756998303.600,latency_s,0.022136
1756998303.606,latency_s,0.020309
1756998303.610,latency_s,0.021057
1756998303.610,latency_s,0.020984
1756998303.613,latency_s,0.020827
1756998303.638,latency_s,0.020073
1756998303.659,latency_s,0.020562
1756998303.668,latency_s,0.020516
1756998303.683,latency_s,0.019231
1756998303.688,latency_s,0.019613
1756998303.689,latency_s,0.018693
1756998303.693,latency_s,0.020347
1756998303.693,latency_s,0.020055
1756998303.693,latency_s,0.019114
1756998303.693,latency_s,0.019688
1756998303.693,latency_s,0.019805
1756998303.693,latency_s,0.019883
1756998303.693,latency_s,0.019563
1756998303.699,latency_s,0.026087
1756998303.699,latency_s,0.025663
1756998303.699,latency_s,0.025787
1756998303.700,latency_s,0.022217
1756998303.700,latency_s,0.021881
1756998303.700,latency_s,0.020215
1756998303.705,latency_s,0.019495
1756998303.710,latency_s,0.021409
1756998303.711,latency_s,0.021309
1756998303.713,latency_s,0.020118
1756998303.739,latency_s,0.019749
1756998303.759,latency_s,0.019510
1756998303.768,latency_s,0.020275
1756998303.785,latency_s,0.020640
1756998303.791,latency_s,0.019390
1756998303.793,latency_s,0.019752
1756998303.793,latency_s,0.020288
1756998303.794,latency_s,0.020524
1756998303.794,latency_s,0.020184
1756998303.794,latency_s,0.020156
1756998303.794,latency_s,0.021278
1756998303.794,latency_s,0.020326
1756998303.797,latency_s,0.023693
1756998303.800,latency_s,0.026184
1756998303.800,latency_s,0.026178
1756998303.800,latency_s,0.026330
1756998303.800,latency_s,0.022548
1756998303.801,latency_s,0.022270
1756998303.801,latency_s,0.020633
1756998303.807,latency_s,0.020534
1756998303.809,latency_s,0.019797
1756998303.809,latency_s,0.019597
1756998303.814,latency_s,0.019394
1756998303.840,latency_s,0.019615
1756998303.863,latency_s,0.023138
1756998303.869,latency_s,0.019570
1756998303.884,latency_s,0.019465
1756998303.897,latency_s,0.024843
1756998303.897,latency_s,0.024485
1756998303.897,latency_s,0.024050
1756998303.897,latency_s,0.023566
1756998303.897,latency_s,0.024210
1756998303.897,latency_s,0.023520
1756998303.897,latency_s,0.023365
1756998303.897,latency_s,0.022877
1756998303.898,latency_s,0.023270
1756998303.900,latency_s,0.025855
1756998303.900,latency_s,0.025249
1756998303.900,latency_s,0.025662
1756998303.900,latency_s,0.022219
1756998303.900,latency_s,0.021821
1756998303.900,latency_s,0.019975
1756998303.909,latency_s,0.021918
1756998303.913,latency_s,0.023598
1756998303.913,latency_s,0.023283
1756998303.916,latency_s,0.020098
1756998303.943,latency_s,0.021559
1756998303.960,latency_s,0.019408
1756998303.969,latency_s,0.019393
1756998303.984,latency_s,0.018841
1756998303.995,latency_s,0.022144
1756998303.995,latency_s,0.021779
1756998303.995,latency_s,0.021918
1756998303.995,latency_s,0.022382
1756998303.995,latency_s,0.021562
1756998303.995,latency_s,0.021414
1756998303.996,latency_s,0.021315
1756998303.996,latency_s,0.020627
1756998303.996,latency_s,0.020490
1756998303.996,latency_s,0.020625
1756998304.000,latency_s,0.023762
1756998304.000,latency_s,0.023644
1756998304.000,latency_s,0.020792
1756998304.000,latency_s,0.020850
1756998304.000,latency_s,0.018900
1756998304.011,latency_s,0.023140
1756998304.011,latency_s,0.020487
1756998304.011,latency_s,0.021065
1756998304.016,latency_s,0.019261
1756998304.042,latency_s,0.019993
1756998304.063,latency_s,0.021581
1756998304.070,latency_s,0.019538
1756998304.086,latency_s,0.019857
1756998304.094,latency_s,0.020904
1756998304.094,latency_s,0.020631
1756998304.094,latency_s,0.020040
1756998304.094,latency_s,0.020698
1756998304.094,latency_s,0.019870
1756998304.094,latency_s,0.019919
1756998304.095,latency_s,0.020453
1756998304.095,latency_s,0.019695
1756998304.095,latency_s,0.019576
1756998304.095,latency_s,0.019582
1756998304.095,latency_s,0.018941
1756998304.102,latency_s,0.025954
1756998304.102,latency_s,0.022674
1756998304.102,latency_s,0.022702
1756998304.102,latency_s,0.020642
1756998304.111,latency_s,0.022577
1756998304.111,latency_s,0.020720
1756998304.111,latency_s,0.019710
1756998304.118,latency_s,0.020015
1756998304.144,latency_s,0.019401
1756998304.161,latency_s,0.019513
1756998304.170,latency_s,0.019114
1756998304.187,latency_s,0.020076
1756998304.196,latency_s,0.022005
1756998304.196,latency_s,0.022180
1756998304.196,latency_s,0.021449
1756998304.196,latency_s,0.021840
1756998304.196,latency_s,0.021758
1756998304.196,latency_s,0.022453
1756998304.196,latency_s,0.021476
1756998304.196,latency_s,0.020957
1756998304.196,latency_s,0.020661
1756998304.196,latency_s,0.020288
1756998304.196,latency_s,0.020479
1756998304.197,latency_s,0.019967
1756998304.202,latency_s,0.021515
1756998304.202,latency_s,0.021308
1756998304.202,latency_s,0.020028
1756998304.211,latency_s,0.021796
1756998304.211,latency_s,0.020815
1756998304.211,latency_s,0.019557
1756998304.219,latency_s,0.020087
1756998304.246,latency_s,0.020228
1756998304.264,latency_s,0.021171
1756998304.272,latency_s,0.018826
1756998304.286,latency_s,0.019270
1756998304.299,latency_s,0.024514
1756998304.299,latency_s,0.023513
1756998304.299,latency_s,0.023680
1756998304.300,latency_s,0.023689
1756998304.300,latency_s,0.024016
1756998304.300,latency_s,0.023475
1756998304.300,latency_s,0.023506
1756998304.300,latency_s,0.024095
1756998304.300,latency_s,0.024169
1756998304.301,latency_s,0.023579
1756998304.301,latency_s,0.023243
1756998304.301,latency_s,0.023278
1756998304.301,latency_s,0.020832
1756998304.301,latency_s,0.020516
1756998304.301,latency_s,0.019005
1756998304.314,latency_s,0.023664
1756998304.314,latency_s,0.023108
1756998304.314,latency_s,0.022099
1756998304.318,latency_s,0.019108
1756998304.346,latency_s,0.019788
1756998304.363,latency_s,0.020440
1756998304.373,latency_s,0.019418
1756998304.387,latency_s,0.019274
1756998304.394,latency_s,0.018851
1756998304.400,latency_s,0.023894
1756998304.400,latency_s,0.023739
1756998304.400,latency_s,0.024013
1756998304.413,latency_s,0.036986
1756998304.413,latency_s,0.036767
1756998304.413,latency_s,0.036283
1756998304.413,latency_s,0.037084
1756998304.413,latency_s,0.035048
1756998304.413,latency_s,0.035041
1756998304.413,latency_s,0.035089
1756998304.413,latency_s,0.032774
1756998304.414,latency_s,0.032223
1756998304.414,latency_s,0.030638
1756998304.414,latency_s,0.022452
1756998304.414,latency_s,0.021327
1756998304.414,latency_s,0.023465
1756998304.419,latency_s,0.019321
1756998304.447,latency_s,0.018992
1756998304.465,latency_s,0.021600
1756998304.473,latency_s,0.019402
1756998304.489,latency_s,0.020480
1756998304.495,latency_s,0.019815
1756998304.497,latency_s,0.020500
1756998304.497,latency_s,0.020730
1756998304.498,latency_s,0.021500
1756998304.498,latency_s,0.020860
1756998304.498,latency_s,0.021573
1756998304.499,latency_s,0.021480
1756998304.499,latency_s,0.021440
1756998304.499,latency_s,0.020076
1756998304.499,latency_s,0.020082
1756998304.499,latency_s,0.019740
1756998304.504,latency_s,0.022984
1756998304.504,latency_s,0.022085
1756998304.504,latency_s,0.019928
1756998304.514,latency_s,0.022110
1756998304.514,latency_s,0.021983
1756998304.514,latency_s,0.021369
1756998304.518,latency_s,0.142467
1756998304.518,latency_s,0.041963
1756998304.520,latency_s,0.019292
1756998304.549,latency_s,0.020206
1756998304.563,latency_s,0.019215
1756998304.573,latency_s,0.018807
1756998304.590,latency_s,0.020797
1756998304.595,latency_s,0.019079
1756998304.596,latency_s,0.019506
1756998304.597,latency_s,0.019576
1756998304.597,latency_s,0.019015
1756998304.603,latency_s,0.024135
1756998304.603,latency_s,0.026299
1756998304.603,latency_s,0.024673
1756998304.603,latency_s,0.024650
1756998304.603,latency_s,0.025315
1756998304.603,latency_s,0.026421
1756998304.610,latency_s,0.030686
1756998304.610,latency_s,0.031429
1756998304.610,latency_s,0.029154
1756998304.610,latency_s,0.028185
1756998304.610,latency_s,0.025759
1756998304.612,latency_s,0.019762
1756998304.612,latency_s,0.020145
1756998304.613,latency_s,0.020764
1756998304.621,latency_s,0.020195
1756998304.650,latency_s,0.020296
1756998304.663,latency_s,0.019574
1756998304.674,latency_s,0.019478
1756998304.689,latency_s,0.019571
1756998304.695,latency_s,0.018747
1756998304.699,latency_s,0.021305
1756998304.699,latency_s,0.020890
1756998304.699,latency_s,0.020872
1756998304.700,latency_s,0.020990
1756998304.700,latency_s,0.020943
1756998304.700,latency_s,0.020729
1756998304.700,latency_s,0.020560
1756998304.700,latency_s,0.020542
1756998304.701,latency_s,0.022353
1756998304.711,latency_s,0.031917
1756998304.711,latency_s,0.031436
1756998304.711,latency_s,0.029240
1756998304.711,latency_s,0.027339
1756998304.711,latency_s,0.025425
1756998304.714,latency_s,0.021416
1756998304.714,latency_s,0.021257
1756998304.715,latency_s,0.021860
1756998304.720,latency_s,0.018895
1756998304.749,latency_s,0.019572
1756998304.766,latency_s,0.021721
1756998304.774,latency_s,0.018662
1756998304.790,latency_s,0.019884
1756998304.798,latency_s,0.021324
1756998304.798,latency_s,0.019517
1756998304.798,latency_s,0.019487
1756998304.798,latency_s,0.019673
1756998304.798,latency_s,0.020168
1756998304.798,latency_s,0.019218
1756998304.799,latency_s,0.019515
1756998304.799,latency_s,0.019358
1756998304.799,latency_s,0.019564
1756998304.799,latency_s,0.018944
1756998304.799,latency_s,0.019059
1756998304.799,latency_s,0.019595
1756998304.818,latency_s,0.035252
1756998304.818,latency_s,0.033416
1756998304.818,latency_s,0.030846
1756998304.818,latency_s,0.025835
1756998304.818,latency_s,0.024658
1756998304.818,latency_s,0.025175
1756998304.823,latency_s,0.019427
1756998304.852,latency_s,0.020395
1756998304.864,latency_s,0.019961
1756998304.875,latency_s,0.019619
1756998304.890,latency_s,0.019338
1756998304.898,latency_s,0.020565
1756998304.902,latency_s,0.022431
1756998304.902,latency_s,0.022697
1756998304.902,latency_s,0.022163
1756998304.902,latency_s,0.023132
1756998304.902,latency_s,0.022721
1756998304.902,latency_s,0.022328
1756998304.902,latency_s,0.022792
1756998304.902,latency_s,0.023077
1756998304.902,latency_s,0.022121
1756998304.902,latency_s,0.021811
1756998304.903,latency_s,0.023002
1756998304.903,latency_s,0.020488
1756998304.913,latency_s,0.027815
1756998304.913,latency_s,0.024882
1756998304.913,latency_s,0.020932
1756998304.913,latency_s,0.019781
1756998304.914,latency_s,0.020182
1756998304.923,latency_s,0.019221
1756998304.952,latency_s,0.019491
1756998304.964,latency_s,0.019494
1756998304.976,latency_s,0.019567
1756998304.991,latency_s,0.019996
1756998305.001,latency_s,0.024066
1756998305.002,latency_s,0.021750
1756998305.002,latency_s,0.022296
1756998305.002,latency_s,0.022229
1756998305.002,latency_s,0.022194
1756998305.002,latency_s,0.021794
1756998305.002,latency_s,0.021585
1756998305.002,latency_s,0.021435
1756998305.002,latency_s,0.021188
1756998305.003,latency_s,0.021707
1756998305.003,latency_s,0.022381
1756998305.003,latency_s,0.021222
1756998305.015,latency_s,0.031474
1756998305.015,latency_s,0.028733
1756998305.015,latency_s,0.026257
1756998305.015,latency_s,0.022716
1756998305.016,latency_s,0.021424
1756998305.019,latency_s,0.024820
1756998305.024,latency_s,0.019486
1756998305.053,latency_s,0.019823
1756998305.064,latency_s,0.019541
1756998305.077,latency_s,0.019962
1756998305.092,latency_s,0.019976
1756998305.097,latency_s,0.019079
1756998305.102,latency_s,0.021762
1756998305.102,latency_s,0.021670
1756998305.102,latency_s,0.021311
1756998305.102,latency_s,0.021759
1756998305.102,latency_s,0.021406
1756998305.102,latency_s,0.021330
1756998305.102,latency_s,0.020866
1756998305.102,latency_s,0.020943
1756998305.104,latency_s,0.022125
1756998305.104,latency_s,0.022026
1756998305.104,latency_s,0.021998
1756998305.112,latency_s,0.028110
1756998305.113,latency_s,0.024703
1756998305.113,latency_s,0.022774
1756998305.113,latency_s,0.019748
1756998305.116,latency_s,0.021652
1756998305.116,latency_s,0.021569
1756998305.125,latency_s,0.019343
1756998305.154,latency_s,0.019448
1756998305.165,latency_s,0.019011
1756998305.179,latency_s,0.019774
1756998305.191,latency_s,0.019286
1756998305.197,latency_s,0.019152
1756998305.201,latency_s,0.019897
1756998305.201,latency_s,0.020160
1756998305.201,latency_s,0.020119
1756998305.201,latency_s,0.019966
1756998305.201,latency_s,0.019538
1756998305.201,latency_s,0.019435
1756998305.201,latency_s,0.019248
1756998305.201,latency_s,0.020128
1756998305.204,latency_s,0.021978
1756998305.204,latency_s,0.021990
1756998305.204,latency_s,0.021767
1756998305.205,latency_s,0.019102
1756998305.212,latency_s,0.023196
1756998305.212,latency_s,0.021249
1756998305.212,latency_s,0.019379
1756998305.215,latency_s,0.020383
1756998305.215,latency_s,0.020113
1756998305.226,latency_s,0.019354
1756998305.254,latency_s,0.018878
1756998305.267,latency_s,0.018920
1756998305.281,latency_s,0.019368
1756998305.292,latency_s,0.019951
1756998305.298,latency_s,0.019344
1756998305.304,latency_s,0.022194
1756998305.304,latency_s,0.022503
1756998305.304,latency_s,0.022569
1756998305.304,latency_s,0.022509
1756998305.304,latency_s,0.022261
1756998305.304,latency_s,0.022141
1756998305.304,latency_s,0.022626
1756998305.304,latency_s,0.021999
1756998305.304,latency_s,0.021585
1756998305.304,latency_s,0.021072
1756998305.306,latency_s,0.023124
1756998305.306,latency_s,0.019792
1756998305.308,latency_s,0.018932
1756998305.314,latency_s,0.022118
1756998305.314,latency_s,0.020201
1756998305.314,latency_s,0.018931
1756998305.319,latency_s,0.023712
1756998305.327,latency_s,0.019411
1756998305.355,latency_s,0.019079
1756998305.369,latency_s,0.019802
1756998305.383,latency_s,0.020105
1756998305.392,latency_s,0.019427
1756998305.398,latency_s,0.019779
1756998305.402,latency_s,0.020336
1756998305.402,latency_s,0.020746
1756998305.402,latency_s,0.020624
1756998305.402,latency_s,0.020487
1756998305.402,latency_s,0.020391
1756998305.402,latency_s,0.020355
1756998305.403,latency_s,0.020678
1756998305.403,latency_s,0.020266
1756998305.403,latency_s,0.020098
1756998305.403,latency_s,0.019760
1756998305.403,latency_s,0.019650
1756998305.406,latency_s,0.018795
1756998305.410,latency_s,0.019172
1756998305.416,latency_s,0.024096
1756998305.416,latency_s,0.021762
1756998305.416,latency_s,0.020726
1756998305.416,latency_s,0.020462
1756998305.427,latency_s,0.018984
1756998305.469,latency_s,0.019259
1756998305.483,latency_s,0.018854
1756998305.492,latency_s,0.019257
1756998305.498,latency_s,0.019346
1756998305.503,latency_s,0.021148
1756998305.504,latency_s,0.021241
1756998305.504,latency_s,0.021044
1756998305.504,latency_s,0.021098
1756998305.504,latency_s,0.021022
1756998305.504,latency_s,0.021002
1756998305.504,latency_s,0.021242
1756998305.504,latency_s,0.020794
1756998305.504,latency_s,0.020999
1756998305.504,latency_s,0.020267
1756998305.504,latency_s,0.020252
1756998305.508,latency_s,0.020071
1756998305.510,latency_s,0.018827
1756998305.512,latency_s,0.019493
1756998305.513,latency_s,0.018513
1756998305.514,latency_s,0.018436
1756998305.517,latency_s,0.019947
1756998305.528,latency_s,0.020333
1756998305.571,latency_s,0.019690
1756998305.576,latency_s,0.139201
1756998305.576,latency_s,0.038808
1756998305.584,latency_s,0.019898
1756998305.600,latency_s,0.019766
1756998305.605,latency_s,0.021865
1756998305.605,latency_s,0.021807
1756998305.605,latency_s,0.021738
1756998305.605,latency_s,0.022031
1756998305.605,latency_s,0.021981
1756998305.605,latency_s,0.021915
1756998305.605,latency_s,0.021426
1756998305.605,latency_s,0.021158
1756998305.605,latency_s,0.022245
1756998305.605,latency_s,0.022128
1756998305.606,latency_s,0.022027
1756998305.607,latency_s,0.019404
1756998305.630,latency_s,0.037287
1756998305.630,latency_s,0.035461
1756998305.630,latency_s,0.035122
1756998305.630,latency_s,0.033555
1756998305.630,latency_s,0.032375
1756998305.630,latency_s,0.021345
1756998305.659,latency_s,0.020014
1756998305.672,latency_s,0.019338
1756998305.687,latency_s,0.019547
1756998305.700,latency_s,0.019675
1756998305.708,latency_s,0.023794
1756998305.708,latency_s,0.023587
1756998305.708,latency_s,0.024015
1756998305.708,latency_s,0.023608
1756998305.708,latency_s,0.024329
1756998305.708,latency_s,0.024273
1756998305.708,latency_s,0.024501
1756998305.708,latency_s,0.023877
1756998305.708,latency_s,0.024139
1756998305.709,latency_s,0.024448
1756998305.718,latency_s,0.034438
1756998305.719,latency_s,0.029246
1756998305.719,latency_s,0.144840
1756998305.719,latency_s,0.044440
1756998305.719,latency_s,0.023703
1756998305.719,latency_s,0.023376
1756998305.719,latency_s,0.021722
1756998305.719,latency_s,0.021465
1756998305.719,latency_s,0.020870
1756998305.729,latency_s,0.019572
1756998305.759,latency_s,0.019360
1756998305.775,latency_s,0.019478
1756998305.787,latency_s,0.019002
1756998305.794,latency_s,0.019803
1756998305.800,latency_s,0.019289
1756998305.807,latency_s,0.023415
1756998305.808,latency_s,0.023374
1756998305.808,latency_s,0.023259
1756998305.808,latency_s,0.023244
1756998305.808,latency_s,0.023023
1756998305.808,latency_s,0.023485
1756998305.809,latency_s,0.023885
1756998305.809,latency_s,0.024485
1756998305.809,latency_s,0.024356
1756998305.809,latency_s,0.024569
1756998305.809,latency_s,0.024871
1756998305.809,latency_s,0.019622
1756998305.816,latency_s,0.019614
1756998305.824,latency_s,0.027444
1756998305.824,latency_s,0.026137
1756998305.824,latency_s,0.026169
1756998305.824,latency_s,0.025162
1756998305.830,latency_s,0.019424
1756998305.861,latency_s,0.020419
1756998305.876,latency_s,0.020207
1756998305.888,latency_s,0.018826
1756998305.894,latency_s,0.019573
1756998305.902,latency_s,0.019870
1756998305.907,latency_s,0.023070
1756998305.907,latency_s,0.022936
1756998305.908,latency_s,0.023072
1756998305.908,latency_s,0.023040
1756998305.908,latency_s,0.023445
1756998305.908,latency_s,0.022576
1756998305.908,latency_s,0.022859
1756998305.908,latency_s,0.022309
1756998305.911,latency_s,0.024698
1756998305.911,latency_s,0.024722
1756998305.911,latency_s,0.024893
1756998305.911,latency_s,0.021021
1756998305.917,latency_s,0.019758
1756998305.923,latency_s,0.025379
1756998305.924,latency_s,0.024860
1756998305.924,latency_s,0.024374
1756998305.931,latency_s,0.019862
1756998305.961,latency_s,0.020371
1756998305.975,latency_s,0.019176
1756998305.989,latency_s,0.019335
1756998305.995,latency_s,0.019460
1756998306.004,latency_s,0.021118
1756998306.009,latency_s,0.023673
1756998306.009,latency_s,0.023535
1756998306.009,latency_s,0.023169
1756998306.009,latency_s,0.024348
1756998306.009,latency_s,0.023133
1756998306.009,latency_s,0.023365
1756998306.009,latency_s,0.022825
1756998306.009,latency_s,0.022575
1756998306.009,latency_s,0.024348
1756998306.009,latency_s,0.022845
1756998306.009,latency_s,0.022704
1756998306.009,latency_s,0.019401
1756998306.021,latency_s,0.023117
1756998306.021,latency_s,0.022821
1756998306.023,latency_s,0.024014
1756998306.023,latency_s,0.023567
1756998306.032,latency_s,0.019670
1756998306.039,latency_s,0.140126
1756998306.039,latency_s,0.039912
1756998306.063,latency_s,0.021698
1756998306.077,latency_s,0.019448
1756998306.090,latency_s,0.020033
1756998306.095,latency_s,0.019497
1756998306.107,latency_s,0.023416
1756998306.108,latency_s,0.022920
1756998306.108,latency_s,0.022401
1756998306.108,latency_s,0.022340
1756998306.108,latency_s,0.021925
1756998306.108,latency_s,0.021864
1756998306.108,latency_s,0.022010
1756998306.108,latency_s,0.021642
1756998306.108,latency_s,0.021116
1756998306.108,latency_s,0.021356
1756998306.108,latency_s,0.021209
1756998306.108,latency_s,0.021308
1756998306.123,latency_s,0.032626
1756998306.123,latency_s,0.023957
1756998306.123,latency_s,0.024336
1756998306.123,latency_s,0.021355
1756998306.123,latency_s,0.021278
1756998306.123,latency_s,0.021461
1756998306.132,latency_s,0.019099
1756998306.162,latency_s,0.019714
1756998306.178,latency_s,0.020251
1756998306.191,latency_s,0.020156
1756998306.195,latency_s,0.019346
1756998306.205,latency_s,0.019717
1756998306.211,latency_s,0.024437
1756998306.211,latency_s,0.024187
1756998306.211,latency_s,0.023719
1756998306.211,latency_s,0.024147
1756998306.211,latency_s,0.023946
1756998306.211,latency_s,0.023888
1756998306.211,latency_s,0.024446
1756998306.211,latency_s,0.024037
1756998306.211,latency_s,0.023762
1756998306.211,latency_s,0.024205
1756998306.211,latency_s,0.024121
1756998306.211,latency_s,0.021074
1756998306.220,latency_s,0.020366
1756998306.220,latency_s,0.020186
1756998306.226,latency_s,0.023993
1756998306.226,latency_s,0.024018
1756998306.226,latency_s,0.023310
1756998306.239,latency_s,0.025622
1756998306.265,latency_s,0.022389
1756998306.279,latency_s,0.020731
1756998306.294,latency_s,0.022444
1756998306.297,latency_s,0.019838
1756998306.310,latency_s,0.024717
1756998306.311,latency_s,0.023713
1756998306.311,latency_s,0.023941
1756998306.311,latency_s,0.023986
1756998306.311,latency_s,0.023522
1756998306.311,latency_s,0.023776
1756998306.311,latency_s,0.023523
1756998306.311,latency_s,0.022874
1756998306.311,latency_s,0.023013
1756998306.311,latency_s,0.023014
1756998306.312,latency_s,0.023718
1756998306.312,latency_s,0.021034
1756998306.327,latency_s,0.025948
1756998306.327,latency_s,0.026158
1756998306.327,latency_s,0.024625
1756998306.327,latency_s,0.023355
1756998306.327,latency_s,0.024290
1756998306.336,latency_s,0.022325
1756998306.364,latency_s,0.020584
1756998306.380,latency_s,0.019855
1756998306.393,latency_s,0.020200
1756998306.396,latency_s,0.019121
1756998306.406,latency_s,0.019122
1756998306.408,latency_s,0.020872
1756998306.408,latency_s,0.020586
1756998306.408,latency_s,0.020553
1756998306.408,latency_s,0.020012
1756998306.409,latency_s,0.020366
1756998306.409,latency_s,0.020413
1756998306.409,latency_s,0.019877
1756998306.409,latency_s,0.020431
1756998306.412,latency_s,0.021562
1756998306.412,latency_s,0.021420
1756998306.424,latency_s,0.022386
1756998306.424,latency_s,0.021262
1756998306.424,latency_s,0.021161
1756998306.424,latency_s,0.020724
1756998306.424,latency_s,0.019879
1756998306.432,latency_s,0.144771
1756998306.433,latency_s,0.044671
1756998306.437,latency_s,0.020339
1756998306.464,latency_s,0.019741
1756998306.483,latency_s,0.020066
1756998306.494,latency_s,0.019121
1756998306.496,latency_s,0.018615
1756998306.507,latency_s,0.019801
1756998306.507,latency_s,0.018995
1756998306.511,latency_s,0.022555
1756998306.511,latency_s,0.022863
1756998306.511,latency_s,0.022620
1756998306.511,latency_s,0.022471
1756998306.511,latency_s,0.022285
1756998306.511,latency_s,0.023299
1756998306.512,latency_s,0.022743
1756998306.512,latency_s,0.020757
1756998306.512,latency_s,0.020535
1756998306.522,latency_s,0.020473
1756998306.523,latency_s,0.019204
1756998306.525,latency_s,0.019110
1756998306.525,latency_s,0.019184
1756998306.525,latency_s,0.019127
1756998306.529,latency_s,0.140250
1756998306.529,latency_s,0.040101
1756998306.537,latency_s,0.019499
1756998306.568,latency_s,0.020680
1756998306.585,latency_s,0.019236
1756998306.596,latency_s,0.019725
1756998306.602,latency_s,0.023488
1756998306.607,latency_s,0.018877
1756998306.612,latency_s,0.022716
1756998306.612,latency_s,0.022973
1756998306.612,latency_s,0.022470
1756998306.612,latency_s,0.022870
1756998306.612,latency_s,0.022910
1756998306.612,latency_s,0.022816
1756998306.612,latency_s,0.022488
1756998306.612,latency_s,0.022665
1756998306.612,latency_s,0.022813
1756998306.612,latency_s,0.020408
1756998306.613,latency_s,0.020577
1756998306.623,latency_s,0.020952
1756998306.626,latency_s,0.021075
1756998306.626,latency_s,0.019720
1756998306.626,latency_s,0.019295
1756998306.626,latency_s,0.019361
1756998306.632,latency_s,0.144151
1756998306.633,latency_s,0.042795
1756998306.638,latency_s,0.019871
1756998306.667,latency_s,0.019057
1756998306.687,latency_s,0.020392
1756998306.696,latency_s,0.018993
1756998306.698,latency_s,0.018903
1756998306.708,latency_s,0.019448
1756998306.711,latency_s,0.021039
1756998306.711,latency_s,0.021154
1756998306.711,latency_s,0.021396
1756998306.711,latency_s,0.021486
1756998306.711,latency_s,0.021603
1756998306.712,latency_s,0.021376
1756998306.712,latency_s,0.021554
1756998306.712,latency_s,0.021751
1756998306.712,latency_s,0.021956
1756998306.712,latency_s,0.021177
1756998306.712,latency_s,0.019601
1756998306.712,latency_s,0.018886
1756998306.724,latency_s,0.021260
1756998306.728,latency_s,0.022452
1756998306.728,latency_s,0.021875
1756998306.728,latency_s,0.021222
1756998306.728,latency_s,0.020767
1756998306.740,latency_s,0.021131
1756998306.768,latency_s,0.019523
1756998306.787,latency_s,0.020212
1756998306.797,latency_s,0.019589
1756998306.799,latency_s,0.019032
1756998306.810,latency_s,0.021360
1756998306.810,latency_s,0.020452
1756998306.810,latency_s,0.019966
1756998306.811,latency_s,0.020029
1756998306.811,latency_s,0.020501
1756998306.811,latency_s,0.020414
1756998306.811,latency_s,0.020436
1756998306.811,latency_s,0.020700
1756998306.811,latency_s,0.020959
1756998306.811,latency_s,0.020730
1756998306.811,latency_s,0.020130
1756998306.815,latency_s,0.022353
1756998306.815,latency_s,0.022338
1756998306.825,latency_s,0.020602
1756998306.826,latency_s,0.018786
1756998306.826,latency_s,0.019486
1756998306.829,latency_s,0.021308
1756998306.829,latency_s,0.020948
1756998306.840,latency_s,0.019695
1756998306.869,latency_s,0.020162
1756998306.888,latency_s,0.019626
1756998306.898,latency_s,0.019319
1756998306.900,latency_s,0.019968
1756998306.909,latency_s,0.019060
1756998306.909,latency_s,0.019107
1756998306.909,latency_s,0.018646
1756998306.910,latency_s,0.019361
1756998306.913,latency_s,0.021554
1756998306.913,latency_s,0.021481
1756998306.913,latency_s,0.021462
1756998306.913,latency_s,0.021427
1756998306.913,latency_s,0.021163
1756998306.913,latency_s,0.021427
1756998306.915,latency_s,0.021529
1756998306.915,latency_s,0.021521
1756998306.925,latency_s,0.019785
1756998306.929,latency_s,0.020716
1756998306.929,latency_s,0.020120
1756998306.929,latency_s,0.020851
1756998306.929,latency_s,0.020597
1756998306.941,latency_s,0.020264
1756998306.970,latency_s,0.019768
1756998306.990,latency_s,0.019623
1756998307.000,latency_s,0.020629
1756998307.000,latency_s,0.020386
1756998307.011,latency_s,0.020587
1756998307.012,latency_s,0.019698
1756998307.012,latency_s,0.019724
1756998307.016,latency_s,0.022495
1756998307.016,latency_s,0.021486
1756998307.016,latency_s,0.021682
1756998307.016,latency_s,0.021566
1756998307.016,latency_s,0.021771
1756998307.016,latency_s,0.021071
1756998307.016,latency_s,0.020409
1756998307.017,latency_s,0.020649
1756998307.026,latency_s,0.020097
1756998307.028,latency_s,0.019588
1756998307.028,latency_s,0.019364
1756998307.028,latency_s,0.019485
1756998307.029,latency_s,0.019560
1756998307.052,latency_s,0.161933
1756998307.052,latency_s,0.061713
1756998307.052,latency_s,0.030513
1756998307.071,latency_s,0.020352
1756998307.092,latency_s,0.020222
1756998307.102,latency_s,0.021472
1756998307.102,latency_s,0.021393
1756998307.111,latency_s,0.020333
1756998307.111,latency_s,0.020126
1756998307.111,latency_s,0.019165
1756998307.112,latency_s,0.018958
1756998307.116,latency_s,0.021130
1756998307.116,latency_s,0.020599
1756998307.116,latency_s,0.020542
1756998307.116,latency_s,0.020150
1756998307.116,latency_s,0.019999
1756998307.117,latency_s,0.021208
1756998307.117,latency_s,0.021281
1756998307.117,latency_s,0.020567
1756998307.127,latency_s,0.020639
1756998307.131,latency_s,0.020801
1756998307.131,latency_s,0.020838
1756998307.131,latency_s,0.020633
1756998307.131,latency_s,0.020613
1756998307.137,latency_s,0.142332
1756998307.138,latency_s,0.042021
1756998307.142,latency_s,0.019187
1756998307.171,latency_s,0.019591
1756998307.192,latency_s,0.019250
1756998307.202,latency_s,0.020760
1756998307.202,latency_s,0.020857
1756998307.211,latency_s,0.019511
1756998307.211,latency_s,0.019370
1756998307.213,latency_s,0.020451
1756998307.213,latency_s,0.020143
1756998307.216,latency_s,0.020984
1756998307.216,latency_s,0.021041
1756998307.217,latency_s,0.020402
1756998307.217,latency_s,0.021039
1756998307.217,latency_s,0.020728
1756998307.217,latency_s,0.019720
1756998307.217,latency_s,0.020641
1756998307.217,latency_s,0.020318
1756998307.217,latency_s,0.020770
1756998307.228,latency_s,0.020988
1756998307.231,latency_s,0.020496
1756998307.231,latency_s,0.020184
1756998307.231,latency_s,0.020364
1756998307.231,latency_s,0.020811
1756998307.242,latency_s,0.018919
1756998307.272,latency_s,0.020286
1756998307.294,latency_s,0.019472
1756998307.303,latency_s,0.021281
1756998307.303,latency_s,0.021422
1756998307.312,latency_s,0.019802
1756998307.313,latency_s,0.019751
1756998307.332,latency_s,0.038871
1756998307.332,latency_s,0.038716
1756998307.332,latency_s,0.036121
1756998307.332,latency_s,0.036044
1756998307.332,latency_s,0.035726
1756998307.332,latency_s,0.035775
1756998307.332,latency_s,0.035722
1756998307.332,latency_s,0.035328
1756998307.333,latency_s,0.035867
1756998307.333,latency_s,0.035323
1756998307.333,latency_s,0.035056
1756998307.334,latency_s,0.026693
1756998307.334,latency_s,0.020859
1756998307.334,latency_s,0.020951
1756998307.347,latency_s,0.030998
1756998307.347,latency_s,0.022887
1756998307.371,latency_s,0.019260
1756998307.398,latency_s,0.020621
1756998307.402,latency_s,0.019682
1756998307.402,latency_s,0.019356
1756998307.415,latency_s,0.021558
1756998307.415,latency_s,0.021820
1756998307.415,latency_s,0.020995
1756998307.415,latency_s,0.021408
1756998307.417,latency_s,0.019763
1756998307.417,latency_s,0.019785
1756998307.420,latency_s,0.022753
1756998307.420,latency_s,0.022561
1756998307.420,latency_s,0.023237
1756998307.420,latency_s,0.022671
1756998307.420,latency_s,0.023278
1756998307.420,latency_s,0.022819
1756998307.420,latency_s,0.022427
1756998307.428,latency_s,0.019754
1756998307.433,latency_s,0.019400
1756998307.434,latency_s,0.020587
1756998307.436,latency_s,0.019279
1756998307.447,latency_s,0.020624
1756998307.447,latency_s,0.133224
1756998307.447,latency_s,0.031248
1756998307.472,latency_s,0.020220
1756998307.498,latency_s,0.019693
1756998307.503,latency_s,0.020633
1756998307.504,latency_s,0.020525
1756998307.515,latency_s,0.021690
1756998307.515,latency_s,0.021947
1756998307.515,latency_s,0.021399
1756998307.515,latency_s,0.020338
1756998307.519,latency_s,0.021985
1756998307.519,latency_s,0.022085
1756998307.519,latency_s,0.021695
1756998307.519,latency_s,0.021549
1756998307.519,latency_s,0.021511
1756998307.519,latency_s,0.021501
1756998307.519,latency_s,0.021239
1756998307.519,latency_s,0.019789
1756998307.528,latency_s,0.019270
1756998307.534,latency_s,0.020118
1756998307.534,latency_s,0.019975
1756998307.537,latency_s,0.020735
1756998307.537,latency_s,0.019003
1756998307.546,latency_s,0.019505
1756998307.572,latency_s,0.019891
1756998307.602,latency_s,0.020141
1756998307.603,latency_s,0.019836
1756998307.604,latency_s,0.019651
1756998307.616,latency_s,0.022380
1756998307.616,latency_s,0.022144
1756998307.616,latency_s,0.022195
1756998307.616,latency_s,0.020270
1756998307.619,latency_s,0.020537
1756998307.620,latency_s,0.021580
1756998307.620,latency_s,0.021864
1756998307.620,latency_s,0.022902
1756998307.620,latency_s,0.022736
1756998307.631,latency_s,0.032717
1756998307.631,latency_s,0.032822
1756998307.632,latency_s,0.031656
1756998307.632,latency_s,0.022378
1756998307.637,latency_s,0.021893
1756998307.637,latency_s,0.022418
1756998307.637,latency_s,0.020955
1756998307.637,latency_s,0.018736
1756998307.639,latency_s,0.141629
1756998307.639,latency_s,0.040686
1756998307.647,latency_s,0.019699
1756998307.672,latency_s,0.019615
1756998307.702,latency_s,0.019690
1756998307.704,latency_s,0.019811
1756998307.704,latency_s,0.019940
1756998307.714,latency_s,0.020754
1756998307.715,latency_s,0.020632
1756998307.715,latency_s,0.020871
1756998307.719,latency_s,0.022803
1756998307.720,latency_s,0.021944
1756998307.720,latency_s,0.021779
1756998307.720,latency_s,0.021028
1756998307.720,latency_s,0.021743
1756998307.720,latency_s,0.021190
1756998307.720,latency_s,0.020569
1756998307.720,latency_s,0.020838
1756998307.721,latency_s,0.020426
1756998307.730,latency_s,0.030126
1756998307.730,latency_s,0.019974
1756998307.734,latency_s,0.019431
1756998307.734,latency_s,0.018911
1756998307.737,latency_s,0.020151
1756998307.738,latency_s,0.018937
1756998307.748,latency_s,0.020128
1756998307.774,latency_s,0.020472
1756998307.805,latency_s,0.020296
1756998307.805,latency_s,0.020353
1756998307.805,latency_s,0.020483
1756998307.815,latency_s,0.021032
1756998307.816,latency_s,0.021354
1756998307.819,latency_s,0.020930
1756998307.819,latency_s,0.021177
1756998307.819,latency_s,0.020754
1756998307.822,latency_s,0.023409
1756998307.822,latency_s,0.021823
1756998307.822,latency_s,0.021799
1756998307.822,latency_s,0.021232
1756998307.822,latency_s,0.021528
1756998307.822,latency_s,0.021461
1756998307.822,latency_s,0.021352
1756998307.831,latency_s,0.020583
1756998307.837,latency_s,0.021541
1756998307.837,latency_s,0.021327
1756998307.837,latency_s,0.020341
1756998307.840,latency_s,0.020021
1756998307.848,latency_s,0.019071
1756998307.875,latency_s,0.019876
1756998307.906,latency_s,0.021339
1756998307.906,latency_s,0.020541
1756998307.906,latency_s,0.021294
1756998307.915,latency_s,0.020241
1756998307.915,latency_s,0.020649
1756998307.920,latency_s,0.022049
1756998307.920,latency_s,0.021633
1756998307.920,latency_s,0.022113
1756998307.920,latency_s,0.021789
1756998307.922,latency_s,0.019303
1756998307.922,latency_s,0.019366
1756998307.923,latency_s,0.019224
1756998307.923,latency_s,0.019652
1756998307.946,latency_s,0.042410
1756998307.946,latency_s,0.042308
1756998307.946,latency_s,0.035778
1756998307.946,latency_s,0.152048
1756998307.946,latency_s,0.051732
1756998307.946,latency_s,0.030077
1756998307.946,latency_s,0.029782
1756998307.946,latency_s,0.028545
1756998307.946,latency_s,0.025566
1756998307.951,latency_s,0.020877
1756998307.977,latency_s,0.020650
1756998308.007,latency_s,0.021014
1756998308.007,latency_s,0.020763
1756998308.008,latency_s,0.021366
1756998308.016,latency_s,0.020841
1756998308.016,latency_s,0.021144
1756998308.016,latency_s,0.018774
1756998308.018,latency_s,0.019122
1756998308.021,latency_s,0.022341
1756998308.021,latency_s,0.022062
1756998308.025,latency_s,0.021413
1756998308.025,latency_s,0.021264
1756998308.025,latency_s,0.021930
1756998308.031,latency_s,0.027472
1756998308.031,latency_s,0.026433
1756998308.031,latency_s,0.027166
1756998308.031,latency_s,0.027181
1756998308.031,latency_s,0.020995
1756998308.038,latency_s,0.020518
1756998308.038,latency_s,0.020536
1756998308.038,latency_s,0.019892
1756998308.041,latency_s,0.019745
1756998308.051,latency_s,0.020209
1756998308.079,latency_s,0.022101
1756998308.107,latency_s,0.020300
1756998308.107,latency_s,0.019845
1756998308.107,latency_s,0.020043
1756998308.115,latency_s,0.020043
1756998308.115,latency_s,0.019826
1756998308.117,latency_s,0.019192
1756998308.120,latency_s,0.021081
1756998308.120,latency_s,0.021262
1756998308.120,latency_s,0.021043
1756998308.124,latency_s,0.020052
1756998308.125,latency_s,0.020630
1756998308.131,latency_s,0.026375
1756998308.131,latency_s,0.026166
1756998308.131,latency_s,0.027172
1756998308.131,latency_s,0.025660
1756998308.131,latency_s,0.025928
1756998308.131,latency_s,0.020266
1756998308.139,latency_s,0.020460
1756998308.139,latency_s,0.020518
1756998308.139,latency_s,0.020540
1756998308.141,latency_s,0.019332
1756998308.151,latency_s,0.019049
1756998308.179,latency_s,0.021182
1756998308.208,latency_s,0.021202
1756998308.208,latency_s,0.020882
1756998308.208,latency_s,0.021145
1756998308.215,latency_s,0.019816
1756998308.215,latency_s,0.019693
1756998308.219,latency_s,0.020435
1756998308.219,latency_s,0.020359
1756998308.220,latency_s,0.019974
1756998308.221,latency_s,0.021806
1756998308.224,latency_s,0.019895
1756998308.224,latency_s,0.020101
1756998308.224,latency_s,0.019561
1756998308.230,latency_s,0.026027
1756998308.231,latency_s,0.025863
1756998308.231,latency_s,0.025207
1756998308.231,latency_s,0.025162
1756998308.231,latency_s,0.020288
1756998308.240,latency_s,0.021759
1756998308.241,latency_s,0.022202
1756998308.241,latency_s,0.021976
1756998308.241,latency_s,0.019236
1756998308.251,latency_s,0.018779
1756998308.279,latency_s,0.020014
1756998308.308,latency_s,0.020154
1756998308.308,latency_s,0.020255
1756998308.308,latency_s,0.020255
1756998308.317,latency_s,0.021425
1756998308.317,latency_s,0.021435
1756998308.320,latency_s,0.020467
1756998308.320,latency_s,0.020317
1756998308.320,latency_s,0.019844
1756998308.322,latency_s,0.021930
1756998308.326,latency_s,0.021745
1756998308.326,latency_s,0.021865
1756998308.326,latency_s,0.021153
1756998308.326,latency_s,0.021636
1756998308.332,latency_s,0.026768
1756998308.332,latency_s,0.025998
1756998308.332,latency_s,0.025868
1756998308.332,latency_s,0.020582
1756998308.339,latency_s,0.020240
1756998308.339,latency_s,0.020237
1756998308.339,latency_s,0.020118
1756998308.343,latency_s,0.020499
1756998308.353,latency_s,0.019927
1756998308.381,latency_s,0.020309
1756998308.409,latency_s,0.021518
1756998308.410,latency_s,0.020760
1756998308.410,latency_s,0.020493
1756998308.415,latency_s,0.019703
1756998308.415,latency_s,0.019781
1756998308.418,latency_s,0.018930
1756998308.418,latency_s,0.018788
1756998308.421,latency_s,0.019514
1756998308.421,latency_s,0.019764
1756998308.424,latency_s,0.019433
1756998308.426,latency_s,0.020954
1756998308.426,latency_s,0.020790
1756998308.427,latency_s,0.020842
1756998308.432,latency_s,0.024343
1756998308.432,latency_s,0.024354
1756998308.432,latency_s,0.024362
1756998308.432,latency_s,0.020273
1756998308.438,latency_s,0.018653
1756998308.440,latency_s,0.020085
1756998308.440,latency_s,0.020499
1756998308.443,latency_s,0.019694
1756998308.453,latency_s,0.019611
1756998308.481,latency_s,0.020375
1756998308.510,latency_s,0.021751
1756998308.511,latency_s,0.020815
1756998308.511,latency_s,0.020898
1756998308.516,latency_s,0.019809
1756998308.516,latency_s,0.020058
1756998308.522,latency_s,0.021818
1756998308.522,latency_s,0.022113
1756998308.522,latency_s,0.021002
1756998308.523,latency_s,0.021392
1756998308.525,latency_s,0.020233
1756998308.525,latency_s,0.019242
1756998308.525,latency_s,0.019150
1756998308.529,latency_s,0.021288
1756998308.532,latency_s,0.024156
1756998308.532,latency_s,0.024243
1756998308.532,latency_s,0.024255
1756998308.532,latency_s,0.019926
1756998308.541,latency_s,0.020622
1756998308.541,latency_s,0.019397
1756998308.541,latency_s,0.019362
1756998308.544,latency_s,0.020288
1756998308.554,latency_s,0.019349
1756998308.582,latency_s,0.020147
1756998308.610,latency_s,0.020698
1756998308.611,latency_s,0.020009
1756998308.611,latency_s,0.019165
1756998308.616,latency_s,0.020071
1756998308.616,latency_s,0.020242
1756998308.621,latency_s,0.020152
1756998308.621,latency_s,0.020168
1756998308.622,latency_s,0.020366
1756998308.622,latency_s,0.020620
1756998308.624,latency_s,0.018757
1756998308.626,latency_s,0.019188
1756998308.628,latency_s,0.019597
1756998308.628,latency_s,0.020034
1756998308.631,latency_s,0.022547
1756998308.631,latency_s,0.022410
1756998308.633,latency_s,0.020050
1756998308.639,latency_s,0.019302
1756998308.642,latency_s,0.020619
1756998308.642,latency_s,0.020620
1756998308.644,latency_s,0.020242
1756998308.655,latency_s,0.019680
1756998308.683,latency_s,0.020826
1756998308.711,latency_s,0.021079
1756998308.711,latency_s,0.019224
1756998308.712,latency_s,0.020453
1756998308.717,latency_s,0.020634
1756998308.717,latency_s,0.020948
1756998308.722,latency_s,0.020644
1756998308.722,latency_s,0.020317
1756998308.722,latency_s,0.020327
1756998308.723,latency_s,0.020430
1756998308.726,latency_s,0.020875
1756998308.727,latency_s,0.019638
1756998308.729,latency_s,0.019767
1756998308.729,latency_s,0.019964
1756998308.729,latency_s,0.019853
1756998308.730,latency_s,0.020159
1756998308.733,latency_s,0.018965
1756998308.740,latency_s,0.019557
1756998308.743,latency_s,0.019347
1756998308.745,latency_s,0.021892
1756998308.746,latency_s,0.020787
1756998308.751,latency_s,0.145486
1756998308.751,latency_s,0.044907
1756998308.756,latency_s,0.019981
1756998308.783,latency_s,0.020845
1756998308.813,latency_s,0.022072
1756998308.813,latency_s,0.020534
1756998308.813,latency_s,0.020671
1756998308.816,latency_s,0.019429
1756998308.816,latency_s,0.019561
1756998308.821,latency_s,0.018625
1756998308.822,latency_s,0.019881
1756998308.822,latency_s,0.020173
1756998308.823,latency_s,0.020044
1756998308.826,latency_s,0.019496
1756998308.828,latency_s,0.021364
1756998308.828,latency_s,0.019990
1756998308.829,latency_s,0.019600
1756998308.830,latency_s,0.020316
1756998308.830,latency_s,0.020175
1756998308.835,latency_s,0.020448
1756998308.841,latency_s,0.019043
1756998308.843,latency_s,0.019288
1756998308.843,latency_s,0.019353
1756998308.845,latency_s,0.019513
1756998308.857,latency_s,0.019836
1756998308.883,latency_s,0.019514
1756998308.911,latency_s,0.020167
1756998308.913,latency_s,0.019232
1756998308.913,latency_s,0.019453
1756998308.917,latency_s,0.019869
1756998308.917,latency_s,0.020010
1756998308.925,latency_s,0.021778
1756998308.925,latency_s,0.021863
1756998308.925,latency_s,0.021871
1756998308.925,latency_s,0.021781
1756998308.926,latency_s,0.019413
1756998308.926,latency_s,0.019846
1756998308.928,latency_s,0.019716
1756998308.931,latency_s,0.021010
1756998308.931,latency_s,0.021506
1756998308.932,latency_s,0.021402
1756998308.934,latency_s,0.018875
1756998308.944,latency_s,0.022352
1756998308.945,latency_s,0.020777
1756998308.945,latency_s,0.020801
1756998308.945,latency_s,0.019408
1756998308.951,latency_s,0.140943
1756998308.952,latency_s,0.041508
1756998308.957,latency_s,0.019049
1756998308.983,latency_s,0.019249
1756998309.012,latency_s,0.019802
1756998309.014,latency_s,0.020204
1756998309.014,latency_s,0.020262
1756998309.017,latency_s,0.019923
1756998309.017,latency_s,0.019487
1756998309.024,latency_s,0.020221
1756998309.024,latency_s,0.020413
1756998309.045,latency_s,0.041870
1756998309.045,latency_s,0.041538
1756998309.046,latency_s,0.038410
1756998309.046,latency_s,0.038384
1756998309.046,latency_s,0.036654
1756998309.046,latency_s,0.035746
1756998309.046,latency_s,0.035638
1756998309.046,latency_s,0.035043
1756998309.046,latency_s,0.034743
1756998309.046,latency_s,0.030454
1756998309.046,latency_s,0.023047
1756998309.046,latency_s,0.022077
1756998309.046,latency_s,0.021678
1756998309.046,latency_s,0.020562
1756998309.058,latency_s,0.019431
1756998309.084,latency_s,0.019734
1756998309.112,latency_s,0.019712
1756998309.115,latency_s,0.018926
1756998309.118,latency_s,0.020631
1756998309.118,latency_s,0.020805
1756998309.120,latency_s,0.019105
1756998309.124,latency_s,0.019618
1756998309.126,latency_s,0.021943
1756998309.126,latency_s,0.021768
1756998309.126,latency_s,0.021271
1756998309.127,latency_s,0.019376
1756998309.128,latency_s,0.019965
1756998309.134,latency_s,0.024304
1756998309.134,latency_s,0.023285
1756998309.134,latency_s,0.022951
1756998309.134,latency_s,0.022785
1756998309.134,latency_s,0.022471
1756998309.135,latency_s,0.019253
1756998309.143,latency_s,0.019445
1756998309.143,latency_s,0.018899
1756998309.146,latency_s,0.020781
1756998309.146,latency_s,0.019794
1756998309.159,latency_s,0.019805
1756998309.185,latency_s,0.019221
1756998309.213,latency_s,0.019858
1756998309.218,latency_s,0.020614
1756998309.218,latency_s,0.020745
1756998309.219,latency_s,0.018770
1756998309.221,latency_s,0.019576
1756998309.225,latency_s,0.020711
1756998309.225,latency_s,0.020979
1756998309.225,latency_s,0.021038
1756998309.226,latency_s,0.020866
1756998309.228,latency_s,0.019268
1756998309.228,latency_s,0.019380
1756998309.234,latency_s,0.024222
1756998309.234,latency_s,0.023374
1756998309.234,latency_s,0.023208
1756998309.234,latency_s,0.022543
1756998309.234,latency_s,0.022929
1756998309.237,latency_s,0.020063
1756998309.243,latency_s,0.018924
1756998309.245,latency_s,0.019784
1756998309.246,latency_s,0.020299
1756998309.247,latency_s,0.019572
1756998309.260,latency_s,0.020075
1756998309.287,latency_s,0.020411
1756998309.314,latency_s,0.020177
1756998309.317,latency_s,0.019452
1756998309.317,latency_s,0.019758
1756998309.320,latency_s,0.019790
1756998309.320,latency_s,0.018774
1756998309.326,latency_s,0.020803
1756998309.326,latency_s,0.020655
1756998309.326,latency_s,0.020816
1756998309.326,latency_s,0.021195
1756998309.329,latency_s,0.019528
1756998309.329,latency_s,0.019014
1756998309.333,latency_s,0.024266
1756998309.333,latency_s,0.022136
1756998309.334,latency_s,0.021949
1756998309.336,latency_s,0.023925
1756998309.336,latency_s,0.023699
1756998309.337,latency_s,0.019730
1756998309.343,latency_s,0.018559
1756998309.348,latency_s,0.022008
1756998309.348,latency_s,0.021887
1756998309.348,latency_s,0.021086
1756998309.359,latency_s,0.019136
1756998309.387,latency_s,0.019641
1756998309.414,latency_s,0.020303
1756998309.418,latency_s,0.020488
1756998309.419,latency_s,0.020659
1756998309.422,latency_s,0.020579
1756998309.422,latency_s,0.020207
1756998309.425,latency_s,0.019130
1756998309.425,latency_s,0.019651
1756998309.425,latency_s,0.019374
1756998309.425,latency_s,0.019415
1756998309.431,latency_s,0.020829
1756998309.431,latency_s,0.020741
1756998309.434,latency_s,0.023377
1756998309.434,latency_s,0.022082
1756998309.434,latency_s,0.021946
1756998309.434,latency_s,0.021644
1756998309.434,latency_s,0.021581
1756998309.438,latency_s,0.020115
1756998309.445,latency_s,0.020136
1756998309.448,latency_s,0.020238
1756998309.448,latency_s,0.020262
1756998309.448,latency_s,0.020390
1756998309.462,latency_s,0.020545
1756998309.487,latency_s,0.019893
1756998309.514,latency_s,0.019556
1756998309.517,latency_s,0.019198
1756998309.518,latency_s,0.018977
1756998309.524,latency_s,0.021083
1756998309.525,latency_s,0.021215
1756998309.527,latency_s,0.019639
1756998309.527,latency_s,0.019663
1756998309.527,latency_s,0.019706
1756998309.527,latency_s,0.019389
1756998309.530,latency_s,0.019524
1756998309.530,latency_s,0.019174
1756998309.530,latency_s,0.019564
1756998309.533,latency_s,0.019974
1756998309.533,latency_s,0.020252
1756998309.533,latency_s,0.020092
1756998309.539,latency_s,0.026679
1756998309.539,latency_s,0.020902
1756998309.545,latency_s,0.020275
1756998309.547,latency_s,0.019520
1756998309.547,latency_s,0.019312
1756998309.548,latency_s,0.019502
1756998309.563,latency_s,0.018713
1756998309.589,latency_s,0.020578
1756998309.615,latency_s,0.019442
1756998309.619,latency_s,0.020522
1756998309.619,latency_s,0.020179
1756998309.625,latency_s,0.020075
1756998309.625,latency_s,0.020165
1756998309.627,latency_s,0.019670
1756998309.628,latency_s,0.019799
1756998309.628,latency_s,0.019518
1756998309.628,latency_s,0.019681
1756998309.633,latency_s,0.021120
1756998309.633,latency_s,0.021334
1756998309.633,latency_s,0.021552
1756998309.633,latency_s,0.020483
1756998309.633,latency_s,0.020619
1756998309.633,latency_s,0.020715
1756998309.633,latency_s,0.020362
1756998309.641,latency_s,0.021780
1756998309.645,latency_s,0.019080
1756998309.650,latency_s,0.020875
1756998309.650,latency_s,0.020759
1756998309.650,latency_s,0.020498
1756998309.664,latency_s,0.019320
1756998309.690,latency_s,0.019582
1756998309.715,latency_s,0.019886
1756998309.717,latency_s,0.018721
1756998309.720,latency_s,0.019311
1756998309.729,latency_s,0.021369
1756998309.729,latency_s,0.020602
1756998309.729,latency_s,0.021138
1756998309.729,latency_s,0.021315
1756998309.729,latency_s,0.020886
1756998309.729,latency_s,0.021395
1756998309.733,latency_s,0.019963
1756998309.733,latency_s,0.019784
1756998309.733,latency_s,0.020112
1756998309.733,latency_s,0.019829
1756998309.733,latency_s,0.020024
1756998309.733,latency_s,0.019778
1756998309.733,latency_s,0.019615
1756998309.739,latency_s,0.019453
1756998309.745,latency_s,0.019497
1756998309.748,latency_s,0.019316
1756998309.748,latency_s,0.019147
1756998309.750,latency_s,0.020492
1756998309.767,latency_s,0.020637
1756998309.792,latency_s,0.020861
1756998309.816,latency_s,0.020036
1756998309.818,latency_s,0.019338
1756998309.821,latency_s,0.019717
1756998309.832,latency_s,0.023874
1756998309.832,latency_s,0.023510
1756998309.832,latency_s,0.023735
1756998309.832,latency_s,0.023907
1756998309.832,latency_s,0.023482
1756998309.832,latency_s,0.023123
1756998309.832,latency_s,0.019248
1756998309.834,latency_s,0.021366
1756998309.834,latency_s,0.020932
1756998309.834,latency_s,0.021081
1756998309.837,latency_s,0.023813
1756998309.837,latency_s,0.023424
1756998309.837,latency_s,0.023440
1756998309.840,latency_s,0.020339
1756998309.847,latency_s,0.020460
1756998309.848,latency_s,0.018753
1756998309.850,latency_s,0.019543
1756998309.850,latency_s,0.019876
1756998309.867,latency_s,0.019550
1756998309.891,latency_s,0.020083
1756998309.915,latency_s,0.019051
1756998309.919,latency_s,0.019673
1756998309.921,latency_s,0.019181
1756998309.931,latency_s,0.022842
1756998309.931,latency_s,0.022769
1756998309.931,latency_s,0.022936
1756998309.931,latency_s,0.022528
1756998309.931,latency_s,0.021945
1756998309.931,latency_s,0.022660
1756998309.934,latency_s,0.021257
1756998309.934,latency_s,0.021116
1756998309.934,latency_s,0.020975
1756998309.934,latency_s,0.020563
1756998309.934,latency_s,0.020638
1756998309.936,latency_s,0.022539
1756998309.936,latency_s,0.022445
1756998309.941,latency_s,0.019965
1756998309.949,latency_s,0.021743
1756998309.949,latency_s,0.018888
1756998309.949,latency_s,0.019010
1756998309.950,latency_s,0.020154
1756998309.969,latency_s,0.021066
1756998309.992,latency_s,0.020103
1756998310.016,latency_s,0.019685
1756998310.019,latency_s,0.018835
1756998310.023,latency_s,0.020379
1756998310.028,latency_s,0.019693
1756998310.028,latency_s,0.019326
1756998310.031,latency_s,0.022124
1756998310.031,latency_s,0.021275
1756998310.031,latency_s,0.021560
1756998310.031,latency_s,0.021216
1756998310.034,latency_s,0.020921
1756998310.034,latency_s,0.020738
1756998310.034,latency_s,0.020846
1756998310.034,latency_s,0.019967
1756998310.034,latency_s,0.020147
1756998310.035,latency_s,0.019814
1756998310.035,latency_s,0.020130
1756998310.041,latency_s,0.019636
1756998310.048,latency_s,0.019847
1756998310.049,latency_s,0.019255
1756998310.049,latency_s,0.018594
1756998310.051,latency_s,0.020140
1756998310.069,latency_s,0.019447
1756998310.092,latency_s,0.019702
1756998310.116,latency_s,0.019647
1756998310.120,latency_s,0.019828
1756998310.125,latency_s,0.021068
1756998310.129,latency_s,0.020045
1756998310.129,latency_s,0.020291
1756998310.129,latency_s,0.019300
1756998310.132,latency_s,0.021219
1756998310.132,latency_s,0.021879
1756998310.132,latency_s,0.021554
1756998310.135,latency_s,0.021446
1756998310.135,latency_s,0.021158
1756998310.135,latency_s,0.021460
1756998310.135,latency_s,0.020399
1756998310.135,latency_s,0.020561
1756998310.136,latency_s,0.020498
1756998310.140,latency_s,0.024897
1756998310.142,latency_s,0.019377
1756998310.149,latency_s,0.020490
1756998310.149,latency_s,0.018959
1756998310.152,latency_s,0.020582
1756998310.152,latency_s,0.020640
1756998310.171,latency_s,0.020233
1756998310.193,latency_s,0.020443
1756998310.216,latency_s,0.019043
1756998310.220,latency_s,0.019336
1756998310.226,latency_s,0.019215
1756998310.230,latency_s,0.020408
1756998310.230,latency_s,0.020365
1756998310.231,latency_s,0.020547
1756998310.231,latency_s,0.020728
1756998310.231,latency_s,0.020596
1756998310.233,latency_s,0.019248
1756998310.237,latency_s,0.022958
1756998310.237,latency_s,0.023825
1756998310.237,latency_s,0.022839
1756998310.237,latency_s,0.021901
1756998310.237,latency_s,0.021686
1756998310.237,latency_s,0.021905
1756998310.237,latency_s,0.021487
1756998310.243,latency_s,0.020329
1756998310.249,latency_s,0.020026
1756998310.252,latency_s,0.021616
1756998310.252,latency_s,0.020133
1756998310.252,latency_s,0.019740
1756998310.272,latency_s,0.020281
1756998310.294,latency_s,0.020173
1756998310.320,latency_s,0.021086
1756998310.320,latency_s,0.019100
1756998310.327,latency_s,0.019372
1756998310.328,latency_s,0.018132
1756998310.329,latency_s,0.019490
1756998310.329,latency_s,0.018792
1756998310.330,latency_s,0.018744
1756998310.331,latency_s,0.020020
1756998310.334,latency_s,0.019916
1756998310.334,latency_s,0.019731
1756998310.334,latency_s,0.019699
1756998310.334,latency_s,0.019668
1756998310.334,latency_s,0.018537
1756998310.337,latency_s,0.021000
1756998310.337,latency_s,0.020471
1756998310.337,latency_s,0.020394
1756998310.342,latency_s,0.019005
1756998310.351,latency_s,0.020855
1756998310.351,latency_s,0.021292
1756998310.351,latency_s,0.019332
1756998310.351,latency_s,0.019093
1756998310.373,latency_s,0.019960
1756998310.394,latency_s,0.019551
1756998310.418,latency_s,0.019421
1756998310.421,latency_s,0.019583
1756998310.429,latency_s,0.020271
1756998310.429,latency_s,0.018951
1756998310.429,latency_s,0.018876
1756998310.432,latency_s,0.020465
1756998310.432,latency_s,0.020229
1756998310.432,latency_s,0.020455
1756998310.436,latency_s,0.021646
1756998310.436,latency_s,0.021255
1756998310.436,latency_s,0.021079
1756998310.436,latency_s,0.021127
1756998310.436,latency_s,0.020222
1756998310.436,latency_s,0.019484
1756998310.436,latency_s,0.019415
1756998310.436,latency_s,0.020306
1756998310.443,latency_s,0.020095
1756998310.450,latency_s,0.020147
1756998310.450,latency_s,0.019858
1756998310.451,latency_s,0.018706
1756998310.451,latency_s,0.018512
1756998310.473,latency_s,0.019677
1756998310.495,latency_s,0.019575
1756998310.521,latency_s,0.020411
1756998310.521,latency_s,0.019629
1756998310.530,latency_s,0.020400
1756998310.530,latency_s,0.019499
1756998310.530,latency_s,0.019675
1756998310.533,latency_s,0.020638
1756998310.533,latency_s,0.020679
1756998310.533,latency_s,0.020754
1756998310.536,latency_s,0.020823
1756998310.536,latency_s,0.020665
1756998310.536,latency_s,0.020805
1756998310.536,latency_s,0.020320
1756998310.537,latency_s,0.021082
1756998310.537,latency_s,0.019866
1756998310.537,latency_s,0.020155
1756998310.537,latency_s,0.019820
1756998310.545,latency_s,0.020361
1756998310.553,latency_s,0.021996
1756998310.553,latency_s,0.022295
1756998310.553,latency_s,0.019865
1756998310.553,latency_s,0.020165
1756998310.573,latency_s,0.019736
1756998310.596,latency_s,0.020612
1756998310.622,latency_s,0.020575
1756998310.622,latency_s,0.020547
1756998310.631,latency_s,0.020962
1756998310.631,latency_s,0.020812
1756998310.631,latency_s,0.020744
1756998310.635,latency_s,0.021852
1756998310.635,latency_s,0.021958
1756998310.635,latency_s,0.021831
1756998310.635,latency_s,0.019718
1756998310.635,latency_s,0.019407
1756998310.635,latency_s,0.019113
1756998310.635,latency_s,0.019164
1756998310.638,latency_s,0.021660
1756998310.638,latency_s,0.021169
1756998310.638,latency_s,0.021321
1756998310.639,latency_s,0.020373
1756998310.645,latency_s,0.019819
1756998310.651,latency_s,0.020368
1756998310.651,latency_s,0.020434
1756998310.657,latency_s,0.023449
1756998310.657,latency_s,0.023380
1756998310.674,latency_s,0.019969
1756998310.699,latency_s,0.022233
1756998310.722,latency_s,0.020436
1756998310.722,latency_s,0.020334
1756998310.731,latency_s,0.020558
1756998310.731,latency_s,0.020719
1756998310.732,latency_s,0.020730
1756998310.735,latency_s,0.021048
1756998310.736,latency_s,0.022146
1756998310.736,latency_s,0.021441
1756998310.736,latency_s,0.020103
1756998310.736,latency_s,0.020343
1756998310.738,latency_s,0.021474
1756998310.739,latency_s,0.021743
1756998310.739,latency_s,0.021239
1756998310.739,latency_s,0.021096
1756998310.739,latency_s,0.020027
1756998310.739,latency_s,0.020083
1756998310.746,latency_s,0.020391
1756998310.752,latency_s,0.020654
1756998310.752,latency_s,0.020550
1756998310.753,latency_s,0.019360
1756998310.753,latency_s,0.019531
1756998310.775,latency_s,0.019719
1756998310.797,latency_s,0.019778
1756998310.823,latency_s,0.021333
1756998310.824,latency_s,0.021212
1756998310.831,latency_s,0.019973
1756998310.831,latency_s,0.020277
1756998310.831,latency_s,0.020424
1756998310.834,latency_s,0.020327
1756998310.834,latency_s,0.020501
1756998310.835,latency_s,0.019625
1756998310.837,latency_s,0.020594
1756998310.837,latency_s,0.020839
1756998310.837,latency_s,0.019255
1756998310.837,latency_s,0.019194
1756998310.837,latency_s,0.019568
1756998310.837,latency_s,0.018740
1756998310.839,latency_s,0.018742
1756998310.839,latency_s,0.018817
1756998310.845,latency_s,0.018745
1756998310.851,latency_s,0.020038
1756998310.852,latency_s,0.020118
1756998310.855,latency_s,0.020319
1756998310.855,latency_s,0.020314
1756998310.876,latency_s,0.019329
1756998310.905,latency_s,0.026428
1756998310.923,latency_s,0.020800
1756998310.923,latency_s,0.020653
1756998310.932,latency_s,0.021268
1756998310.933,latency_s,0.021531
1756998310.933,latency_s,0.021883
1756998310.934,latency_s,0.019483
1756998310.935,latency_s,0.020734
1756998310.935,latency_s,0.020055
1756998310.935,latency_s,0.018641
1756998310.935,latency_s,0.018806
1756998310.939,latency_s,0.020901
1756998310.939,latency_s,0.020576
1756998310.939,latency_s,0.020596
1756998310.939,latency_s,0.020132
1756998310.940,latency_s,0.018685
1756998310.940,latency_s,0.018789
1756998310.949,latency_s,0.022586
1756998310.952,latency_s,0.020308
1756998310.952,latency_s,0.020753
1756998310.955,latency_s,0.020006
1756998310.955,latency_s,0.020045
1756998310.977,latency_s,0.019918
1756998311.000,latency_s,0.020407
1756998311.023,latency_s,0.020172
1756998311.023,latency_s,0.020063
1756998311.033,latency_s,0.021485
1756998311.033,latency_s,0.021528
1756998311.033,latency_s,0.021665
1756998311.036,latency_s,0.020341
1756998311.036,latency_s,0.019913
1756998311.036,latency_s,0.020088
1756998311.036,latency_s,0.019304
1756998311.036,latency_s,0.019437
1756998311.038,latency_s,0.019652
1756998311.038,latency_s,0.019385
1756998311.038,latency_s,0.019144
1756998311.038,latency_s,0.019598
1756998311.041,latency_s,0.019349
1756998311.041,latency_s,0.019065
1756998311.049,latency_s,0.021867
1756998311.053,latency_s,0.020526
1756998311.053,latency_s,0.020195
1756998311.060,latency_s,0.024909
1756998311.060,latency_s,0.024685
1756998311.077,latency_s,0.019560
1756998311.101,latency_s,0.019924
1756998311.123,latency_s,0.019612
1756998311.125,latency_s,0.020926
1756998311.131,latency_s,0.019342
1756998311.131,latency_s,0.019205
1756998311.131,latency_s,0.019098
1756998311.137,latency_s,0.020764
1756998311.137,latency_s,0.020672
1756998311.137,latency_s,0.020757
1756998311.137,latency_s,0.020375
1756998311.137,latency_s,0.020395
1756998311.137,latency_s,0.018834
1756998311.139,latency_s,0.019771
1756998311.139,latency_s,0.020243
1756998311.139,latency_s,0.020224
1756998311.141,latency_s,0.019118
1756998311.142,latency_s,0.019196
1756998311.148,latency_s,0.020293
1756998311.155,latency_s,0.020792
1756998311.155,latency_s,0.019347
1756998311.155,latency_s,0.021800
1756998311.193,latency_s,0.055919
1756998311.193,latency_s,0.034317
1756998311.207,latency_s,0.024559
1756998311.224,latency_s,0.019760
1756998311.224,latency_s,0.019705
1756998311.233,latency_s,0.021395
1756998311.233,latency_s,0.021188
1756998311.233,latency_s,0.020685
1756998311.237,latency_s,0.019871
1756998311.237,latency_s,0.020180
1756998311.237,latency_s,0.020175
1756998311.237,latency_s,0.019781
1756998311.237,latency_s,0.019709
1756998311.239,latency_s,0.020144
1756998311.239,latency_s,0.019878
1756998311.239,latency_s,0.019607
1756998311.239,latency_s,0.019649
1756998311.248,latency_s,0.025098
1756998311.248,latency_s,0.025124
1756998311.248,latency_s,0.020511
1756998311.254,latency_s,0.019815
1756998311.254,latency_s,0.018855
1756998311.255,latency_s,0.018727
1756998311.256,latency_s,0.018660
1756998311.279,latency_s,0.019507
1756998311.305,latency_s,0.020881
1756998311.324,latency_s,0.019346
1756998311.325,latency_s,0.019343
1756998311.333,latency_s,0.019585
1756998311.339,latency_s,0.021121
1756998311.339,latency_s,0.021222
1756998311.339,latency_s,0.021186
1756998311.339,latency_s,0.021291
1756998311.339,latency_s,0.021441
1756998311.342,latency_s,0.021615
1756998311.342,latency_s,0.022172
1756998311.342,latency_s,0.021867
1756998311.342,latency_s,0.022317
1756998311.344,latency_s,0.019401
1756998311.344,latency_s,0.019540
1756998311.350,latency_s,0.021370
1756998311.356,latency_s,0.021192
1756998311.356,latency_s,0.021022
1756998311.357,latency_s,0.020273
1756998311.358,latency_s,0.020095
1756998311.380,latency_s,0.020294
1756998311.405,latency_s,0.019883
1756998311.425,latency_s,0.019286
1756998311.426,latency_s,0.019606
1756998311.442,latency_s,0.027163
1756998311.442,latency_s,0.023867
1756998311.442,latency_s,0.023918
1756998311.442,latency_s,0.024000
1756998311.442,latency_s,0.024098
1756998311.442,latency_s,0.024128
1756998311.442,latency_s,0.022414
1756998311.442,latency_s,0.022273
1756998311.442,latency_s,0.022184
1756998311.445,latency_s,0.019427
1756998311.445,latency_s,0.019390
1756998311.447,latency_s,0.018708
1756998311.456,latency_s,0.143352
1756998311.456,latency_s,0.042053
1756998311.458,latency_s,0.022988
1756998311.458,latency_s,0.022888
1756998311.459,latency_s,0.146425
1756998311.459,latency_s,0.045612
1756998311.459,latency_s,0.021098
1756998311.459,latency_s,0.019416
1756998311.481,latency_s,0.019366
1756998311.506,latency_s,0.020065
1756998311.527,latency_s,0.020539
1756998311.527,latency_s,0.020632
1756998311.533,latency_s,0.019825
1756998311.536,latency_s,0.020265
1756998311.536,latency_s,0.020333
1756998311.538,latency_s,0.019745
1756998311.538,latency_s,0.019774
1756998311.538,latency_s,0.019732
1756998311.538,latency_s,0.019869
1756998311.538,latency_s,0.019810
1756998311.539,latency_s,0.018884
1756998311.542,latency_s,0.021796
1756998311.542,latency_s,0.021586
1756998311.545,latency_s,0.019359
1756998311.549,latency_s,0.022057
1756998311.549,latency_s,0.020082
1756998311.555,latency_s,0.019403
1756998311.556,latency_s,0.019826
1756998311.558,latency_s,0.019473
1756998311.559,latency_s,0.138566
1756998311.559,latency_s,0.038319
1756998311.559,latency_s,0.018829
1756998311.583,latency_s,0.020471
1756998311.606,latency_s,0.019605
1756998311.629,latency_s,0.021518
1756998311.629,latency_s,0.021574
1756998311.634,latency_s,0.019250
1756998311.635,latency_s,0.018706
1756998311.637,latency_s,0.020072
1756998311.640,latency_s,0.021405
1756998311.640,latency_s,0.021464
1756998311.640,latency_s,0.021500
1756998311.640,latency_s,0.021344
1756998311.640,latency_s,0.021375
1756998311.640,latency_s,0.019902
1756998311.640,latency_s,0.019688
1756998311.640,latency_s,0.019704
1756998311.641,latency_s,0.020278
1756998311.647,latency_s,0.019767
1756998311.668,latency_s,0.041174
1756998311.668,latency_s,0.038472
1756998311.668,latency_s,0.032080
1756998311.668,latency_s,0.031167
1756998311.668,latency_s,0.029128
1756998311.668,latency_s,0.027103
1756998311.683,latency_s,0.020698
1756998311.706,latency_s,0.019618
1756998311.726,latency_s,0.018890
1756998311.726,latency_s,0.019004
1756998311.736,latency_s,0.019962
1756998311.738,latency_s,0.020246
1756998311.738,latency_s,0.020306
1756998311.738,latency_s,0.019119
1756998311.738,latency_s,0.019234
1756998311.738,latency_s,0.019033
1756998311.738,latency_s,0.019119
1756998311.742,latency_s,0.023093
1756998311.742,latency_s,0.021259
1756998311.742,latency_s,0.021332
1756998311.742,latency_s,0.020746
1756998311.742,latency_s,0.021315
1756998311.751,latency_s,0.023280
1756998311.751,latency_s,0.022332
1756998311.751,latency_s,0.020888
1756998311.757,latency_s,0.020753
1756998311.757,latency_s,0.019957
1756998311.761,latency_s,0.020420
1756998311.762,latency_s,0.019741
1756998311.783,latency_s,0.019423
1756998311.807,latency_s,0.019257
1756998311.828,latency_s,0.019764
1756998311.828,latency_s,0.019782
1756998311.836,latency_s,0.019629
1756998311.840,latency_s,0.021235
1756998311.840,latency_s,0.021333
1756998311.840,latency_s,0.020215
1756998311.840,latency_s,0.020478
1756998311.840,latency_s,0.020137
1756998311.840,latency_s,0.020429
1756998311.840,latency_s,0.020550
1756998311.843,latency_s,0.021495
1756998311.843,latency_s,0.021261
1756998311.843,latency_s,0.021070
1756998311.851,latency_s,0.028999
1756998311.851,latency_s,0.021966
1756998311.851,latency_s,0.021044
1756998311.851,latency_s,0.020184
1756998311.856,latency_s,0.018953
1756998311.858,latency_s,0.020179
1756998311.860,latency_s,0.019396
1756998311.861,latency_s,0.019000
1756998311.883,latency_s,0.019246
1756998311.910,latency_s,0.020752
1756998311.927,latency_s,0.019329
1756998311.927,latency_s,0.019178
1756998311.937,latency_s,0.019683
1756998311.938,latency_s,0.018908
1756998311.941,latency_s,0.021237
1756998311.941,latency_s,0.021687
1756998311.941,latency_s,0.020995
1756998311.941,latency_s,0.020949
1756998311.941,latency_s,0.021391
1756998311.941,latency_s,0.021345
1756998311.944,latency_s,0.021949
1756998311.944,latency_s,0.021846
1756998311.952,latency_s,0.029081
1756998311.952,latency_s,0.029858
1756998311.952,latency_s,0.022655
1756998311.952,latency_s,0.022160
1756998311.952,latency_s,0.021508
1756998311.959,latency_s,0.021417
1756998311.959,latency_s,0.021267
1756998311.963,latency_s,0.020543
1756998311.964,latency_s,0.020600
1756998311.985,latency_s,0.019584
1756998312.011,latency_s,0.020164
1756998312.028,latency_s,0.019478
1756998312.028,latency_s,0.018994
1756998312.038,latency_s,0.020259
1756998312.042,latency_s,0.021080
1756998312.042,latency_s,0.021167
1756998312.042,latency_s,0.021070
1756998312.042,latency_s,0.021111
1756998312.042,latency_s,0.021292
1756998312.042,latency_s,0.021016
1756998312.042,latency_s,0.021151
1756998312.044,latency_s,0.021243
1756998312.044,latency_s,0.021185
1756998312.044,latency_s,0.021605
1756998312.044,latency_s,0.021674
1756998312.053,latency_s,0.022285
1756998312.053,latency_s,0.022260
1756998312.054,latency_s,0.022145
1756998312.060,latency_s,0.020997
1756998312.060,latency_s,0.021125
1756998312.064,latency_s,0.020402
1756998312.064,latency_s,0.020591
1756998312.088,latency_s,0.020749
1756998312.112,latency_s,0.020516
1756998312.128,latency_s,0.019029
1756998312.131,latency_s,0.020574
1756998312.141,latency_s,0.020468
1756998312.141,latency_s,0.020068
1756998312.142,latency_s,0.020338
1756998312.142,latency_s,0.020175
1756998312.142,latency_s,0.020031
1756998312.142,latency_s,0.020162
1756998312.142,latency_s,0.020148
1756998312.142,latency_s,0.018919
1756998312.142,latency_s,0.019014
1756998312.145,latency_s,0.021401
1756998312.145,latency_s,0.021709
1756998312.156,latency_s,0.025069
1756998312.156,latency_s,0.024732
1756998312.156,latency_s,0.024994
1756998312.160,latency_s,0.020593
1756998312.160,latency_s,0.020532
1756998312.164,latency_s,0.020271
1756998312.164,latency_s,0.020078
1756998312.188,latency_s,0.019747
1756998312.212,latency_s,0.019634
1756998312.229,latency_s,0.019773
1756998312.230,latency_s,0.018931
1756998312.242,latency_s,0.020409
1756998312.242,latency_s,0.020490
1756998312.242,latency_s,0.020168
1756998312.242,latency_s,0.020490
1756998312.242,latency_s,0.020666
1756998312.242,latency_s,0.020393
1756998312.243,latency_s,0.020245
1756998312.246,latency_s,0.022394
1756998312.246,latency_s,0.022719
1756998312.246,latency_s,0.022782
1756998312.247,latency_s,0.022604
1756998312.258,latency_s,0.025737
1756998312.258,latency_s,0.025260
1756998312.258,latency_s,0.025212
1756998312.260,latency_s,0.019278
1756998312.260,latency_s,0.019473
1756998312.264,latency_s,0.142559
1756998312.265,latency_s,0.042244
1756998312.265,latency_s,0.020207
1756998312.265,latency_s,0.020180
1756998312.288,latency_s,0.020108
1756998312.313,latency_s,0.019942
1756998312.329,latency_s,0.019235
1756998312.331,latency_s,0.019323
1756998312.345,latency_s,0.022534
1756998312.345,latency_s,0.022371
1756998312.345,latency_s,0.021414
1756998312.345,latency_s,0.021154
1756998312.345,latency_s,0.021253
1756998312.345,latency_s,0.021132
1756998312.345,latency_s,0.021679
1756998312.345,latency_s,0.021118
1756998312.345,latency_s,0.019420
1756998312.345,latency_s,0.021051
1756998312.345,latency_s,0.021291
1756998312.345,latency_s,0.021262
1756998312.360,latency_s,0.027010
1756998312.361,latency_s,0.028088
1756998312.361,latency_s,0.028244
1756998312.361,latency_s,0.020488
1756998312.361,latency_s,0.019926
1756998312.365,latency_s,0.019931
1756998312.365,latency_s,0.019362
1756998312.388,latency_s,0.019295
1756998312.415,latency_s,0.021208
1756998312.429,latency_s,0.019169
1756998312.432,latency_s,0.019310
1756998312.443,latency_s,0.020388
1756998312.443,latency_s,0.019583
1756998312.443,latency_s,0.018891
1756998312.446,latency_s,0.021837
1756998312.446,latency_s,0.021979
1756998312.446,latency_s,0.021730
1756998312.446,latency_s,0.022109
1756998312.446,latency_s,0.021798
1756998312.446,latency_s,0.022285
1756998312.446,latency_s,0.020301
1756998312.446,latency_s,0.020552
1756998312.447,latency_s,0.020380
1756998312.452,latency_s,0.019083
1756998312.453,latency_s,0.019109
1756998312.453,latency_s,0.019081
1756998312.461,latency_s,0.019613
1756998312.461,latency_s,0.019316
1756998312.467,latency_s,0.021282
1756998312.467,latency_s,0.020388
1756998312.489,latency_s,0.019778
1756998312.515,latency_s,0.020002
1756998312.531,latency_s,0.020821
1756998312.534,latency_s,0.020428
1756998312.542,latency_s,0.019285
1756998312.547,latency_s,0.022361
1756998312.547,latency_s,0.022398
1756998312.547,latency_s,0.022099
1756998312.547,latency_s,0.022050
1756998312.547,latency_s,0.022394
1756998312.547,latency_s,0.022571
1756998312.547,latency_s,0.022492
1756998312.547,latency_s,0.022304
1756998312.547,latency_s,0.019944
1756998312.547,latency_s,0.020099
1756998312.547,latency_s,0.020041
1756998312.554,latency_s,0.020418
1756998312.577,latency_s,0.042162
1756998312.577,latency_s,0.042175
1756998312.577,latency_s,0.035639
1756998312.577,latency_s,0.034653
1756998312.577,latency_s,0.031091
1756998312.577,latency_s,0.027611
1756998312.589,latency_s,0.019016
1756998312.616,latency_s,0.020182
1756998312.632,latency_s,0.020539
1756998312.634,latency_s,0.019649
1756998312.643,latency_s,0.020488
1756998312.645,latency_s,0.020081
1756998312.645,latency_s,0.019625
1756998312.645,latency_s,0.020354
1756998312.645,latency_s,0.020236
1756998312.645,latency_s,0.020021
1756998312.645,latency_s,0.020102
1756998312.646,latency_s,0.020578
1756998312.649,latency_s,0.023903
1756998312.659,latency_s,0.030714
1756998312.659,latency_s,0.030809
1756998312.659,latency_s,0.030741
1756998312.659,latency_s,0.025495
1756998312.659,latency_s,0.023517
1756998312.659,latency_s,0.023444
1756998312.663,latency_s,0.020985
1756998312.663,latency_s,0.020413
1756998312.666,latency_s,0.019565
1756998312.669,latency_s,0.019373
1756998312.691,latency_s,0.020046
1756998312.717,latency_s,0.019946
1756998312.731,latency_s,0.019668
1756998312.735,latency_s,0.019163
1756998312.742,latency_s,0.019223
1756998312.746,latency_s,0.020615
1756998312.746,latency_s,0.020752
1756998312.747,latency_s,0.020849
1756998312.747,latency_s,0.020190
1756998312.747,latency_s,0.020408
1756998312.747,latency_s,0.020413
1756998312.747,latency_s,0.020050
1756998312.747,latency_s,0.020412
1756998312.750,latency_s,0.021633
1756998312.750,latency_s,0.021585
1756998312.750,latency_s,0.021743
1756998312.753,latency_s,0.019256
1756998312.762,latency_s,0.025607
1756998312.762,latency_s,0.025583
1756998312.763,latency_s,0.019774
1756998312.763,latency_s,0.020224
1756998312.767,latency_s,0.019542
1756998312.770,latency_s,0.019409
1756998312.793,latency_s,0.021140
1756998312.817,latency_s,0.019233
1756998312.832,latency_s,0.019870
1756998312.836,latency_s,0.019707
1756998312.844,latency_s,0.020089
1756998312.847,latency_s,0.021402
1756998312.847,latency_s,0.021291
1756998312.847,latency_s,0.021184
1756998312.848,latency_s,0.020782
1756998312.867,latency_s,0.039643
1756998312.867,latency_s,0.039856
1756998312.867,latency_s,0.039410
1756998312.867,latency_s,0.039523
1756998312.867,latency_s,0.037289
1756998312.867,latency_s,0.037246
1756998312.867,latency_s,0.037353
1756998312.867,latency_s,0.033307
1756998312.867,latency_s,0.030595
1756998312.867,latency_s,0.030754
1756998312.867,latency_s,0.024241
1756998312.867,latency_s,0.022631
1756998312.867,latency_s,0.019578
1756998312.872,latency_s,0.021057
1756998312.895,latency_s,0.021726
1756998312.919,latency_s,0.020091
1756998312.933,latency_s,0.020050
1756998312.937,latency_s,0.020048
1756998312.944,latency_s,0.018986
1756998312.951,latency_s,0.023937
1756998312.951,latency_s,0.024281
1756998312.951,latency_s,0.024294
1756998312.951,latency_s,0.023846
1756998312.951,latency_s,0.023495
1756998312.951,latency_s,0.023940
1756998312.951,latency_s,0.023787
1756998312.951,latency_s,0.023833
1756998312.951,latency_s,0.020778
1756998312.951,latency_s,0.020758
1756998312.951,latency_s,0.020818
1756998312.954,latency_s,0.019679
1756998312.957,latency_s,0.019782
1756998312.966,latency_s,0.028581
1756998312.966,latency_s,0.022189
1756998312.966,latency_s,0.020842
1756998312.968,latency_s,0.019592
1756998312.971,latency_s,0.019860
1756998312.995,latency_s,0.020225
1756998313.020,latency_s,0.020816
1756998313.033,latency_s,0.019545
1756998313.037,latency_s,0.019538
1756998313.044,latency_s,0.019224
1756998313.049,latency_s,0.021995
1756998313.049,latency_s,0.022158
1756998313.049,latency_s,0.021777
1756998313.049,latency_s,0.021395
1756998313.049,latency_s,0.021485
1756998313.052,latency_s,0.023918
1756998313.052,latency_s,0.024418
1756998313.052,latency_s,0.023907
1756998313.052,latency_s,0.021101
1756998313.052,latency_s,0.021112
1756998313.053,latency_s,0.021142
1756998313.054,latency_s,0.019491
1756998313.064,latency_s,0.026147
1756998313.064,latency_s,0.026129
1756998313.064,latency_s,0.019995
1756998313.067,latency_s,0.020103
1756998313.068,latency_s,0.018927
1756998313.072,latency_s,0.020288
1756998313.096,latency_s,0.020075
1756998313.120,latency_s,0.019782
1756998313.135,latency_s,0.020581
1756998313.138,latency_s,0.019705
1756998313.145,latency_s,0.019680
1756998313.147,latency_s,0.019221
1756998313.151,latency_s,0.021949
1756998313.151,latency_s,0.022865
1756998313.151,latency_s,0.022919
1756998313.152,latency_s,0.022334
1756998313.152,latency_s,0.023253
1756998313.152,latency_s,0.023289
1756998313.152,latency_s,0.023481
1756998313.152,latency_s,0.020196
1756998313.152,latency_s,0.020267
1756998313.152,latency_s,0.020220
1756998313.154,latency_s,0.019349
1756998313.161,latency_s,0.023343
1756998313.162,latency_s,0.023486
1756998313.164,latency_s,0.019162
1756998313.167,latency_s,0.019057
1756998313.169,latency_s,0.019726
1756998313.173,latency_s,0.020043
1756998313.197,latency_s,0.020671
1756998313.221,latency_s,0.020051
1756998313.234,latency_s,0.018959
1756998313.239,latency_s,0.020187
1756998313.246,latency_s,0.019342
1756998313.247,latency_s,0.019626
1756998313.250,latency_s,0.021223
1756998313.250,latency_s,0.021274
1756998313.250,latency_s,0.021125
1756998313.250,latency_s,0.020556
1756998313.250,latency_s,0.021023
1756998313.250,latency_s,0.021258
1756998313.250,latency_s,0.021163
1756998313.253,latency_s,0.020528
1756998313.253,latency_s,0.020598
1756998313.253,latency_s,0.020349
1756998313.256,latency_s,0.019825
1756998313.262,latency_s,0.023717
1756998313.263,latency_s,0.023891
1756998313.265,latency_s,0.020003
1756998313.269,latency_s,0.020155
1756998313.271,latency_s,0.020614
1756998313.274,latency_s,0.019556
1756998313.298,latency_s,0.020968
1756998313.323,latency_s,0.020204
1756998313.335,latency_s,0.019376
1756998313.339,latency_s,0.019379
1756998313.345,latency_s,0.018942
1756998313.351,latency_s,0.023483
1756998313.352,latency_s,0.022885
1756998313.352,latency_s,0.022914
1756998313.352,latency_s,0.022571
1756998313.352,latency_s,0.022758
1756998313.352,latency_s,0.022598
1756998313.353,latency_s,0.023596
1756998313.353,latency_s,0.023449
1756998313.353,latency_s,0.020366
1756998313.353,latency_s,0.020243
1756998313.353,latency_s,0.020261
1756998313.356,latency_s,0.020328
1756998313.359,latency_s,0.019691
1756998313.367,latency_s,0.026887
1756998313.367,latency_s,0.021518
1756998313.368,latency_s,0.019473
1756998313.370,latency_s,0.019173
1756998313.375,latency_s,0.019871
1756998313.400,latency_s,0.021217
1756998313.424,latency_s,0.020411
1756998313.436,latency_s,0.019770
1756998313.440,latency_s,0.018907
1756998313.446,latency_s,0.018878
1756998313.448,latency_s,0.020015
1756998313.449,latency_s,0.019036
1756998313.449,latency_s,0.019093
1756998313.449,latency_s,0.019171
1756998313.449,latency_s,0.019485
1756998313.449,latency_s,0.018969
1756998313.451,latency_s,0.021334
1756998313.451,latency_s,0.021193
1756998313.455,latency_s,0.020811
1756998313.455,latency_s,0.020914
1756998313.455,latency_s,0.020936
1756998313.456,latency_s,0.018868
1756998313.465,latency_s,0.025076
1756998313.465,latency_s,0.023609
1756998313.465,latency_s,0.019359
1756998313.470,latency_s,0.020461
1756998313.471,latency_s,0.019398
1756998313.476,latency_s,0.020937
1756998313.502,latency_s,0.019475
1756998313.524,latency_s,0.019998
1756998313.536,latency_s,0.019617
1756998313.540,latency_s,0.019203
1756998313.546,latency_s,0.019467
1756998313.550,latency_s,0.020648
1756998313.550,latency_s,0.020135
1756998313.550,latency_s,0.020194
1756998313.550,latency_s,0.019924
1756998313.550,latency_s,0.020001
1756998313.550,latency_s,0.020245
1756998313.568,latency_s,0.037626
1756998313.568,latency_s,0.037260
1756998313.568,latency_s,0.033166
1756998313.568,latency_s,0.033187
1756998313.568,latency_s,0.033210
1756998313.568,latency_s,0.030932
1756998313.568,latency_s,0.027632
1756998313.568,latency_s,0.026584
1756998313.568,latency_s,0.022283
1756998313.570,latency_s,0.019604
1756998313.572,latency_s,0.019853
1756998313.576,latency_s,0.019490
1756998313.604,latency_s,0.019639
1756998313.625,latency_s,0.020554
1756998313.637,latency_s,0.019399
1756998313.641,latency_s,0.019341
1756998313.648,latency_s,0.019776
1756998313.651,latency_s,0.021672
1756998313.652,latency_s,0.021461
1756998313.652,latency_s,0.021543
1756998313.652,latency_s,0.021381
1756998313.652,latency_s,0.021440
1756998313.652,latency_s,0.021031
1756998313.657,latency_s,0.025953
1756998313.657,latency_s,0.026657
1756998313.657,latency_s,0.021775
1756998313.658,latency_s,0.021816
1756998313.658,latency_s,0.021853
1756998313.658,latency_s,0.019427
1756998313.667,latency_s,0.025593
1756998313.667,latency_s,0.024623
1756998313.667,latency_s,0.020809
1756998313.671,latency_s,0.020742
1756998313.671,latency_s,0.019010
1756998313.676,latency_s,0.019557
1756998313.708,latency_s,0.022639
1756998313.724,latency_s,0.019494
1756998313.738,latency_s,0.019230
1756998313.742,latency_s,0.019250
1756998313.747,latency_s,0.019427
1756998313.750,latency_s,0.019643
1756998313.750,latency_s,0.019549
1756998313.750,latency_s,0.019082
1756998313.750,latency_s,0.019594
1756998313.750,latency_s,0.020259
1756998313.750,latency_s,0.019412
1756998313.758,latency_s,0.027298
1756998313.758,latency_s,0.027117
1756998313.758,latency_s,0.022086
1756998313.759,latency_s,0.022144
1756998313.759,latency_s,0.021969
1756998313.759,latency_s,0.020278
1756998313.766,latency_s,0.024436
1756998313.766,latency_s,0.023320
1756998313.767,latency_s,0.019945
1756998313.772,latency_s,0.020189
1756998313.773,latency_s,0.019764
1756998313.777,latency_s,0.020176
1756998313.806,latency_s,0.019672
1756998313.826,latency_s,0.019470
1756998313.840,latency_s,0.020750
1756998313.843,latency_s,0.019442
1756998313.848,latency_s,0.018972
1756998313.853,latency_s,0.022601
1756998313.853,latency_s,0.022586
1756998313.853,latency_s,0.022213
1756998313.854,latency_s,0.022915
1756998313.854,latency_s,0.022714
1756998313.854,latency_s,0.022329
1756998313.854,latency_s,0.022148
1756998313.854,latency_s,0.022392
1756998313.858,latency_s,0.021127
1756998313.858,latency_s,0.021181
1756998313.858,latency_s,0.021187
1756998313.858,latency_s,0.019754
1756998313.861,latency_s,0.019110
1756998313.869,latency_s,0.025353
1756998313.869,latency_s,0.021454
1756998313.874,latency_s,0.020409
1756998313.874,latency_s,0.020435
1756998313.878,latency_s,0.020158
1756998313.909,latency_s,0.020532
1756998313.928,latency_s,0.020279
1756998313.938,latency_s,0.019067
1756998313.944,latency_s,0.019560
1756998313.948,latency_s,0.018814
1756998313.950,latency_s,0.018774
1756998313.955,latency_s,0.022964
1756998313.955,latency_s,0.022776
1756998313.955,latency_s,0.023540
1756998313.955,latency_s,0.023552
1756998313.955,latency_s,0.023099
1756998313.955,latency_s,0.023187
1756998313.955,latency_s,0.023818
1756998313.958,latency_s,0.020885
1756998313.958,latency_s,0.020796
1756998313.958,latency_s,0.020947
1756998313.959,latency_s,0.019679
1756998313.962,latency_s,0.019485
1756998313.964,latency_s,0.019505
1756998313.968,latency_s,0.020324
1756998313.973,latency_s,0.019562
1756998313.974,latency_s,0.020292
1756998313.980,latency_s,0.019770
1756998314.009,latency_s,0.019626
1756998314.027,latency_s,0.019676
1756998314.039,latency_s,0.019520
1756998314.046,latency_s,0.019754
1756998314.049,latency_s,0.018935
1756998314.053,latency_s,0.020762
1756998314.053,latency_s,0.020885
1756998314.053,latency_s,0.020510
1756998314.053,latency_s,0.020931
1756998314.053,latency_s,0.020615
1756998314.053,latency_s,0.020751
1756998314.054,latency_s,0.021074
1756998314.064,latency_s,0.031682
1756998314.065,latency_s,0.026401
1756998314.065,latency_s,0.026505
1756998314.065,latency_s,0.026212
1756998314.065,latency_s,0.025586
1756998314.083,latency_s,0.039208
1756998314.083,latency_s,0.037601
1756998314.083,latency_s,0.034280
1756998314.083,latency_s,0.029250
1756998314.083,latency_s,0.028297
1756998314.083,latency_s,0.021275
1756998314.111,latency_s,0.019945
1756998314.129,latency_s,0.020309
1756998314.140,latency_s,0.019607
1756998314.147,latency_s,0.019926
1756998314.149,latency_s,0.018941
1756998314.152,latency_s,0.019307
1756998314.152,latency_s,0.019053
1756998314.155,latency_s,0.021992
1756998314.155,latency_s,0.022134
1756998314.155,latency_s,0.022059
1756998314.163,latency_s,0.030694
1756998314.163,latency_s,0.030469
1756998314.164,latency_s,0.030461
1756998314.164,latency_s,0.024756
1756998314.164,latency_s,0.024819
1756998314.164,latency_s,0.024843
1756998314.164,latency_s,0.024384
1756998314.164,latency_s,0.019959
1756998314.168,latency_s,0.021752
1756998314.169,latency_s,0.019561
1756998314.174,latency_s,0.019690
1756998314.175,latency_s,0.019716
1756998314.182,latency_s,0.019218
1756998314.211,latency_s,0.019457
1756998314.229,latency_s,0.019489
1756998314.240,latency_s,0.019216
1756998314.250,latency_s,0.019490
1756998314.250,latency_s,0.019576
1756998314.252,latency_s,0.019415
1756998314.252,latency_s,0.018789
1756998314.252,latency_s,0.018826
1756998314.252,latency_s,0.019310
1756998314.252,latency_s,0.018658
1756998314.252,latency_s,0.019295
1756998314.266,latency_s,0.031432
1756998314.266,latency_s,0.026039
1756998314.266,latency_s,0.026087
1756998314.266,latency_s,0.026007
1756998314.266,latency_s,0.025837
1756998314.266,latency_s,0.021514
1756998314.266,latency_s,0.019090
1756998314.269,latency_s,0.019185
1756998314.276,latency_s,0.020959
1756998314.276,latency_s,0.020288
1756998314.283,latency_s,0.019323
1756998314.313,latency_s,0.020961
1756998314.330,latency_s,0.019957
1756998314.340,latency_s,0.019323
1756998314.350,latency_s,0.020040
1756998314.350,latency_s,0.019893
1756998314.353,latency_s,0.019701
1756998314.353,latency_s,0.019640
1756998314.353,latency_s,0.019338
1756998314.353,latency_s,0.019490
1756998314.353,latency_s,0.019136
1756998314.356,latency_s,0.021754
1756998314.365,latency_s,0.030073
1756998314.365,latency_s,0.023987
1756998314.365,latency_s,0.023843
1756998314.365,latency_s,0.024015
1756998314.365,latency_s,0.024071
1756998314.370,latency_s,0.024490
1756998314.370,latency_s,0.022399
1756998314.370,latency_s,0.019976
1756998314.377,latency_s,0.144428
1756998314.377,latency_s,0.044209
1756998314.377,latency_s,0.021672
1756998314.378,latency_s,0.022201
1756998314.385,latency_s,0.021359
1756998314.413,latency_s,0.019276
1756998314.430,latency_s,0.019750
1756998314.442,latency_s,0.020421
1756998314.451,latency_s,0.020151
1756998314.451,latency_s,0.019796
1756998314.455,latency_s,0.021944
1756998314.455,latency_s,0.021717
1756998314.455,latency_s,0.021544
1756998314.455,latency_s,0.021503
1756998314.455,latency_s,0.021187
1756998314.455,latency_s,0.021091
1756998314.456,latency_s,0.021816
1756998314.467,latency_s,0.031794
1756998314.467,latency_s,0.025124
1756998314.467,latency_s,0.025055
1756998314.467,latency_s,0.025218
1756998314.467,latency_s,0.025288
1756998314.467,latency_s,0.021148
1756998314.470,latency_s,0.021923
1756998314.470,latency_s,0.020004
1756998314.478,latency_s,0.020953
1756998314.479,latency_s,0.021140
1756998314.485,latency_s,0.019715
1756998314.514,latency_s,0.019959
1756998314.531,latency_s,0.020333
1756998314.542,latency_s,0.019711
1756998314.553,latency_s,0.021531
1756998314.553,latency_s,0.021274
1756998314.554,latency_s,0.019807
1756998314.554,latency_s,0.019850
1756998314.554,latency_s,0.019706
1756998314.558,latency_s,0.023716
1756998314.558,latency_s,0.023503
1756998314.558,latency_s,0.023222
1756998314.558,latency_s,0.023618
1756998314.558,latency_s,0.024282
1756998314.563,latency_s,0.019615
1756998314.563,latency_s,0.019691
1756998314.567,latency_s,0.024026
1756998314.567,latency_s,0.024146
1756998314.567,latency_s,0.021436
1756998314.569,latency_s,0.019148
1756998314.570,latency_s,0.019274
1756998314.579,latency_s,0.020815
1756998314.580,latency_s,0.021212
1756998314.585,latency_s,0.019560
1756998314.616,latency_s,0.019471
1756998314.632,latency_s,0.020308
1756998314.643,latency_s,0.019644
1756998314.652,latency_s,0.019552
1756998314.655,latency_s,0.021004
1756998314.655,latency_s,0.020472
1756998314.655,latency_s,0.020383
1756998314.655,latency_s,0.020806
1756998314.655,latency_s,0.019752
1756998314.655,latency_s,0.020097
1756998314.655,latency_s,0.020388
1756998314.655,latency_s,0.019932
1756998314.655,latency_s,0.019597
1756998314.664,latency_s,0.019839
1756998314.664,latency_s,0.019948
1756998314.670,latency_s,0.025637
1756998314.670,latency_s,0.025635
1756998314.670,latency_s,0.023021
1756998314.670,latency_s,0.019864
1756998314.671,latency_s,0.019294
1756998314.679,latency_s,0.019903
1756998314.680,latency_s,0.020451
1756998314.688,latency_s,0.020761
1756998314.718,latency_s,0.019990
1756998314.734,latency_s,0.020964
1756998314.744,latency_s,0.020307
1756998314.752,latency_s,0.019214
1756998314.756,latency_s,0.022332
1756998314.756,latency_s,0.022086
1756998314.756,latency_s,0.021886
1756998314.756,latency_s,0.021872
1756998314.756,latency_s,0.021270
1756998314.756,latency_s,0.021624
1756998314.757,latency_s,0.021135
1756998314.757,latency_s,0.020846
1756998314.757,latency_s,0.021957
1756998314.764,latency_s,0.019695
1756998314.765,latency_s,0.018740
1756998314.768,latency_s,0.020347
1756998314.768,latency_s,0.020440
1756998314.768,latency_s,0.019533
1756998314.772,latency_s,0.020177
1756998314.772,latency_s,0.020720
1756998314.780,latency_s,0.019903
1756998314.810,latency_s,0.050016
1756998314.810,latency_s,0.042009
1756998314.826,latency_s,0.025396
1756998314.833,latency_s,0.019406
1756998314.847,latency_s,0.020896
1756998314.853,latency_s,0.019314
1756998314.853,latency_s,0.018453
1756998314.856,latency_s,0.021482
1756998314.856,latency_s,0.021295
1756998314.856,latency_s,0.021378
1756998314.856,latency_s,0.020515
1756998314.856,latency_s,0.021290
1756998314.867,latency_s,0.031193
1756998314.867,latency_s,0.031853
1756998314.867,latency_s,0.030417
1756998314.867,latency_s,0.022161
1756998314.867,latency_s,0.018805
1756998314.872,latency_s,0.023468
1756998314.872,latency_s,0.024710
1756998314.872,latency_s,0.024751
1756998314.873,latency_s,0.020555
1756998314.873,latency_s,0.020688
1756998314.881,latency_s,0.020697
1756998314.882,latency_s,0.019886
1756998314.889,latency_s,0.019420
1756998314.923,latency_s,0.020047
1756998314.934,latency_s,0.019827
1756998314.946,latency_s,0.019254
1756998314.959,latency_s,0.024432
1756998314.959,latency_s,0.023523
1756998314.959,latency_s,0.023714
1756998314.959,latency_s,0.024219
1756998314.959,latency_s,0.023196
1756998314.959,latency_s,0.022909
1756998314.959,latency_s,0.024062
1756998314.961,latency_s,0.026315
1756998314.961,latency_s,0.024555
1756998314.961,latency_s,0.025485
1756998314.965,latency_s,0.019214
1756998314.975,latency_s,0.026200
1756998314.975,latency_s,0.026185
1756998314.975,latency_s,0.025669
1756998314.975,latency_s,0.025695
1756998314.975,latency_s,0.022413
1756998314.975,latency_s,0.021154
1756998314.981,latency_s,0.019876
1756998314.981,latency_s,0.019440
1756998314.991,latency_s,0.020833
1756998315.024,latency_s,0.020398
1756998315.035,latency_s,0.019886
1756998315.048,latency_s,0.019462
1756998315.059,latency_s,0.023925
1756998315.059,latency_s,0.023650
1756998315.059,latency_s,0.023832
1756998315.060,latency_s,0.023731
1756998315.060,latency_s,0.023895
1756998315.060,latency_s,0.023444
1756998315.060,latency_s,0.023544
1756998315.060,latency_s,0.023030
1756998315.060,latency_s,0.022923
1756998315.063,latency_s,0.025711
1756998315.065,latency_s,0.019345
1756998315.075,latency_s,0.026165
1756998315.076,latency_s,0.026256
1756998315.076,latency_s,0.025469
1756998315.076,latency_s,0.024599
1756998315.076,latency_s,0.021648
1756998315.076,latency_s,0.020794
1756998315.082,latency_s,0.019558
1756998315.082,latency_s,0.019183
1756998315.091,latency_s,0.020432
1756998315.127,latency_s,0.020548
1756998315.135,latency_s,0.019187
1756998315.149,latency_s,0.020140
1756998315.161,latency_s,0.024770
1756998315.161,latency_s,0.024618
1756998315.161,latency_s,0.025090
1756998315.161,latency_s,0.025038
1756998315.161,latency_s,0.025187
1756998315.161,latency_s,0.025212
1756998315.161,latency_s,0.024895
1756998315.161,latency_s,0.024567
1756998315.162,latency_s,0.023992
1756998315.162,latency_s,0.023745
1756998315.165,latency_s,0.019049
1756998315.170,latency_s,0.020930
1756998315.171,latency_s,0.020916
1756998315.172,latency_s,0.021223
1756998315.172,latency_s,0.019798
1756998315.174,latency_s,0.020064
1756998315.176,latency_s,0.020363
1756998315.183,latency_s,0.019580
1756998315.183,latency_s,0.019612
1756998315.190,latency_s,0.020097
1756998315.228,latency_s,0.020515
1756998315.243,latency_s,0.019506
1756998315.250,latency_s,0.020189
1756998315.258,latency_s,0.021157
1756998315.259,latency_s,0.021621
1756998315.259,latency_s,0.021683
1756998315.259,latency_s,0.021155
1756998315.259,latency_s,0.020562
1756998315.259,latency_s,0.021823
1756998315.259,latency_s,0.021945
1756998315.259,latency_s,0.021535
1756998315.259,latency_s,0.021647
1756998315.274,latency_s,0.035886
1756998315.275,latency_s,0.028499
1756998315.275,latency_s,0.024618
1756998315.275,latency_s,0.024467
1756998315.276,latency_s,0.024707
1756998315.276,latency_s,0.023603
1756998315.276,latency_s,0.021582
1756998315.277,latency_s,0.019945
1756998315.284,latency_s,0.020642
1756998315.285,latency_s,0.020396
1756998315.291,latency_s,0.020169
1756998315.329,latency_s,0.020927
1756998315.344,latency_s,0.019552
1756998315.350,latency_s,0.019516
1756998315.357,latency_s,0.019693
1756998315.357,latency_s,0.019618
1756998315.357,latency_s,0.019333
1756998315.357,latency_s,0.019689
1756998315.361,latency_s,0.022256
1756998315.361,latency_s,0.022860
1756998315.380,latency_s,0.042878
1756998315.381,latency_s,0.042740
1756998315.381,latency_s,0.042744
1756998315.381,latency_s,0.042661
1756998315.381,latency_s,0.034231
1756998315.381,latency_s,0.029796
1756998315.381,latency_s,0.029560
1756998315.381,latency_s,0.029058
1756998315.381,latency_s,0.028143
1756998315.381,latency_s,0.026114
1756998315.381,latency_s,0.023094
1756998315.385,latency_s,0.020304
1756998315.390,latency_s,0.026108
1756998315.393,latency_s,0.020507
1756998315.431,latency_s,0.021302
1756998315.445,latency_s,0.020384
1756998315.451,latency_s,0.019447
1756998315.462,latency_s,0.024311
1756998315.462,latency_s,0.024341
1756998315.462,latency_s,0.024577
1756998315.462,latency_s,0.023906
1756998315.463,latency_s,0.024446
1756998315.467,latency_s,0.029011
1756998315.467,latency_s,0.028726
1756998315.467,latency_s,0.029216
1756998315.467,latency_s,0.028544
1756998315.467,latency_s,0.028276
1756998315.467,latency_s,0.020868
1756998315.471,latency_s,0.019629
1756998315.478,latency_s,0.026133
1756998315.478,latency_s,0.025205
1756998315.478,latency_s,0.024044
1756998315.478,latency_s,0.022889
1756998315.478,latency_s,0.019671
1756998315.485,latency_s,0.020040
1756998315.487,latency_s,0.021390
1756998315.495,latency_s,0.021265
1756998315.530,latency_s,0.019613
1756998315.546,latency_s,0.020083
1756998315.553,latency_s,0.020216
1756998315.561,latency_s,0.022415
1756998315.561,latency_s,0.022563
1756998315.561,latency_s,0.022293
1756998315.561,latency_s,0.022118
1756998315.561,latency_s,0.021826
1756998315.561,latency_s,0.021735
1756998315.561,latency_s,0.021725
1756998315.561,latency_s,0.021966
1756998315.561,latency_s,0.021685
1756998315.561,latency_s,0.021858
1756998315.577,latency_s,0.030249
1756998315.577,latency_s,0.026041
1756998315.577,latency_s,0.025544
1756998315.577,latency_s,0.024239
1756998315.578,latency_s,0.023140
1756998315.578,latency_s,0.022122
1756998315.580,latency_s,0.020582
1756998315.587,latency_s,0.021364
1756998315.587,latency_s,0.021939
1756998315.595,latency_s,0.020254
1756998315.631,latency_s,0.020088
1756998315.647,latency_s,0.019964
1756998315.652,latency_s,0.019333
1756998315.659,latency_s,0.019781
1756998315.660,latency_s,0.019880
1756998315.661,latency_s,0.020886
1756998315.661,latency_s,0.020401
1756998315.661,latency_s,0.021235
1756998315.661,latency_s,0.020658
1756998315.661,latency_s,0.021736
1756998315.661,latency_s,0.021175
1756998315.661,latency_s,0.020797
1756998315.661,latency_s,0.021178
1756998315.677,latency_s,0.030309
1756998315.678,latency_s,0.026158
1756998315.678,latency_s,0.025739
1756998315.678,latency_s,0.024242
1756998315.678,latency_s,0.023168
1756998315.678,latency_s,0.021013
1756998315.703,latency_s,0.042605
1756998315.703,latency_s,0.036944
1756998315.703,latency_s,0.036944
1756998315.703,latency_s,0.027713
1756998315.732,latency_s,0.019744
1756998315.747,latency_s,0.019748
1756998315.753,latency_s,0.019207
1756998315.762,latency_s,0.022638
1756998315.762,latency_s,0.022450
1756998315.762,latency_s,0.022131
1756998315.762,latency_s,0.021977
1756998315.762,latency_s,0.022230
1756998315.762,latency_s,0.022053
1756998315.763,latency_s,0.022323
1756998315.763,latency_s,0.021912
1756998315.763,latency_s,0.022747
1756998315.763,latency_s,0.021575
1756998315.777,latency_s,0.028708
1756998315.777,latency_s,0.024855
1756998315.777,latency_s,0.023420
1756998315.777,latency_s,0.022335
1756998315.777,latency_s,0.021846
1756998315.777,latency_s,0.019687
1756998315.784,latency_s,0.019954
1756998315.787,latency_s,0.019944
1756998315.847,latency_s,0.080581
1756998315.847,latency_s,0.071242
1756998315.847,latency_s,0.034842
1756998315.864,latency_s,0.036104
1756998315.864,latency_s,0.029486
1756998315.864,latency_s,0.024656
1756998315.864,latency_s,0.024418
1756998315.864,latency_s,0.023996
1756998315.864,latency_s,0.024004
1756998315.864,latency_s,0.024295
1756998315.864,latency_s,0.023942
1756998315.865,latency_s,0.023732
1756998315.865,latency_s,0.023601
1756998315.865,latency_s,0.023811
1756998315.865,latency_s,0.023145
1756998315.868,latency_s,0.019095
1756998315.871,latency_s,0.018827
1756998315.879,latency_s,0.022634
1756998315.879,latency_s,0.021911
1756998315.879,latency_s,0.021801
1756998315.888,latency_s,0.030864
1756998315.888,latency_s,0.024408
1756998315.888,latency_s,0.020706
1756998315.888,latency_s,0.020620
1756998315.896,latency_s,0.019564
1756998315.934,latency_s,0.021510
1756998315.950,latency_s,0.019763
1756998315.956,latency_s,0.020391
1756998315.960,latency_s,0.020357
1756998315.963,latency_s,0.022282
1756998315.963,latency_s,0.022274
1756998315.965,latency_s,0.024100
1756998315.965,latency_s,0.024173
1756998315.965,latency_s,0.023583
1756998315.965,latency_s,0.023742
1756998315.965,latency_s,0.023630
1756998315.965,latency_s,0.024730
1756998315.965,latency_s,0.023238
1756998315.975,latency_s,0.026058
1756998315.975,latency_s,0.021712
1756998315.979,latency_s,0.022557
1756998315.979,latency_s,0.021268
1756998315.979,latency_s,0.020900
1756998315.979,latency_s,0.021512
1756998315.994,latency_s,0.030010
1756998315.994,latency_s,0.026407
1756998315.994,latency_s,0.026290
1756998315.997,latency_s,0.020352
1756998316.034,latency_s,0.019963
1756998316.052,latency_s,0.020665
1756998316.055,latency_s,0.019074
1756998316.060,latency_s,0.019643
1756998316.060,latency_s,0.019138
1756998316.060,latency_s,0.019062
1756998316.066,latency_s,0.025261
1756998316.066,latency_s,0.025178
1756998316.066,latency_s,0.025001
1756998316.067,latency_s,0.024732
1756998316.067,latency_s,0.024683
1756998316.067,latency_s,0.024252
1756998316.067,latency_s,0.024818
1756998316.069,latency_s,0.019514
1756998316.076,latency_s,0.022141
1756998316.077,latency_s,0.018855
1756998316.077,latency_s,0.020249
1756998316.077,latency_s,0.019209
1756998316.077,latency_s,0.018797
1756998316.085,latency_s,0.019358
1756998316.091,latency_s,0.022299
1756998316.091,latency_s,0.022186
1756998316.097,latency_s,0.019383
1756998316.168,latency_s,0.053048
1756998316.168,latency_s,0.036220
1756998316.168,latency_s,0.030958
1756998316.168,latency_s,0.026706
1756998316.168,latency_s,0.026739
1756998316.168,latency_s,0.027138
1756998316.168,latency_s,0.026907
1756998316.168,latency_s,0.026062
1756998316.172,latency_s,0.029801
1756998316.172,latency_s,0.029501
1756998316.172,latency_s,0.030028
1756998316.172,latency_s,0.029117
1756998316.172,latency_s,0.029017
1756998316.172,latency_s,0.021590
1756998316.178,latency_s,0.023752
1756998316.178,latency_s,0.021076
1756998316.178,latency_s,0.019193
1756998316.182,latency_s,0.022952
1756998316.182,latency_s,0.023332
1756998316.186,latency_s,0.020274
1756998316.193,latency_s,0.024312
1756998316.194,latency_s,0.024117
1756998316.198,latency_s,0.019246
1756998316.236,latency_s,0.020270
1756998316.252,latency_s,0.019248
1756998316.258,latency_s,0.019320
1756998316.266,latency_s,0.024475
1756998316.266,latency_s,0.024347
1756998316.267,latency_s,0.024786
1756998316.267,latency_s,0.024624
1756998316.267,latency_s,0.024784
1756998316.267,latency_s,0.024449
1756998316.267,latency_s,0.024209
1756998316.267,latency_s,0.025068
1756998316.267,latency_s,0.023867
1756998316.267,latency_s,0.023619
1756998316.282,latency_s,0.030963
1756998316.282,latency_s,0.027192
1756998316.282,latency_s,0.023612
1756998316.282,latency_s,0.022904
1756998316.282,latency_s,0.023229
1756998316.283,latency_s,0.022998
1756998316.286,latency_s,0.019857
1756998316.290,latency_s,0.020793
1756998316.291,latency_s,0.020820
1756998316.299,latency_s,0.018903
1756998316.336,latency_s,0.020281
1756998316.354,latency_s,0.021007
1756998316.360,latency_s,0.019661
1756998316.364,latency_s,0.022637
1756998316.365,latency_s,0.022398
1756998316.365,latency_s,0.022478
1756998316.369,latency_s,0.026422
1756998316.370,latency_s,0.026841
1756998316.370,latency_s,0.027244
1756998316.370,latency_s,0.026943
1756998316.370,latency_s,0.025250
1756998316.370,latency_s,0.026465
1756998316.370,latency_s,0.025519
1756998316.379,latency_s,0.028152
1756998316.380,latency_s,0.024298
1756998316.380,latency_s,0.020636
1756998316.380,latency_s,0.020374
1756998316.380,latency_s,0.019814
1756998316.380,latency_s,0.019885
1756998316.387,latency_s,0.019611
1756998316.392,latency_s,0.020681
1756998316.392,latency_s,0.020673
1756998316.401,latency_s,0.020520
1756998316.437,latency_s,0.020262
1756998316.454,latency_s,0.020465
1756998316.463,latency_s,0.022391
1756998316.463,latency_s,0.021205
1756998316.463,latency_s,0.020867
1756998316.463,latency_s,0.020743
1756998316.464,latency_s,0.021316
1756998316.469,latency_s,0.026350
1756998316.469,latency_s,0.025913
1756998316.470,latency_s,0.026021
1756998316.470,latency_s,0.025939
1756998316.470,latency_s,0.024939
1756998316.470,latency_s,0.024756
1756998316.482,latency_s,0.030324
1756998316.482,latency_s,0.025930
1756998316.482,latency_s,0.022815
1756998316.482,latency_s,0.022695
1756998316.482,latency_s,0.021704
1756998316.482,latency_s,0.021979
1756998316.487,latency_s,0.019349
1756998316.493,latency_s,0.020915
1756998316.493,latency_s,0.021036
1756998316.502,latency_s,0.020344
1756998316.540,latency_s,0.021459
1756998316.557,latency_s,0.021734
1756998316.566,latency_s,0.024107
1756998316.566,latency_s,0.023192
1756998316.566,latency_s,0.023430
1756998316.566,latency_s,0.022811
1756998316.566,latency_s,0.023059
1756998316.566,latency_s,0.022836
1756998316.577,latency_s,0.032658
1756998316.577,latency_s,0.032627
1756998316.577,latency_s,0.032871
1756998316.577,latency_s,0.032494
1756998316.577,latency_s,0.032326
1756998316.577,latency_s,0.025606
1756998316.577,latency_s,0.020742
1756998316.581,latency_s,0.021485
1756998316.581,latency_s,0.021430
1756998316.581,latency_s,0.020485
1756998316.581,latency_s,0.020506
1756998316.593,latency_s,0.022037
1756998316.593,latency_s,0.020569
1756998316.602,latency_s,0.020432
1756998316.641,latency_s,0.022049
1756998316.657,latency_s,0.019955
1756998316.662,latency_s,0.019933
1756998316.662,latency_s,0.019073
1756998316.662,latency_s,0.018278
1756998316.665,latency_s,0.020886
1756998316.665,latency_s,0.020966
1756998316.665,latency_s,0.019754
1756998316.673,latency_s,0.027509
1756998316.673,latency_s,0.027447
1756998316.673,latency_s,0.027459
1756998316.673,latency_s,0.027517
1756998316.673,latency_s,0.020864
1756998316.677,latency_s,0.019704
1756998316.681,latency_s,0.020670
1756998316.681,latency_s,0.020770
1756998316.681,latency_s,0.020326
1756998316.681,latency_s,0.019894
1756998316.693,latency_s,0.020504
1756998316.694,latency_s,0.020770
1756998316.707,latency_s,0.021610
1756998316.711,latency_s,0.138544
1756998316.711,latency_s,0.038071
1756998316.739,latency_s,0.019691
1756998316.759,latency_s,0.020019
1756998316.762,latency_s,0.019314
1756998316.764,latency_s,0.020434
1756998316.764,latency_s,0.020351
1756998316.764,latency_s,0.020336
1756998316.764,latency_s,0.020842
1756998316.767,latency_s,0.020422
1756998316.767,latency_s,0.020656
1756998316.774,latency_s,0.027981
1756998316.774,latency_s,0.028197
1756998316.775,latency_s,0.028173
1756998316.775,latency_s,0.022440
1756998316.778,latency_s,0.019866
1756998316.782,latency_s,0.020025
1756998316.782,latency_s,0.020488
1756998316.782,latency_s,0.020132
1756998316.783,latency_s,0.140260
1756998316.783,latency_s,0.040168
1756998316.794,latency_s,0.019957
1756998316.795,latency_s,0.019817
1756998316.795,latency_s,0.020149
1756998316.806,latency_s,0.019441
1756998316.842,latency_s,0.020270
1756998316.861,latency_s,0.020653
1756998316.864,latency_s,0.020890
1756998316.864,latency_s,0.021023
1756998316.864,latency_s,0.020078
1756998316.864,latency_s,0.019771
1756998316.864,latency_s,0.020424
1756998316.885,latency_s,0.040873
1756998316.885,latency_s,0.038265
1756998316.885,latency_s,0.038365
1756998316.885,latency_s,0.037972
1756998316.885,latency_s,0.038464
1756998316.885,latency_s,0.038062
1756998316.885,latency_s,0.032454
1756998316.885,latency_s,0.026391
1756998316.885,latency_s,0.023562
1756998316.885,latency_s,0.023342
1756998316.885,latency_s,0.022403
1756998316.895,latency_s,0.019992
1756998316.895,latency_s,0.019867
1756998316.899,latency_s,0.023177
1756998316.906,latency_s,0.144512
1756998316.906,latency_s,0.043479
1756998316.907,latency_s,0.019688
1756998316.943,latency_s,0.020147
1756998316.963,latency_s,0.022042
1756998316.964,latency_s,0.020200
1756998316.964,latency_s,0.020337
1756998316.964,latency_s,0.019558
1756998316.964,latency_s,0.019579
1756998316.964,latency_s,0.019364
1756998316.964,latency_s,0.018777
1756998316.979,latency_s,0.032564
1756998316.979,latency_s,0.032672
1756998316.979,latency_s,0.032747
1756998316.980,latency_s,0.032347
1756998316.980,latency_s,0.032246
1756998316.980,latency_s,0.026862
1756998316.980,latency_s,0.020826
1756998316.982,latency_s,0.019797
1756998316.982,latency_s,0.019400
1756998316.982,latency_s,0.019243
1756998316.985,latency_s,0.021740
1756998316.995,latency_s,0.019822
1756998316.995,latency_s,0.019686
1756998316.996,latency_s,0.019838
1756998317.007,latency_s,0.019123
1756998317.044,latency_s,0.020606
1756998317.065,latency_s,0.021135
1756998317.065,latency_s,0.020975
1756998317.065,latency_s,0.020768
1756998317.065,latency_s,0.021147
1756998317.065,latency_s,0.020893
1756998317.066,latency_s,0.021063
1756998317.069,latency_s,0.023703
1756998317.070,latency_s,0.022616
1756998317.081,latency_s,0.033456
1756998317.081,latency_s,0.033720
1756998317.081,latency_s,0.033111
1756998317.081,latency_s,0.033131
1756998317.081,latency_s,0.027626
1756998317.084,latency_s,0.023687
1756998317.084,latency_s,0.020921
1756998317.084,latency_s,0.020721
1756998317.084,latency_s,0.020905
1756998317.084,latency_s,0.020626
1756998317.097,latency_s,0.019615
1756998317.099,latency_s,0.020420
1756998317.100,latency_s,0.020650
1756998317.108,latency_s,0.019618
1756998317.144,latency_s,0.020065
1756998317.169,latency_s,0.024652
1756998317.169,latency_s,0.024690
1756998317.170,latency_s,0.024524
1756998317.170,latency_s,0.024518
1756998317.170,latency_s,0.024475
1756998317.170,latency_s,0.024810
1756998317.170,latency_s,0.022966
1756998317.170,latency_s,0.022041
1756998317.170,latency_s,0.021992
1756998317.183,latency_s,0.035013
1756998317.183,latency_s,0.035223
1756998317.183,latency_s,0.035063
1756998317.183,latency_s,0.028956
1756998317.183,latency_s,0.023084
1756998317.187,latency_s,0.023640
1756998317.187,latency_s,0.023350
1756998317.187,latency_s,0.023635
1756998317.187,latency_s,0.021429
1756998317.198,latency_s,0.020417
1756998317.198,latency_s,0.018945
1756998317.200,latency_s,0.020507
1756998317.209,latency_s,0.020295
1756998317.244,latency_s,0.020198
1756998317.265,latency_s,0.020111
1756998317.265,latency_s,0.020004
1756998317.266,latency_s,0.018974
1756998317.269,latency_s,0.022251
1756998317.269,latency_s,0.022421
1756998317.269,latency_s,0.022299
1756998317.269,latency_s,0.021987
1756998317.269,latency_s,0.021424
1756998317.269,latency_s,0.021292
1756998317.269,latency_s,0.021453
1756998317.283,latency_s,0.034785
1756998317.283,latency_s,0.034766
1756998317.283,latency_s,0.028737
1756998317.283,latency_s,0.022307
1756998317.283,latency_s,0.019295
1756998317.283,latency_s,0.019492
1756998317.285,latency_s,0.021789
1756998317.286,latency_s,0.019892
1756998317.300,latency_s,0.021469
1756998317.300,latency_s,0.020059
1756998317.300,latency_s,0.019921
1756998317.309,latency_s,0.019541
1756998317.345,latency_s,0.019327
1756998317.368,latency_s,0.022710
1756998317.369,latency_s,0.022794
1756998317.369,latency_s,0.021870
1756998317.369,latency_s,0.020967
1756998317.369,latency_s,0.020906
1756998317.369,latency_s,0.021028
1756998317.369,latency_s,0.020961
1756998317.369,latency_s,0.020443
1756998317.369,latency_s,0.020577
1756998317.369,latency_s,0.020308
1756998317.386,latency_s,0.037657
1756998317.386,latency_s,0.037748
1756998317.387,latency_s,0.031490
1756998317.387,latency_s,0.025104
1756998317.387,latency_s,0.021972
1756998317.387,latency_s,0.022645
1756998317.387,latency_s,0.022701
1756998317.387,latency_s,0.020652
1756998317.399,latency_s,0.020177
1756998317.399,latency_s,0.019031
1756998317.399,latency_s,0.019592
1756998317.409,latency_s,0.018975
1756998317.448,latency_s,0.019281
1756998317.467,latency_s,0.020508
1756998317.467,latency_s,0.020678
1756998317.467,latency_s,0.019660
1756998317.471,latency_s,0.023429
1756998317.471,latency_s,0.023525
1756998317.472,latency_s,0.023497
1756998317.472,latency_s,0.022021
1756998317.472,latency_s,0.022972
1756998317.472,latency_s,0.022980
1756998317.472,latency_s,0.022505
1756998317.472,latency_s,0.023172
1756998317.472,latency_s,0.022875
1756998317.475,latency_s,0.018807
1756998317.481,latency_s,0.019649
1756998317.485,latency_s,0.020509
1756998317.485,latency_s,0.020240
1756998317.486,latency_s,0.020559
1756998317.487,latency_s,0.020343
1756998317.500,latency_s,0.020644
1756998317.500,latency_s,0.019529
1756998317.500,latency_s,0.019594
1756998317.510,latency_s,0.019497
1756998317.549,latency_s,0.019671
1756998317.567,latency_s,0.019581
1756998317.570,latency_s,0.022289
1756998317.570,latency_s,0.022386
1756998317.570,latency_s,0.021956
1756998317.570,latency_s,0.021810
1756998317.570,latency_s,0.021771
1756998317.570,latency_s,0.021477
1756998317.570,latency_s,0.021296
1756998317.570,latency_s,0.020965
1756998317.570,latency_s,0.021096
1756998317.570,latency_s,0.020671
1756998317.583,latency_s,0.033404
1756998317.583,latency_s,0.027472
1756998317.584,latency_s,0.021232
1756998317.587,latency_s,0.021869
1756998317.587,latency_s,0.021475
1756998317.587,latency_s,0.021540
1756998317.587,latency_s,0.020599
1756998317.600,latency_s,0.020041
1756998317.600,latency_s,0.019552
1756998317.605,latency_s,0.020021
1756998317.615,latency_s,0.020225
1756998317.650,latency_s,0.019613
1756998317.672,latency_s,0.024586
1756998317.672,latency_s,0.023690
1756998317.672,latency_s,0.023398
1756998317.672,latency_s,0.023767
1756998317.672,latency_s,0.023822
1756998317.672,latency_s,0.023322
1756998317.672,latency_s,0.023516
1756998317.672,latency_s,0.023175
1756998317.672,latency_s,0.022622
1756998317.672,latency_s,0.021531
1756998317.672,latency_s,0.021679
1756998317.676,latency_s,0.019055
1756998317.684,latency_s,0.021147
1756998317.687,latency_s,0.021091
1756998317.688,latency_s,0.022361
1756998317.688,latency_s,0.022148
1756998317.688,latency_s,0.020958
1756998317.700,latency_s,0.020007
1756998317.701,latency_s,0.018896
1756998317.707,latency_s,0.020661
1756998317.715,latency_s,0.019982
1756998317.750,latency_s,0.019794
1756998317.770,latency_s,0.021905
1756998317.770,latency_s,0.021558
1756998317.770,latency_s,0.021164
1756998317.770,latency_s,0.021404
1756998317.770,latency_s,0.021420
1756998317.770,latency_s,0.021675
1756998317.770,latency_s,0.021411
1756998317.770,latency_s,0.021202
1756998317.770,latency_s,0.020675
1756998317.770,latency_s,0.019426
1756998317.772,latency_s,0.021133
1756998317.776,latency_s,0.018398
1756998317.784,latency_s,0.020270
1756998317.788,latency_s,0.022302
1756998317.788,latency_s,0.021685
1756998317.788,latency_s,0.022164
1756998317.788,latency_s,0.020544
1756998317.791,latency_s,0.141718
1756998317.791,latency_s,0.041703
1756998317.800,latency_s,0.019647
1756998317.801,latency_s,0.019081
1756998317.807,latency_s,0.019947
1756998317.816,latency_s,0.019995
1756998317.852,latency_s,0.019949
1756998317.871,latency_s,0.021626
1756998317.871,latency_s,0.021846
1756998317.871,latency_s,0.021650
1756998317.871,latency_s,0.021527
1756998317.871,latency_s,0.021379
1756998317.871,latency_s,0.021759
1756998317.871,latency_s,0.021306
1756998317.871,latency_s,0.020045
1756998317.871,latency_s,0.021308
1756998317.871,latency_s,0.021080
1756998317.871,latency_s,0.020880
1756998317.871,latency_s,0.019706
1756998317.879,latency_s,0.019371
1756998317.883,latency_s,0.018676
1756998317.888,latency_s,0.021461
1756998317.888,latency_s,0.021024
1756998317.888,latency_s,0.021248
1756998317.888,latency_s,0.019182
1756998317.904,latency_s,0.022330
1756998317.904,latency_s,0.020749
1756998317.907,latency_s,0.019204
1756998317.916,latency_s,0.019817
1756998317.953,latency_s,0.019715
1756998317.974,latency_s,0.024009
1756998317.974,latency_s,0.024056
1756998317.975,latency_s,0.024774
1756998317.975,latency_s,0.024426
1756998317.975,latency_s,0.024732
1756998317.975,latency_s,0.024309
1756998317.975,latency_s,0.023333
1756998317.975,latency_s,0.023957
1756998317.975,latency_s,0.022784
1756998317.975,latency_s,0.022666
1756998317.975,latency_s,0.023874
1756998317.975,latency_s,0.023197
1756998317.979,latency_s,0.019700
1756998317.984,latency_s,0.018839
1756998317.987,latency_s,0.020260
1756998317.991,latency_s,0.023305
1756998317.991,latency_s,0.024451
1756998317.992,latency_s,0.022323
1756998318.002,latency_s,0.019451
1756998318.004,latency_s,0.018664
1756998318.008,latency_s,0.019635
1756998318.019,latency_s,0.021308
1756998318.055,latency_s,0.019738
1756998318.076,latency_s,0.025225
1756998318.076,latency_s,0.024998
1756998318.076,latency_s,0.025344
1756998318.076,latency_s,0.025075
1756998318.076,latency_s,0.025098
1756998318.076,latency_s,0.024410
1756998318.076,latency_s,0.025054
1756998318.076,latency_s,0.024409
1756998318.076,latency_s,0.023712
1756998318.076,latency_s,0.023849
1756998318.076,latency_s,0.023584
1756998318.077,latency_s,0.023534
1756998318.080,latency_s,0.019675
1756998318.085,latency_s,0.019289
1756998318.088,latency_s,0.021074
1756998318.088,latency_s,0.020182
1756998318.091,latency_s,0.020384
1756998318.091,latency_s,0.020383
1756998318.102,latency_s,0.019127
1756998318.106,latency_s,0.019677
1756998318.109,latency_s,0.019012
1756998318.120,latency_s,0.019815
1756998318.158,latency_s,0.021579
1756998318.171,latency_s,0.019752
1756998318.171,latency_s,0.019641
1756998318.171,latency_s,0.019799
1756998318.171,latency_s,0.019430
1756998318.172,latency_s,0.019919
1756998318.174,latency_s,0.022003
1756998318.174,latency_s,0.021884
1756998318.174,latency_s,0.021497
1756998318.174,latency_s,0.020874
1756998318.174,latency_s,0.021091
1756998318.174,latency_s,0.020346
1756998318.174,latency_s,0.020473
1756998318.181,latency_s,0.020355
1756998318.185,latency_s,0.019531
1756998318.189,latency_s,0.022309
1756998318.189,latency_s,0.021161
1756998318.192,latency_s,0.020631
1756998318.192,latency_s,0.020968
1756998318.205,latency_s,0.020897
1756998318.205,latency_s,0.018817
1756998318.209,latency_s,0.019123
1756998318.220,latency_s,0.019569
1756998318.258,latency_s,0.020192
1756998318.274,latency_s,0.021341
1756998318.274,latency_s,0.021246
1756998318.277,latency_s,0.024866
1756998318.278,latency_s,0.024605
1756998318.278,latency_s,0.025207
1756998318.278,latency_s,0.024462
1756998318.278,latency_s,0.025110
1756998318.278,latency_s,0.024639
1756998318.278,latency_s,0.024907
1756998318.278,latency_s,0.025502
1756998318.278,latency_s,0.023209
1756998318.278,latency_s,0.024462
1756998318.280,latency_s,0.018963
1756998318.286,latency_s,0.019416
1756998318.294,latency_s,0.025921
1756998318.294,latency_s,0.022034
1756998318.294,latency_s,0.024852
1756998318.294,latency_s,0.022022
1756998318.304,latency_s,0.019458
1756998318.307,latency_s,0.019279
1756998318.312,latency_s,0.021509
1756998318.322,latency_s,0.021102
1756998318.363,latency_s,0.020374
1756998318.377,latency_s,0.023917
1756998318.377,latency_s,0.023952
1756998318.377,latency_s,0.024227
1756998318.377,latency_s,0.023911
1756998318.377,latency_s,0.023923
1756998318.377,latency_s,0.023941
1756998318.377,latency_s,0.023078
1756998318.377,latency_s,0.024029
1756998318.377,latency_s,0.023510
1756998318.377,latency_s,0.022697
1756998318.377,latency_s,0.022268
1756998318.381,latency_s,0.019671
1756998318.386,latency_s,0.019553
1756998318.386,latency_s,0.018651
1756998318.389,latency_s,0.019238
1756998318.392,latency_s,0.020107
1756998318.392,latency_s,0.020066
1756998318.405,latency_s,0.020344
1756998318.407,latency_s,0.019525
1756998318.411,latency_s,0.020167
1756998318.421,latency_s,0.019604
1756998318.464,latency_s,0.020627
1756998318.476,latency_s,0.022291
1756998318.476,latency_s,0.022047
1756998318.476,latency_s,0.022072
1756998318.476,latency_s,0.021938
1756998318.476,latency_s,0.022266
1756998318.476,latency_s,0.021559
1756998318.476,latency_s,0.021918
1756998318.476,latency_s,0.021143
1756998318.476,latency_s,0.019825
1756998318.476,latency_s,0.021397
1756998318.476,latency_s,0.019952
1756998318.482,latency_s,0.019724
1756998318.487,latency_s,0.019620
1756998318.487,latency_s,0.019388
1756998318.489,latency_s,0.019352
1756998318.492,latency_s,0.019260
1756998318.492,latency_s,0.019222
1756998318.495,latency_s,0.142993
1756998318.496,latency_s,0.042429
1756998318.505,latency_s,0.020231
1756998318.508,latency_s,0.019084
1756998318.512,latency_s,0.019544
1756998318.523,latency_s,0.019571
1756998318.566,latency_s,0.019618
1756998318.574,latency_s,0.020496
1756998318.576,latency_s,0.021669
1756998318.576,latency_s,0.019703
1756998318.576,latency_s,0.019358
1756998318.576,latency_s,0.021848
1756998318.576,latency_s,0.022013
1756998318.576,latency_s,0.019804
1756998318.581,latency_s,0.024679
1756998318.581,latency_s,0.024399
1756998318.581,latency_s,0.024498
1756998318.581,latency_s,0.022465
1756998318.581,latency_s,0.024856
1756998318.582,latency_s,0.019085
1756998318.586,latency_s,0.018810
1756998318.587,latency_s,0.018881
1756998318.590,latency_s,0.019409
1756998318.595,latency_s,0.021142
1756998318.595,latency_s,0.021419
1756998318.605,latency_s,0.020243
1756998318.608,latency_s,0.018798
1756998318.613,latency_s,0.019547
1756998318.624,latency_s,0.020330
1756998318.667,latency_s,0.020153
1756998318.675,latency_s,0.020660
1756998318.675,latency_s,0.020553
1756998318.678,latency_s,0.020491
1756998318.679,latency_s,0.021091
1756998318.679,latency_s,0.020923
1756998318.679,latency_s,0.020938
1756998318.679,latency_s,0.019219
1756998318.679,latency_s,0.019363
1756998318.679,latency_s,0.019314
1756998318.679,latency_s,0.019402
1756998318.685,latency_s,0.023625
1756998318.685,latency_s,0.023349
1756998318.685,latency_s,0.021106
1756998318.687,latency_s,0.019420
1756998318.688,latency_s,0.019747
1756998318.691,latency_s,0.020143
1756998318.695,latency_s,0.020889
1756998318.695,latency_s,0.020846
1756998318.705,latency_s,0.020093
1756998318.711,latency_s,0.020526
1756998318.712,latency_s,0.018891
1756998318.725,latency_s,0.021310
1756998318.768,latency_s,0.020337
1756998318.775,latency_s,0.019847
1756998318.775,latency_s,0.019000
1756998318.778,latency_s,0.019740
1756998318.778,latency_s,0.019586
1756998318.778,latency_s,0.019488
1756998318.780,latency_s,0.019281
1756998318.781,latency_s,0.019912
1756998318.781,latency_s,0.019924
1756998318.781,latency_s,0.020239
1756998318.781,latency_s,0.020278
1756998318.783,latency_s,0.020882
1756998318.783,latency_s,0.020828
1756998318.784,latency_s,0.020697
1756998318.788,latency_s,0.020141
1756998318.788,latency_s,0.020072
1756998318.790,latency_s,0.018987
1756998318.796,latency_s,0.020615
1756998318.796,latency_s,0.020880
1756998318.806,latency_s,0.019941
1756998318.810,latency_s,0.019016
1756998318.814,latency_s,0.019725
1756998318.824,latency_s,0.019286
1756998318.868,latency_s,0.020143
1756998318.875,latency_s,0.019585
1756998318.876,latency_s,0.019259
1756998318.879,latency_s,0.020779
1756998318.881,latency_s,0.022206
1756998318.881,latency_s,0.022202
1756998318.881,latency_s,0.019841
1756998318.881,latency_s,0.020262
1756998318.881,latency_s,0.020057
1756998318.881,latency_s,0.020193
1756998318.881,latency_s,0.020502
1756998318.884,latency_s,0.021212
1756998318.884,latency_s,0.021069
1756998318.884,latency_s,0.019741
1756998318.890,latency_s,0.021011
1756998318.890,latency_s,0.021059
1756998318.890,latency_s,0.018663
1756998318.896,latency_s,0.020186
1756998318.896,latency_s,0.020045
1756998318.906,latency_s,0.020316
1756998318.911,latency_s,0.019160
1756998318.915,latency_s,0.020008
1756998318.925,latency_s,0.019368
1756998318.968,latency_s,0.020426
1756998318.975,latency_s,0.019643
1756998318.977,latency_s,0.019246
1756998318.978,latency_s,0.018904
1756998318.980,latency_s,0.020227
1756998318.980,latency_s,0.020568
1756998318.983,latency_s,0.020959
1756998318.983,latency_s,0.021212
1756998318.983,latency_s,0.021096
1756998318.983,latency_s,0.021679
1756998318.983,latency_s,0.020137
1756998318.983,latency_s,0.021339
1756998318.983,latency_s,0.019651
1756998318.983,latency_s,0.018768
1756998318.989,latency_s,0.019503
1756998318.989,latency_s,0.019471
1756998318.991,latency_s,0.018719
1756998318.998,latency_s,0.021205
1756998318.998,latency_s,0.021438
1756998319.006,latency_s,0.019279
1756998319.012,latency_s,0.019032
1756998319.015,latency_s,0.019307
1756998319.026,latency_s,0.019559
1756998319.068,latency_s,0.020245
1756998319.077,latency_s,0.020262
1756998319.077,latency_s,0.019320
1756998319.079,latency_s,0.019695
1756998319.079,latency_s,0.019787
1756998319.079,latency_s,0.019748
1756998319.084,latency_s,0.022238
1756998319.084,latency_s,0.022113
1756998319.084,latency_s,0.021955
1756998319.084,latency_s,0.022135
1756998319.084,latency_s,0.022043
1756998319.084,latency_s,0.020683
1756998319.084,latency_s,0.019913
1756998319.085,latency_s,0.020725
1756998319.089,latency_s,0.019370
1756998319.090,latency_s,0.019582
1756998319.093,latency_s,0.019866
1756998319.098,latency_s,0.020852
1756998319.098,latency_s,0.020596
1756998319.108,latency_s,0.020411
1756998319.115,latency_s,0.021673
1756998319.117,latency_s,0.021195
1756998319.128,latency_s,0.020941
1756998319.171,latency_s,0.021714
1756998319.177,latency_s,0.020389
1756998319.177,latency_s,0.019270
1756998319.182,latency_s,0.021190
1756998319.182,latency_s,0.021003
1756998319.182,latency_s,0.021031
1756998319.182,latency_s,0.019563
1756998319.182,latency_s,0.019319
1756998319.182,latency_s,0.019031
1756998319.182,latency_s,0.019273
1756998319.185,latency_s,0.022127
1756998319.185,latency_s,0.020190
1756998319.185,latency_s,0.020225
1756998319.185,latency_s,0.019272
1756998319.190,latency_s,0.019542
1756998319.191,latency_s,0.019909
1756998319.193,latency_s,0.019248
1756998319.200,latency_s,0.022060
1756998319.200,latency_s,0.021264
1756998319.211,latency_s,0.022851
1756998319.214,latency_s,0.019911
1756998319.218,latency_s,0.020861
1756998319.227,latency_s,0.019477
1756998319.270,latency_s,0.019869
1756998319.278,latency_s,0.019170
1756998319.278,latency_s,0.019278
1756998319.283,latency_s,0.022104
1756998319.284,latency_s,0.022948
1756998319.284,latency_s,0.023130
1756998319.284,latency_s,0.021037
1756998319.284,latency_s,0.021291
1756998319.284,latency_s,0.020909
1756998319.284,latency_s,0.021027
1756998319.284,latency_s,0.020880
1756998319.284,latency_s,0.019469
1756998319.284,latency_s,0.019087
1756998319.286,latency_s,0.018997
1756998319.290,latency_s,0.018664
1756998319.290,latency_s,0.018931
1756998319.293,latency_s,0.019317
1756998319.297,latency_s,0.018790
1756998319.298,latency_s,0.019222
1756998319.309,latency_s,0.019844
1756998319.314,latency_s,0.019003
1756998319.316,latency_s,0.018868
1756998319.329,latency_s,0.020323
1756998319.370,latency_s,0.019897
1756998319.380,latency_s,0.021117
1756998319.380,latency_s,0.020694
1756998319.381,latency_s,0.018833
1756998319.381,latency_s,0.019004
1756998319.381,latency_s,0.019090
1756998319.383,latency_s,0.019005
1756998319.383,latency_s,0.019069
1756998319.386,latency_s,0.021923
1756998319.386,latency_s,0.021686
1756998319.386,latency_s,0.021853
1756998319.386,latency_s,0.020690
1756998319.387,latency_s,0.019201
1756998319.391,latency_s,0.018919
1756998319.392,latency_s,0.020011
1756998319.394,latency_s,0.020504
1756998319.399,latency_s,0.020561
1756998319.400,latency_s,0.019054
1756998319.410,latency_s,0.020227
1756998319.415,latency_s,0.019482
1756998319.417,latency_s,0.019744
1756998319.429,latency_s,0.020073
1756998319.471,latency_s,0.019950
1756998319.480,latency_s,0.019761
1756998319.497,latency_s,0.034508
1756998319.497,latency_s,0.034559
1756998319.497,latency_s,0.034760
1756998319.497,latency_s,0.034797
1756998319.497,latency_s,0.032930
1756998319.497,latency_s,0.032756
1756998319.497,latency_s,0.032992
1756998319.497,latency_s,0.032516
1756998319.497,latency_s,0.032746
1756998319.497,latency_s,0.031588
1756998319.497,latency_s,0.028625
1756998319.497,latency_s,0.024778
1756998319.497,latency_s,0.024395
1756998319.497,latency_s,0.022838
1756998319.501,latency_s,0.021744
1756998319.501,latency_s,0.019469
1756998319.503,latency_s,0.137487
1756998319.503,latency_s,0.037257
1756998319.509,latency_s,0.019355
1756998319.516,latency_s,0.019165
1756998319.520,latency_s,0.019346
1756998319.529,latency_s,0.019430
1756998319.571,latency_s,0.019630
1756998319.580,latency_s,0.019444
1756998319.587,latency_s,0.024156
1756998319.587,latency_s,0.024240
1756998319.587,latency_s,0.024199
1756998319.587,latency_s,0.024220
1756998319.587,latency_s,0.023056
1756998319.587,latency_s,0.023073
1756998319.587,latency_s,0.022870
1756998319.587,latency_s,0.022769
1756998319.587,latency_s,0.022594
1756998319.587,latency_s,0.021615
1756998319.587,latency_s,0.020570
1756998319.602,latency_s,0.032789
1756998319.602,latency_s,0.028990
1756998319.602,latency_s,0.028296
1756998319.602,latency_s,0.027347
1756998319.602,latency_s,0.022769
1756998319.603,latency_s,0.020219
1756998319.610,latency_s,0.019974
1756998319.618,latency_s,0.019584
1756998319.621,latency_s,0.019399
1756998319.630,latency_s,0.019109
1756998319.673,latency_s,0.020423
1756998319.680,latency_s,0.019344
1756998319.688,latency_s,0.024848
1756998319.688,latency_s,0.025050
1756998319.688,latency_s,0.024981
1756998319.689,latency_s,0.024395
1756998319.689,latency_s,0.024455
1756998319.689,latency_s,0.023962
1756998319.689,latency_s,0.025260
1756998319.689,latency_s,0.024280
1756998319.689,latency_s,0.023918
1756998319.689,latency_s,0.022971
1756998319.689,latency_s,0.021476
1756998319.702,latency_s,0.032279
1756998319.702,latency_s,0.028008
1756998319.702,latency_s,0.027053
1756998319.702,latency_s,0.026078
1756998319.702,latency_s,0.022003
1756998319.702,latency_s,0.019209
1756998319.710,latency_s,0.020318
1756998319.718,latency_s,0.019383
1756998319.722,latency_s,0.020652
1756998319.731,latency_s,0.019027
1756998319.773,latency_s,0.020187
1756998319.783,latency_s,0.020225
1756998319.783,latency_s,0.019448
1756998319.783,latency_s,0.019574
1756998319.783,latency_s,0.019565
1756998319.787,latency_s,0.022491
1756998319.787,latency_s,0.022654
1756998319.787,latency_s,0.022960
1756998319.787,latency_s,0.022339
1756998319.787,latency_s,0.022364
1756998319.787,latency_s,0.021227
1756998319.788,latency_s,0.019389
1756998319.789,latency_s,0.019160
1756998319.799,latency_s,0.024832
1756998319.799,latency_s,0.022357
1756998319.799,latency_s,0.021455
1756998319.800,latency_s,0.020251
1756998319.804,latency_s,0.020606
1756998319.810,latency_s,0.019779
1756998319.820,latency_s,0.020752
1756998319.822,latency_s,0.019277
1756998319.833,latency_s,0.020102
1756998319.874,latency_s,0.019871
1756998319.886,latency_s,0.022480
1756998319.886,latency_s,0.022182
1756998319.886,latency_s,0.022228
1756998319.886,latency_s,0.022029
1756998319.886,latency_s,0.021873
1756998319.886,latency_s,0.021670
1756998319.886,latency_s,0.021111
1756998319.886,latency_s,0.020727
1756998319.886,latency_s,0.021336
1756998319.886,latency_s,0.020088
1756998319.889,latency_s,0.020658
1756998319.890,latency_s,0.019141
1756998319.895,latency_s,0.019854
1756998319.901,latency_s,0.024424
1756998319.901,latency_s,0.022062
1756998319.901,latency_s,0.020625
1756998319.903,latency_s,0.138412
1756998319.903,latency_s,0.038376
1756998319.904,latency_s,0.020180
1756998319.910,latency_s,0.019412
1756998319.919,latency_s,0.019027
1756998319.923,latency_s,0.019586
1756998319.934,latency_s,0.020446
1756998319.974,latency_s,0.019717
1756998319.985,latency_s,0.020839
1756998319.986,latency_s,0.020871
1756998319.986,latency_s,0.021366
1756998319.986,latency_s,0.021369
1756998319.986,latency_s,0.019815
1756998319.987,latency_s,0.020730
1756998319.987,latency_s,0.020136
1756998319.987,latency_s,0.021721
1756998319.987,latency_s,0.021277
1756998319.987,latency_s,0.021963
1756998319.987,latency_s,0.021298
1756998319.992,latency_s,0.022053
1756998319.992,latency_s,0.019551
1756998319.995,latency_s,0.019483
1756998319.996,latency_s,0.018995
1756998320.002,latency_s,0.020909
1756998320.002,latency_s,0.021550
1756998320.005,latency_s,0.019632
1756998320.010,latency_s,0.018839
1756998320.020,latency_s,0.020015
1756998320.023,latency_s,0.019929
1756998320.035,latency_s,0.019597
1756998320.076,latency_s,0.020576
1756998320.086,latency_s,0.021345
1756998320.086,latency_s,0.021281
1756998320.086,latency_s,0.021314
1756998320.086,latency_s,0.020861
1756998320.086,latency_s,0.020836
1756998320.086,latency_s,0.020664
1756998320.086,latency_s,0.020468
1756998320.086,latency_s,0.020444
1756998320.086,latency_s,0.020213
1756998320.086,latency_s,0.019707
1756998320.087,latency_s,0.020265
1756998320.092,latency_s,0.020701
1756998320.093,latency_s,0.019099
1756998320.095,latency_s,0.018731
1756998320.096,latency_s,0.018727
1756998320.102,latency_s,0.020175
1756998320.103,latency_s,0.020418
1756998320.105,latency_s,0.019764
1756998320.111,latency_s,0.020128
1756998320.120,latency_s,0.019411
1756998320.124,latency_s,0.019912
1756998320.138,latency_s,0.022028
1756998320.176,latency_s,0.019407
1756998320.190,latency_s,0.024648
1756998320.190,latency_s,0.024558
1756998320.190,latency_s,0.024294
1756998320.190,latency_s,0.024833
1756998320.190,latency_s,0.023961
1756998320.190,latency_s,0.023604
1756998320.190,latency_s,0.022828
1756998320.190,latency_s,0.023691
1756998320.190,latency_s,0.022119
1756998320.190,latency_s,0.022406
1756998320.190,latency_s,0.021807
1756998320.192,latency_s,0.020000
1756998320.193,latency_s,0.018701
1756998320.195,latency_s,0.018706
1756998320.206,latency_s,0.027684
1756998320.206,latency_s,0.024362
1756998320.206,latency_s,0.022982
1756998320.206,latency_s,0.020172
1756998320.211,latency_s,0.019537
1756998320.223,latency_s,0.021488
1756998320.224,latency_s,0.019495
1756998320.241,latency_s,0.022408
1756998320.277,latency_s,0.019882
1756998320.288,latency_s,0.021714
1756998320.288,latency_s,0.021987
1756998320.288,latency_s,0.022084
1756998320.288,latency_s,0.022127
1756998320.288,latency_s,0.021228
1756998320.288,latency_s,0.020226
1756998320.288,latency_s,0.019887
1756998320.288,latency_s,0.019189
1756998320.288,latency_s,0.019367
1756998320.288,latency_s,0.019470
1756998320.288,latency_s,0.019335
1756998320.293,latency_s,0.019876
1756998320.294,latency_s,0.019039
1756998320.296,latency_s,0.018871
1756998320.299,latency_s,0.019667
1756998320.303,latency_s,0.021222
1756998320.305,latency_s,0.021248
1756998320.306,latency_s,0.019426
1756998320.311,latency_s,0.019058
1756998320.323,latency_s,0.020196
1756998320.325,latency_s,0.019760
1756998320.341,latency_s,0.021162
1756998320.378,latency_s,0.020339
1756998320.389,latency_s,0.022875
1756998320.389,latency_s,0.022702
1756998320.389,latency_s,0.022178
1756998320.389,latency_s,0.022187
1756998320.389,latency_s,0.022582
1756998320.389,latency_s,0.020673
1756998320.389,latency_s,0.020601
1756998320.389,latency_s,0.019705
1756998320.389,latency_s,0.019772
1756998320.390,latency_s,0.019842
1756998320.409,latency_s,0.038219
1756998320.409,latency_s,0.035399
1756998320.409,latency_s,0.033559
1756998320.409,latency_s,0.030103
1756998320.409,latency_s,0.029829
1756998320.409,latency_s,0.026813
1756998320.409,latency_s,0.025325
1756998320.409,latency_s,0.020451
1756998320.413,latency_s,0.020895
1756998320.423,latency_s,0.019571
1756998320.425,latency_s,0.018982
1756998320.440,latency_s,0.019468
1756998320.479,latency_s,0.020317
1756998320.489,latency_s,0.022118
1756998320.489,latency_s,0.022196
1756998320.489,latency_s,0.021973
1756998320.489,latency_s,0.021586
1756998320.489,latency_s,0.022089
1756998320.489,latency_s,0.020491
1756998320.489,latency_s,0.020305
1756998320.489,latency_s,0.019557
1756998320.489,latency_s,0.019365
1756998320.489,latency_s,0.019395
1756998320.491,latency_s,0.019490
1756998320.494,latency_s,0.019570
1756998320.506,latency_s,0.029390
1756998320.506,latency_s,0.026645
1756998320.506,latency_s,0.026371
1756998320.506,latency_s,0.023200
1756998320.506,latency_s,0.021585
1756998320.508,latency_s,0.018875
1756998320.512,latency_s,0.019002
1756998320.524,latency_s,0.019496
1756998320.526,latency_s,0.019705
1756998320.542,latency_s,0.019952
1756998320.581,latency_s,0.021632
1756998320.587,latency_s,0.019401
1756998320.588,latency_s,0.020392
1756998320.591,latency_s,0.021617
1756998320.591,latency_s,0.021643
1756998320.605,latency_s,0.035722
1756998320.606,latency_s,0.035998
1756998320.606,latency_s,0.035533
1756998320.606,latency_s,0.036147
1756998320.606,latency_s,0.035618
1756998320.606,latency_s,0.035960
1756998320.606,latency_s,0.034370
1756998320.606,latency_s,0.031034
1756998320.606,latency_s,0.028879
1756998320.606,latency_s,0.026840
1756998320.606,latency_s,0.026522
1756998320.606,latency_s,0.023343
1756998320.608,latency_s,0.021884
1756998320.610,latency_s,0.020396
1756998320.613,latency_s,0.020011
1756998320.626,latency_s,0.018869
1756998320.626,latency_s,0.018991
1756998320.642,latency_s,0.019794
1756998320.680,latency_s,0.020444
1756998320.692,latency_s,0.023830
1756998320.692,latency_s,0.023524
1756998320.692,latency_s,0.022128
1756998320.692,latency_s,0.022350
1756998320.692,latency_s,0.022699
1756998320.692,latency_s,0.022386
1756998320.692,latency_s,0.021943
1756998320.693,latency_s,0.022059
1756998320.695,latency_s,0.022893
1756998320.695,latency_s,0.020028
1756998320.707,latency_s,0.030045
1756998320.707,latency_s,0.027517
1756998320.707,latency_s,0.027792
1756998320.708,latency_s,0.023920
1756998320.708,latency_s,0.021739
1756998320.710,latency_s,0.020100
1756998320.712,latency_s,0.018865
1756998320.727,latency_s,0.019355
1756998320.727,latency_s,0.019571
1756998320.744,latency_s,0.019289
1756998320.782,latency_s,0.020128
1756998320.788,latency_s,0.018903
1756998320.790,latency_s,0.020455
1756998320.790,latency_s,0.019909
1756998320.790,latency_s,0.019673
1756998320.790,latency_s,0.019670
1756998320.790,latency_s,0.019667
1756998320.790,latency_s,0.019137
1756998320.790,latency_s,0.019390
1756998320.797,latency_s,0.023901
1756998320.805,latency_s,0.028361
1756998320.805,latency_s,0.027394
1756998320.806,latency_s,0.025780
1756998320.806,latency_s,0.025607
1756998320.806,latency_s,0.021947
1756998320.806,latency_s,0.019948
1756998320.808,latency_s,0.137830
1756998320.808,latency_s,0.037343
1756998320.811,latency_s,0.020192
1756998320.816,latency_s,0.145770
1756998320.816,latency_s,0.046145
1756998320.828,latency_s,0.019850
1756998320.828,latency_s,0.019876
1756998320.845,latency_s,0.019722
1756998320.883,latency_s,0.020744
1756998320.889,latency_s,0.020430
1756998320.895,latency_s,0.024390
1756998320.895,latency_s,0.024122
1756998320.895,latency_s,0.024474
1756998320.895,latency_s,0.024494
1756998320.895,latency_s,0.024347
1756998320.895,latency_s,0.024507
1756998320.895,latency_s,0.023759
1756998320.895,latency_s,0.023857
1756998320.895,latency_s,0.024209
1756998320.899,latency_s,0.025694
1756998320.911,latency_s,0.031940
1756998320.911,latency_s,0.031795
1756998320.911,latency_s,0.030397
1756998320.911,latency_s,0.030426
1756998320.911,latency_s,0.026584
1756998320.911,latency_s,0.024971
1756998320.911,latency_s,0.019396
1756998320.928,latency_s,0.020068
1756998320.928,latency_s,0.019684
1756998320.938,latency_s,0.143897
1756998320.938,latency_s,0.044134
1756998320.946,latency_s,0.019871
1756998320.985,latency_s,0.019714
1756998320.993,latency_s,0.022986
1756998320.993,latency_s,0.022240
1756998320.993,latency_s,0.022464
1756998320.993,latency_s,0.022551
1756998320.993,latency_s,0.021634
1756998320.995,latency_s,0.023452
1756998320.995,latency_s,0.022785
1756998320.995,latency_s,0.023780
1756998320.996,latency_s,0.023732
1756998321.000,latency_s,0.027577
1756998321.001,latency_s,0.025755
1756998321.001,latency_s,0.021148
1756998321.001,latency_s,0.021155
1756998321.001,latency_s,0.019816
1756998321.001,latency_s,0.019545
1756998321.009,latency_s,0.024107
1756998321.009,latency_s,0.022598
1756998321.013,latency_s,0.020401
1756998321.014,latency_s,0.019855
1756998321.028,latency_s,0.019272
1756998321.029,latency_s,0.020300
1756998321.048,latency_s,0.020779
1756998321.088,latency_s,0.020456
1756998321.090,latency_s,0.019524
1756998321.096,latency_s,0.024240
1756998321.096,latency_s,0.024538
1756998321.096,latency_s,0.023974
1756998321.096,latency_s,0.023368
1756998321.096,latency_s,0.023602
1756998321.096,latency_s,0.023209
1756998321.096,latency_s,0.023098
1756998321.096,latency_s,0.020837
1756998321.103,latency_s,0.027313
1756998321.103,latency_s,0.027598
1756998321.103,latency_s,0.022804
1756998321.104,latency_s,0.022960
1756998321.104,latency_s,0.022460
1756998321.111,latency_s,0.027724
1756998321.111,latency_s,0.025918
1756998321.111,latency_s,0.023906
1756998321.115,latency_s,0.021603
1756998321.115,latency_s,0.020786
1756998321.130,latency_s,0.020561
1756998321.130,latency_s,0.019815
1756998321.147,latency_s,0.019365
1756998321.187,latency_s,0.019429
1756998321.191,latency_s,0.020468
1756998321.191,latency_s,0.019869
1756998321.192,latency_s,0.019070
1756998321.196,latency_s,0.024857
1756998321.197,latency_s,0.023736
1756998321.197,latency_s,0.022752
1756998321.197,latency_s,0.023748
1756998321.197,latency_s,0.022868
1756998321.197,latency_s,0.020637
1756998321.204,latency_s,0.027920
1756998321.204,latency_s,0.027786
1756998321.204,latency_s,0.023117
1756998321.204,latency_s,0.023163
1756998321.204,latency_s,0.022911
1756998321.204,latency_s,0.020600
1756998321.211,latency_s,0.026210
1756998321.212,latency_s,0.024419
1756998321.214,latency_s,0.019443
1756998321.215,latency_s,0.019780
1756998321.229,latency_s,0.019548
1756998321.230,latency_s,0.019186
1756998321.248,latency_s,0.019950
1756998321.292,latency_s,0.021760
1756998321.293,latency_s,0.020822
1756998321.293,latency_s,0.020685
1756998321.293,latency_s,0.020180
1756998321.293,latency_s,0.019788
1756998321.293,latency_s,0.019775
1756998321.294,latency_s,0.020705
1756998321.294,latency_s,0.019226
1756998321.294,latency_s,0.019381
1756998321.298,latency_s,0.020945
1756998321.298,latency_s,0.021161
1756998321.306,latency_s,0.028984
1756998321.306,latency_s,0.023827
1756998321.306,latency_s,0.023836
1756998321.306,latency_s,0.023745
1756998321.306,latency_s,0.022060
1756998321.306,latency_s,0.020191
1756998321.309,latency_s,0.020852
1756998321.315,latency_s,0.019688
1756998321.315,latency_s,0.019449
1756998321.330,latency_s,0.019967
1756998321.332,latency_s,0.019748
1756998321.349,latency_s,0.019937
1756998321.392,latency_s,0.021096
1756998321.392,latency_s,0.020267
1756998321.392,latency_s,0.020134
1756998321.396,latency_s,0.022306
1756998321.396,latency_s,0.022236
1756998321.396,latency_s,0.022231
1756998321.396,latency_s,0.022433
1756998321.396,latency_s,0.020737
1756998321.396,latency_s,0.020603
1756998321.396,latency_s,0.019447
1756998321.396,latency_s,0.019180
1756998321.396,latency_s,0.019043
1756998321.409,latency_s,0.026058
1756998321.409,latency_s,0.025873
1756998321.409,latency_s,0.026172
1756998321.409,latency_s,0.024077
1756998321.409,latency_s,0.022144
1756998321.409,latency_s,0.020527
1756998321.416,latency_s,0.020059
1756998321.416,latency_s,0.020026
1756998321.429,latency_s,0.019027
1756998321.433,latency_s,0.019491
1756998321.449,latency_s,0.019390
1756998321.492,latency_s,0.019330
1756998321.494,latency_s,0.020308
1756998321.494,latency_s,0.020178
1756998321.494,latency_s,0.020266
1756998321.499,latency_s,0.022432
1756998321.500,latency_s,0.022341
1756998321.500,latency_s,0.021934
1756998321.500,latency_s,0.022618
1756998321.500,latency_s,0.022338
1756998321.500,latency_s,0.022069
1756998321.500,latency_s,0.022618
1756998321.500,latency_s,0.022808
1756998321.507,latency_s,0.022883
1756998321.507,latency_s,0.022834
1756998321.507,latency_s,0.023014
1756998321.507,latency_s,0.022208
1756998321.507,latency_s,0.019768
1756998321.510,latency_s,0.020922
1756998321.516,latency_s,0.019511
1756998321.516,latency_s,0.019420
1756998321.532,latency_s,0.021213
1756998321.533,latency_s,0.019049
1756998321.551,latency_s,0.020901
1756998321.593,latency_s,0.020111
1756998321.597,latency_s,0.022480
1756998321.597,latency_s,0.022163
1756998321.597,latency_s,0.022131
1756998321.597,latency_s,0.019731
1756998321.597,latency_s,0.019830
1756998321.597,latency_s,0.019587
1756998321.597,latency_s,0.019578
1756998321.597,latency_s,0.019717
1756998321.597,latency_s,0.019984
1756998321.597,latency_s,0.019382
1756998321.598,latency_s,0.019228
1756998321.604,latency_s,0.019153
1756998321.604,latency_s,0.019223
1756998321.610,latency_s,0.025124
1756998321.610,latency_s,0.024240
1756998321.610,latency_s,0.022512
1756998321.613,latency_s,0.023932
1756998321.618,latency_s,0.020456
1756998321.618,latency_s,0.020389
1756998321.631,latency_s,0.019483
1756998321.634,latency_s,0.019408
1756998321.650,latency_s,0.020216
1756998321.695,latency_s,0.020665
1756998321.695,latency_s,0.020083
1756998321.695,latency_s,0.019653
1756998321.695,latency_s,0.019801
1756998321.697,latency_s,0.019306
1756998321.697,latency_s,0.019124
1756998321.697,latency_s,0.019448
1756998321.697,latency_s,0.019326
1756998321.697,latency_s,0.019014
1756998321.698,latency_s,0.019158
1756998321.698,latency_s,0.019329
1756998321.698,latency_s,0.018741
1756998321.704,latency_s,0.019231
1756998321.712,latency_s,0.026788
1756998321.712,latency_s,0.026979
1756998321.712,latency_s,0.025968
1756998321.712,latency_s,0.024081
1756998321.712,latency_s,0.023195
1756998321.717,latency_s,0.019581
1756998321.717,latency_s,0.019603
1756998321.732,latency_s,0.019895
1756998321.735,latency_s,0.019115
1756998321.752,latency_s,0.021288
1756998321.796,latency_s,0.021502
1756998321.796,latency_s,0.020378
1756998321.796,latency_s,0.020017
1756998321.796,latency_s,0.020574
1756998321.799,latency_s,0.020159
1756998321.799,latency_s,0.020046
1756998321.799,latency_s,0.020000
1756998321.799,latency_s,0.020062
1756998321.799,latency_s,0.020282
1756998321.799,latency_s,0.020443
1756998321.799,latency_s,0.020175
1756998321.799,latency_s,0.019535
1756998321.805,latency_s,0.019035
1756998321.805,latency_s,0.019253
1756998321.805,latency_s,0.019488
1756998321.811,latency_s,0.024182
1756998321.811,latency_s,0.021876
1756998321.811,latency_s,0.021559
1756998321.818,latency_s,0.019175
1756998321.818,latency_s,0.018732
1756998321.832,latency_s,0.019775
1756998321.836,latency_s,0.019220
1756998321.852,latency_s,0.020361
1756998321.894,latency_s,0.019874
1756998321.896,latency_s,0.020173
1756998321.896,latency_s,0.020434
1756998321.899,latency_s,0.021918
1756998321.899,latency_s,0.020092
1756998321.899,latency_s,0.019972
1756998321.899,latency_s,0.020197
1756998321.899,latency_s,0.019954
1756998321.899,latency_s,0.020112
1756998321.899,latency_s,0.020250
1756998321.899,latency_s,0.020083
1756998321.900,latency_s,0.019744
1756998321.905,latency_s,0.018950
1756998321.905,latency_s,0.018933
1756998321.905,latency_s,0.019108
1756998321.910,latency_s,0.022814
1756998321.910,latency_s,0.020638
1756998321.910,latency_s,0.020301
1756998321.940,latency_s,0.041209
1756998321.940,latency_s,0.040441
1756998321.940,latency_s,0.026676
1756998321.940,latency_s,0.022754
1756998321.951,latency_s,0.019445
1756998321.998,latency_s,0.023049
1756998321.998,latency_s,0.021712
1756998321.998,latency_s,0.021741
1756998321.998,latency_s,0.020552
1756998322.001,latency_s,0.021695
1756998322.001,latency_s,0.021428
1756998322.001,latency_s,0.021634
1756998322.001,latency_s,0.021768
1756998322.001,latency_s,0.021543
1756998322.001,latency_s,0.021613
1756998322.002,latency_s,0.021863
1756998322.013,latency_s,0.031896
1756998322.013,latency_s,0.024684
1756998322.013,latency_s,0.024738
1756998322.013,latency_s,0.024659
1756998322.013,latency_s,0.024657
1756998322.013,latency_s,0.022953
1756998322.013,latency_s,0.023158
1756998322.018,latency_s,0.019129
1756998322.019,latency_s,0.019545
1756998322.033,latency_s,0.019126
1756998322.067,latency_s,0.049143
1756998322.067,latency_s,0.034964
1756998322.095,latency_s,0.019898
1756998322.097,latency_s,0.020407
1756998322.097,latency_s,0.020667
1756998322.103,latency_s,0.022103
1756998322.103,latency_s,0.022578
1756998322.103,latency_s,0.022222
1756998322.103,latency_s,0.022712
1756998322.110,latency_s,0.029223
1756998322.110,latency_s,0.029085
1756998322.110,latency_s,0.029340
1756998322.110,latency_s,0.028834
1756998322.114,latency_s,0.023072
1756998322.114,latency_s,0.022977
1756998322.114,latency_s,0.022733
1756998322.114,latency_s,0.023378
1756998322.114,latency_s,0.023145
1756998322.114,latency_s,0.022964
1756998322.121,latency_s,0.020931
1756998322.121,latency_s,0.020634
1756998322.136,latency_s,0.021508
1756998322.139,latency_s,0.020275
1756998322.155,latency_s,0.019962
1756998322.200,latency_s,0.023346
1756998322.200,latency_s,0.022991
1756998322.200,latency_s,0.023265
1756998322.200,latency_s,0.019776
1756998322.200,latency_s,0.019572
1756998322.200,latency_s,0.019593
1756998322.200,latency_s,0.019251
1756998322.200,latency_s,0.019191
1756998322.211,latency_s,0.030300
1756998322.212,latency_s,0.030505
1756998322.212,latency_s,0.028565
1756998322.212,latency_s,0.020810
1756998322.212,latency_s,0.020668
1756998322.212,latency_s,0.020458
1756998322.235,latency_s,0.041356
1756998322.235,latency_s,0.043379
1756998322.235,latency_s,0.041445
1756998322.235,latency_s,0.156250
1756998322.235,latency_s,0.055340
1756998322.235,latency_s,0.034740
1756998322.235,latency_s,0.034238
1756998322.235,latency_s,0.019979
1756998322.251,latency_s,0.032041
1756998322.255,latency_s,0.019484
1756998322.299,latency_s,0.022013
1756998322.299,latency_s,0.021456
1756998322.299,latency_s,0.022127
1756998322.301,latency_s,0.020589
1756998322.301,latency_s,0.020404
1756998322.313,latency_s,0.032501
1756998322.313,latency_s,0.032534
1756998322.313,latency_s,0.031803
1756998322.314,latency_s,0.031899
1756998322.314,latency_s,0.031993
1756998322.314,latency_s,0.032056
1756998322.314,latency_s,0.030482
1756998322.314,latency_s,0.022147
1756998322.314,latency_s,0.022021
1756998322.314,latency_s,0.022087
1756998322.314,latency_s,0.022188
1756998322.314,latency_s,0.020371
1756998322.316,latency_s,0.022385
1756998322.321,latency_s,0.020422
1756998322.322,latency_s,0.020540
1756998322.335,latency_s,0.020103
1756998322.339,latency_s,0.019132
1756998322.357,latency_s,0.019627
1756998322.398,latency_s,0.021041
1756998322.399,latency_s,0.020881
1756998322.399,latency_s,0.021334
1756998322.403,latency_s,0.022422
1756998322.403,latency_s,0.022485
1756998322.404,latency_s,0.022282
1756998322.414,latency_s,0.032206
1756998322.414,latency_s,0.031157
1756998322.414,latency_s,0.031074
1756998322.414,latency_s,0.031593
1756998322.414,latency_s,0.030432
1756998322.414,latency_s,0.031577
1756998322.414,latency_s,0.022113
1756998322.414,latency_s,0.022341
1756998322.414,latency_s,0.022444
1756998322.418,latency_s,0.024806
1756998322.419,latency_s,0.024604
1756998322.419,latency_s,0.026636
1756998322.421,latency_s,0.019779
1756998322.422,latency_s,0.019968
1756998322.435,latency_s,0.020046
1756998322.440,latency_s,0.019442
1756998322.457,latency_s,0.019442
1756998322.499,latency_s,0.021268
1756998322.499,latency_s,0.021170
1756998322.500,latency_s,0.021662
1756998322.500,latency_s,0.018671
1756998322.503,latency_s,0.021227
1756998322.503,latency_s,0.020743
1756998322.516,latency_s,0.033231
1756998322.516,latency_s,0.033867
1756998322.516,latency_s,0.032956
1756998322.516,latency_s,0.032493
1756998322.517,latency_s,0.023446
1756998322.517,latency_s,0.023505
1756998322.517,latency_s,0.023420
1756998322.517,latency_s,0.023007
1756998322.517,latency_s,0.022691
1756998322.517,latency_s,0.021693
1756998322.522,latency_s,0.019686
1756998322.523,latency_s,0.020742
1756998322.535,latency_s,0.019741
1756998322.541,latency_s,0.019013
1756998322.599,latency_s,0.060716
1756998322.599,latency_s,0.021328
1756998322.600,latency_s,0.021354
1756998322.600,latency_s,0.021366
1756998322.603,latency_s,0.020691
1756998322.603,latency_s,0.020564
1756998322.603,latency_s,0.020276
1756998322.612,latency_s,0.028967
1756998322.612,latency_s,0.028390
1756998322.612,latency_s,0.028277
1756998322.612,latency_s,0.028075
1756998322.615,latency_s,0.021936
1756998322.618,latency_s,0.024225
1756998322.618,latency_s,0.024402
1756998322.618,latency_s,0.022962
1756998322.618,latency_s,0.022516
1756998322.618,latency_s,0.023947
1756998322.623,latency_s,0.020327
1756998322.623,latency_s,0.020516
1756998322.623,latency_s,0.139675
1756998322.626,latency_s,0.042412
1756998322.636,latency_s,0.020246
1756998322.639,latency_s,0.157018
1756998322.639,latency_s,0.056256
1756998322.642,latency_s,0.019939
1756998322.659,latency_s,0.019654
1756998322.700,latency_s,0.022310
1756998322.701,latency_s,0.022090
1756998322.701,latency_s,0.021049
1756998322.703,latency_s,0.019901
1756998322.703,latency_s,0.020049
1756998322.703,latency_s,0.019691
1756998322.703,latency_s,0.020211
1756998322.714,latency_s,0.031474
1756998322.715,latency_s,0.029915
1756998322.715,latency_s,0.029987
1756998322.715,latency_s,0.030476
1756998322.715,latency_s,0.030486
1756998322.715,latency_s,0.021130
1756998322.715,latency_s,0.021120
1756998322.715,latency_s,0.020311
1756998322.715,latency_s,0.020022
1756998322.715,latency_s,0.019589
1756998322.723,latency_s,0.019999
1756998322.723,latency_s,0.020129
1756998322.736,latency_s,0.019546
1756998322.745,latency_s,0.020454
1756998322.763,latency_s,0.022334
1756998322.801,latency_s,0.021887
1756998322.801,latency_s,0.022047
1756998322.801,latency_s,0.020308
1756998322.804,latency_s,0.020306
1756998322.804,latency_s,0.020740
1756998322.804,latency_s,0.021030
1756998322.815,latency_s,0.031500
1756998322.815,latency_s,0.031589
1756998322.815,latency_s,0.030561
1756998322.815,latency_s,0.030617
1756998322.816,latency_s,0.031024
1756998322.816,latency_s,0.030679
1756998322.816,latency_s,0.021006
1756998322.816,latency_s,0.021331
1756998322.816,latency_s,0.020824
1756998322.816,latency_s,0.020228
1756998322.817,latency_s,0.020830
1756998322.825,latency_s,0.020442
1756998322.825,latency_s,0.020948
1756998322.831,latency_s,0.137289
1756998322.831,latency_s,0.036525
1756998322.837,latency_s,0.019974
1756998322.845,latency_s,0.020407
1756998322.862,latency_s,0.020788
1756998322.901,latency_s,0.021242
1756998322.901,latency_s,0.020494
1756998322.901,latency_s,0.020280
1756998322.902,latency_s,0.018567
1756998322.906,latency_s,0.022163
1756998322.907,latency_s,0.022759
1756998322.907,latency_s,0.022878
1756998322.919,latency_s,0.035014
1756998322.919,latency_s,0.033737
1756998322.919,latency_s,0.033839
1756998322.919,latency_s,0.033852
1756998322.919,latency_s,0.033634
1756998322.920,latency_s,0.024625
1756998322.920,latency_s,0.021973
1756998322.922,latency_s,0.024616
1756998322.922,latency_s,0.024623
1756998322.922,latency_s,0.024638
1756998322.922,latency_s,0.023765
1756998322.924,latency_s,0.019916
1756998322.924,latency_s,0.019939
1756998322.939,latency_s,0.020450
1756998322.945,latency_s,0.019296
1756998322.962,latency_s,0.019738
1756998323.004,latency_s,0.023575
1756998323.005,latency_s,0.024013
1756998323.005,latency_s,0.023697
1756998323.005,latency_s,0.021365
1756998323.005,latency_s,0.020911
1756998323.005,latency_s,0.020942
1756998323.005,latency_s,0.021278
1756998323.017,latency_s,0.033276
1756998323.017,latency_s,0.031646
1756998323.018,latency_s,0.031890
1756998323.018,latency_s,0.031816
1756998323.018,latency_s,0.031332
1756998323.019,latency_s,0.022676
1756998323.020,latency_s,0.022102
1756998323.020,latency_s,0.021704
1756998323.020,latency_s,0.021047
1756998323.020,latency_s,0.022053
1756998323.020,latency_s,0.021068
1756998323.026,latency_s,0.020818
1756998323.026,latency_s,0.020483
1756998323.039,latency_s,0.019569
1756998323.047,latency_s,0.019841
1756998323.065,latency_s,0.021076
1756998323.104,latency_s,0.022386
1756998323.105,latency_s,0.023257
1756998323.105,latency_s,0.023346
1756998323.105,latency_s,0.020951
1756998323.105,latency_s,0.020520
1756998323.105,latency_s,0.020449
1756998323.105,latency_s,0.020302
1756998323.105,latency_s,0.020142
1756998323.105,latency_s,0.019166
1756998323.106,latency_s,0.019601
1756998323.119,latency_s,0.033110
1756998323.119,latency_s,0.032263
1756998323.120,latency_s,0.022172
1756998323.120,latency_s,0.021494
1756998323.121,latency_s,0.020878
1756998323.121,latency_s,0.021568
1756998323.121,latency_s,0.021943
1756998323.121,latency_s,0.021486
1756998323.125,latency_s,0.019464
1756998323.125,latency_s,0.019507
1756998323.141,latency_s,0.020555
1756998323.147,latency_s,0.019553
1756998323.165,latency_s,0.020248
1756998323.206,latency_s,0.023666
1756998323.206,latency_s,0.023640
1756998323.206,latency_s,0.023813
1756998323.206,latency_s,0.021374
1756998323.206,latency_s,0.020847
1756998323.206,latency_s,0.020859
1756998323.206,latency_s,0.020716
1756998323.206,latency_s,0.020576
1756998323.206,latency_s,0.019489
1756998323.219,latency_s,0.032409
1756998323.219,latency_s,0.032522
1756998323.219,latency_s,0.031263
1756998323.222,latency_s,0.023466
1756998323.222,latency_s,0.023370
1756998323.222,latency_s,0.021929
1756998323.222,latency_s,0.022526
1756998323.222,latency_s,0.022228
1756998323.222,latency_s,0.021870
1756998323.225,latency_s,0.019492
1756998323.226,latency_s,0.019469
1756998323.240,latency_s,0.019726
1756998323.249,latency_s,0.019962
1756998323.265,latency_s,0.019340
1756998323.303,latency_s,0.021175
1756998323.303,latency_s,0.020317
1756998323.303,latency_s,0.020304
1756998323.304,latency_s,0.019325
1756998323.305,latency_s,0.018867
1756998323.307,latency_s,0.020807
1756998323.307,latency_s,0.020700
1756998323.307,latency_s,0.020497
1756998323.307,latency_s,0.020559
1756998323.307,latency_s,0.021099
1756998323.317,latency_s,0.029317
1756998323.317,latency_s,0.018842
1756998323.320,latency_s,0.021512
1756998323.320,latency_s,0.020621
1756998323.323,latency_s,0.023087
1756998323.323,latency_s,0.022641
1756998323.323,latency_s,0.022696
1756998323.326,latency_s,0.019455
1756998323.326,latency_s,0.019500
1756998323.342,latency_s,0.020820
1756998323.350,latency_s,0.021150
1756998323.366,latency_s,0.020010
1756998323.403,latency_s,0.021183
1756998323.404,latency_s,0.020319
1756998323.404,latency_s,0.020152
1756998323.407,latency_s,0.020973
1756998323.407,latency_s,0.020861
1756998323.407,latency_s,0.020140
1756998323.407,latency_s,0.020023
1756998323.407,latency_s,0.020017
1756998323.407,latency_s,0.019802
1756998323.407,latency_s,0.020309
1756998323.422,latency_s,0.033739
1756998323.422,latency_s,0.023112
1756998323.422,latency_s,0.022449
1756998323.422,latency_s,0.022502
1756998323.423,latency_s,0.022727
1756998323.423,latency_s,0.021648
1756998323.423,latency_s,0.021856
1756998323.423,latency_s,0.137483
1756998323.423,latency_s,0.037155
1756998323.428,latency_s,0.020413
1756998323.428,latency_s,0.020635
1756998323.464,latency_s,0.042419
1756998323.464,latency_s,0.034773
1756998323.479,latency_s,0.032360
1756998323.502,latency_s,0.019419
1756998323.504,latency_s,0.019287
1756998323.505,latency_s,0.020362
1756998323.509,latency_s,0.023119
1756998323.509,latency_s,0.023009
1756998323.509,latency_s,0.022991
1756998323.509,latency_s,0.022320
1756998323.517,latency_s,0.030082
1756998323.517,latency_s,0.030114
1756998323.517,latency_s,0.029686
1756998323.517,latency_s,0.029465
1756998323.517,latency_s,0.028690
1756998323.520,latency_s,0.020466
1756998323.522,latency_s,0.021726
1756998323.524,latency_s,0.023993
1756998323.524,latency_s,0.024034
1756998323.524,latency_s,0.023028
1756998323.525,latency_s,0.023695
1756998323.530,latency_s,0.020828
1756998323.530,latency_s,0.020830
1756998323.543,latency_s,0.020460
1756998323.549,latency_s,0.019425
1756998323.570,latency_s,0.021960
1756998323.603,latency_s,0.019380
1756998323.609,latency_s,0.023422
1756998323.609,latency_s,0.023504
1756998323.609,latency_s,0.022534
1756998323.609,latency_s,0.022508
1756998323.609,latency_s,0.022663
1756998323.609,latency_s,0.022225
1756998323.610,latency_s,0.022357
1756998323.619,latency_s,0.030976
1756998323.619,latency_s,0.030832
1756998323.619,latency_s,0.030601
1756998323.619,latency_s,0.029215
1756998323.624,latency_s,0.023456
1756998323.624,latency_s,0.023081
1756998323.624,latency_s,0.022528
1756998323.624,latency_s,0.022624
1756998323.624,latency_s,0.023638
1756998323.631,latency_s,0.021135
1756998323.631,latency_s,0.021359
1756998323.644,latency_s,0.021190
1756998323.650,latency_s,0.019294
1756998323.669,latency_s,0.020041
1756998323.705,latency_s,0.021153
1756998323.711,latency_s,0.024012
1756998323.711,latency_s,0.023926
1756998323.711,latency_s,0.023847
1756998323.711,latency_s,0.023724
1756998323.711,latency_s,0.023709
1756998323.711,latency_s,0.022985
1756998323.711,latency_s,0.023655
1756998323.722,latency_s,0.033826
1756998323.722,latency_s,0.033672
1756998323.722,latency_s,0.033438
1756998323.722,latency_s,0.031805
1756998323.722,latency_s,0.021601
1756998323.727,latency_s,0.025390
1756998323.727,latency_s,0.025419
1756998323.727,latency_s,0.024848
1756998323.727,latency_s,0.024595
1756998323.731,latency_s,0.020618
1756998323.731,latency_s,0.021029
1756998323.744,latency_s,0.143967
1756998323.744,latency_s,0.020994
1756998323.746,latency_s,0.044332
1756998323.751,latency_s,0.019036
1756998323.769,latency_s,0.019525
1756998323.804,latency_s,0.019622
1756998323.811,latency_s,0.024205
1756998323.811,latency_s,0.024010
1756998323.811,latency_s,0.023313
1756998323.811,latency_s,0.023606
1756998323.811,latency_s,0.023595
1756998323.811,latency_s,0.023561
1756998323.811,latency_s,0.023050
1756998323.812,latency_s,0.022696
1756998323.819,latency_s,0.029802
1756998323.819,latency_s,0.028397
1756998323.826,latency_s,0.022468
1756998323.826,latency_s,0.022884
1756998323.826,latency_s,0.023829
1756998323.826,latency_s,0.021948
1756998323.826,latency_s,0.022404
1756998323.826,latency_s,0.021802
1756998323.831,latency_s,0.020304
1756998323.832,latency_s,0.020665
1756998323.844,latency_s,0.019756
1756998323.851,latency_s,0.018632
1756998323.871,latency_s,0.021239
1756998323.907,latency_s,0.021760
1756998323.908,latency_s,0.021327
1756998323.908,latency_s,0.021110
1756998323.908,latency_s,0.019665
1756998323.908,latency_s,0.019367
1756998323.908,latency_s,0.020034
1756998323.908,latency_s,0.020066
1756998323.909,latency_s,0.019056
1756998323.912,latency_s,0.023760
1756998323.921,latency_s,0.032493
1756998323.921,latency_s,0.030022
1756998323.929,latency_s,0.024053
1756998323.929,latency_s,0.023801
1756998323.929,latency_s,0.024224
1756998323.929,latency_s,0.023211
1756998323.929,latency_s,0.023022
1756998323.929,latency_s,0.022206
1756998323.929,latency_s,0.140976
1756998323.937,latency_s,0.047720
1756998323.937,latency_s,0.025821
1756998323.937,latency_s,0.025815
1756998323.945,latency_s,0.019667
1756998323.953,latency_s,0.019623
1756998323.970,latency_s,0.019457
1756998324.007,latency_s,0.020522
1756998324.007,latency_s,0.020122
1756998324.008,latency_s,0.020072
1756998324.008,latency_s,0.019758
1756998324.013,latency_s,0.024022
1756998324.013,latency_s,0.024146
1756998324.013,latency_s,0.023720
1756998324.013,latency_s,0.023949
1756998324.013,latency_s,0.023501
1756998324.013,latency_s,0.023651
1756998324.021,latency_s,0.031368
1756998324.022,latency_s,0.030041
1756998324.027,latency_s,0.022164
1756998324.027,latency_s,0.022590
1756998324.028,latency_s,0.022320
1756998324.029,latency_s,0.023404
1756998324.029,latency_s,0.022876
1756998324.029,latency_s,0.021641
1756998324.031,latency_s,0.019391
1756998324.031,latency_s,0.019553
1756998324.046,latency_s,0.020526
1756998324.055,latency_s,0.020138
1756998324.071,latency_s,0.019519
1756998324.111,latency_s,0.024203
1756998324.111,latency_s,0.023726
1756998324.111,latency_s,0.022750
1756998324.111,latency_s,0.021226
1756998324.111,latency_s,0.021271
1756998324.111,latency_s,0.020917
1756998324.111,latency_s,0.021289
1756998324.111,latency_s,0.020421
1756998324.111,latency_s,0.021117
1756998324.112,latency_s,0.021480
1756998324.123,latency_s,0.032404
1756998324.123,latency_s,0.030968
1756998324.124,latency_s,0.019063
1756998324.126,latency_s,0.019316
1756998324.126,latency_s,0.019719
1756998324.126,latency_s,0.020089
1756998324.127,latency_s,0.019355
1756998324.129,latency_s,0.020791
1756998324.132,latency_s,0.019806
1756998324.132,latency_s,0.019946
1756998324.157,latency_s,0.030719
1756998324.157,latency_s,0.021061
1756998324.173,latency_s,0.019466
1756998324.208,latency_s,0.021299
1756998324.208,latency_s,0.020970
1756998324.209,latency_s,0.019429
1756998324.209,latency_s,0.019218
1756998324.210,latency_s,0.019092
1756998324.210,latency_s,0.019418
1756998324.210,latency_s,0.019703
1756998324.210,latency_s,0.019906
1756998324.212,latency_s,0.021318
1756998324.212,latency_s,0.021218
1756998324.212,latency_s,0.019629
1756998324.212,latency_s,0.020798
1756998324.227,latency_s,0.018977
1756998324.232,latency_s,0.021443
1756998324.232,latency_s,0.024081
1756998324.234,latency_s,0.023231
1756998324.234,latency_s,0.020786
1756998324.234,latency_s,0.020802
1756998324.234,latency_s,0.021635
1756998324.234,latency_s,0.021390
1756998324.247,latency_s,0.020064
1756998324.257,latency_s,0.019194
1756998324.274,latency_s,0.020138
1756998324.310,latency_s,0.021957
1756998324.310,latency_s,0.021980
1756998324.310,latency_s,0.020138
1756998324.310,latency_s,0.019553
1756998324.310,latency_s,0.019157
1756998324.310,latency_s,0.019284
1756998324.310,latency_s,0.019593
1756998324.310,latency_s,0.019477
1756998324.310,latency_s,0.019164
1756998324.313,latency_s,0.021253
1756998324.313,latency_s,0.020894
1756998324.313,latency_s,0.019848
1756998324.329,latency_s,0.019382
1756998324.334,latency_s,0.020072
1756998324.334,latency_s,0.019835
1756998324.334,latency_s,0.020011
1756998324.334,latency_s,0.020044
1756998324.334,latency_s,0.019935
1756998324.334,latency_s,0.020221
1756998324.334,latency_s,0.020331
1756998324.346,latency_s,0.019495
1756998324.360,latency_s,0.019113
1756998324.375,latency_s,0.019617
1756998324.408,latency_s,0.019904
1756998324.408,latency_s,0.019496
1756998324.413,latency_s,0.022475
1756998324.413,latency_s,0.022381
1756998324.413,latency_s,0.022066
1756998324.413,latency_s,0.022148
1756998324.413,latency_s,0.021994
1756998324.413,latency_s,0.021476
1756998324.413,latency_s,0.021810
1756998324.413,latency_s,0.021937
1756998324.413,latency_s,0.021592
1756998324.414,latency_s,0.020188
1756998324.429,latency_s,0.019457
1756998324.433,latency_s,0.019176
1756998324.434,latency_s,0.019469
1756998324.438,latency_s,0.022810
1756998324.438,latency_s,0.022615
1756998324.438,latency_s,0.022923
1756998324.438,latency_s,0.022729
1756998324.438,latency_s,0.023033
1756998324.447,latency_s,0.019515
1756998324.462,latency_s,0.019364
1756998324.478,latency_s,0.021020
1756998324.509,latency_s,0.020466
1756998324.509,latency_s,0.020247
1756998324.512,latency_s,0.021495
1756998324.512,latency_s,0.021241
1756998324.512,latency_s,0.020694
1756998324.512,latency_s,0.021055
1756998324.513,latency_s,0.021065
1756998324.513,latency_s,0.021307
1756998324.513,latency_s,0.021022
1756998324.513,latency_s,0.020106
1756998324.513,latency_s,0.020112
1756998324.513,latency_s,0.018698
1756998324.530,latency_s,0.020097
1756998324.534,latency_s,0.019534
1756998324.537,latency_s,0.022004
1756998324.537,latency_s,0.021591
1756998324.537,latency_s,0.021407
1756998324.537,latency_s,0.021706
1756998324.537,latency_s,0.021365
1756998324.537,latency_s,0.021823
1756998324.548,latency_s,0.019672
1756998324.563,latency_s,0.019571
1756998324.577,latency_s,0.019901
1756998324.615,latency_s,0.025306
1756998324.615,latency_s,0.024374
1756998324.615,latency_s,0.023928
1756998324.615,latency_s,0.023695
1756998324.615,latency_s,0.023373
1756998324.615,latency_s,0.023636
1756998324.615,latency_s,0.023617
1756998324.615,latency_s,0.023419
1756998324.615,latency_s,0.023285
1756998324.615,latency_s,0.021946
1756998324.615,latency_s,0.021977
1756998324.616,latency_s,0.020267
1756998324.631,latency_s,0.019485
1756998324.637,latency_s,0.021482
1756998324.637,latency_s,0.021384
1756998324.637,latency_s,0.021053
1756998324.637,latency_s,0.020862
1756998324.637,latency_s,0.021170
1756998324.637,latency_s,0.020927
1756998324.637,latency_s,0.021302
1756998324.651,latency_s,0.021573
1756998324.664,latency_s,0.019709
1756998324.679,latency_s,0.020344
1756998324.709,latency_s,0.019712
1756998324.712,latency_s,0.020971
1756998324.712,latency_s,0.021029
1756998324.712,latency_s,0.020693
1756998324.712,latency_s,0.020672
1756998324.713,latency_s,0.020418
1756998324.713,latency_s,0.020743
1756998324.713,latency_s,0.020993
1756998324.713,latency_s,0.020725
1756998324.713,latency_s,0.019032
1756998324.713,latency_s,0.019169
1756998324.716,latency_s,0.019531
1756998324.731,latency_s,0.020200
1756998324.737,latency_s,0.020999
1756998324.737,latency_s,0.020872
1756998324.737,latency_s,0.020541
1756998324.737,latency_s,0.020674
1756998324.737,latency_s,0.020494
1756998324.737,latency_s,0.020508
1756998324.737,latency_s,0.020690
1756998324.749,latency_s,0.019458
1756998324.764,latency_s,0.019493
1756998324.779,latency_s,0.020261
1756998324.810,latency_s,0.019961
1756998324.811,latency_s,0.019225
1756998324.811,latency_s,0.019154
1756998324.811,latency_s,0.019646
1756998324.815,latency_s,0.023326
1756998324.815,latency_s,0.022631
1756998324.815,latency_s,0.022014
1756998324.815,latency_s,0.022211
1756998324.815,latency_s,0.022672
1756998324.815,latency_s,0.020095
1756998324.815,latency_s,0.020169
1756998324.816,latency_s,0.019068
1756998324.833,latency_s,0.020630
1756998324.836,latency_s,0.019643
1756998324.836,latency_s,0.019857
1756998324.836,latency_s,0.019405
1756998324.837,latency_s,0.019364
1756998324.840,latency_s,0.022539
1756998324.840,latency_s,0.022472
1756998324.840,latency_s,0.022621
1756998324.849,latency_s,0.019134
1756998324.865,latency_s,0.019779
1756998324.880,latency_s,0.019711
1756998324.911,latency_s,0.020404
1756998324.912,latency_s,0.019871
1756998324.912,latency_s,0.019677
1756998324.912,latency_s,0.020014
1756998324.912,latency_s,0.019925
1756998324.917,latency_s,0.024159
1756998324.917,latency_s,0.024238
1756998324.917,latency_s,0.023853
1756998324.917,latency_s,0.023734
1756998324.917,latency_s,0.020657
1756998324.917,latency_s,0.020679
1756998324.917,latency_s,0.019657
1756998324.932,latency_s,0.019739
1756998324.938,latency_s,0.020844
1756998324.938,latency_s,0.020730
1756998324.938,latency_s,0.020285
1756998324.938,latency_s,0.020414
1756998324.938,latency_s,0.020874
1756998324.938,latency_s,0.021004
1756998324.939,latency_s,0.020636
1756998324.969,latency_s,0.019699
1756998324.982,latency_s,0.020036
1756998325.010,latency_s,0.019530
1756998325.014,latency_s,0.021893
1756998325.014,latency_s,0.021127
1756998325.014,latency_s,0.021736
1756998325.014,latency_s,0.020869
1756998325.014,latency_s,0.020823
1756998325.014,latency_s,0.021891
1756998325.014,latency_s,0.021416
1756998325.015,latency_s,0.021942
1756998325.018,latency_s,0.021250
1756998325.018,latency_s,0.021308
1756998325.018,latency_s,0.020865
1756998325.032,latency_s,0.019630
1756998325.037,latency_s,0.019731
1756998325.037,latency_s,0.019527
1756998325.037,latency_s,0.019548
1756998325.037,latency_s,0.019788
1756998325.038,latency_s,0.019694
1756998325.038,latency_s,0.019596
1756998325.041,latency_s,0.022559
1756998325.069,latency_s,0.019759
1756998325.072,latency_s,0.141091
1756998325.072,latency_s,0.041067
1756998325.083,latency_s,0.021068
1756998325.115,latency_s,0.023702
1756998325.115,latency_s,0.022914
1756998325.115,latency_s,0.022588
1756998325.117,latency_s,0.024173
1756998325.117,latency_s,0.023917
1756998325.117,latency_s,0.023920
1756998325.117,latency_s,0.023616
1756998325.117,latency_s,0.023570
1756998325.117,latency_s,0.023602
1756998325.117,latency_s,0.019732
1756998325.117,latency_s,0.019789
1756998325.117,latency_s,0.019401
1756998325.134,latency_s,0.020965
1756998325.141,latency_s,0.022434
1756998325.141,latency_s,0.021750
1756998325.141,latency_s,0.022324
1756998325.141,latency_s,0.022409
1756998325.141,latency_s,0.022800
1756998325.141,latency_s,0.022057
1756998325.141,latency_s,0.022293
1756998325.152,latency_s,0.020434
1756998325.170,latency_s,0.019919
1756998325.184,latency_s,0.020962
1756998325.211,latency_s,0.019699
1756998325.211,latency_s,0.018813
1756998325.212,latency_s,0.019130
1756998325.216,latency_s,0.022593
1756998325.216,latency_s,0.022265
1756998325.216,latency_s,0.021867
1756998325.216,latency_s,0.021876
1756998325.216,latency_s,0.022474
1756998325.216,latency_s,0.022403
1756998325.217,latency_s,0.018654
1756998325.217,latency_s,0.018824
1756998325.218,latency_s,0.018975
1756998325.233,latency_s,0.019746
1756998325.241,latency_s,0.022042
1756998325.241,latency_s,0.021935
1756998325.241,latency_s,0.021804
1756998325.241,latency_s,0.022056
1756998325.241,latency_s,0.021627
1756998325.241,latency_s,0.021573
1756998325.241,latency_s,0.021858
1756998325.252,latency_s,0.019404
1756998325.272,latency_s,0.020294
1756998325.283,latency_s,0.019141
1756998325.314,latency_s,0.021847
1756998325.315,latency_s,0.021288
1756998325.315,latency_s,0.020597
1756998325.315,latency_s,0.021964
1756998325.315,latency_s,0.020561
1756998325.315,latency_s,0.021926
1756998325.315,latency_s,0.021299
1756998325.315,latency_s,0.021040
1756998325.315,latency_s,0.021310
1756998325.321,latency_s,0.022192
1756998325.321,latency_s,0.022276
1756998325.321,latency_s,0.021300
1756998325.335,latency_s,0.020248
1756998325.340,latency_s,0.020438
1756998325.340,latency_s,0.020314
1756998325.340,latency_s,0.019994
1756998325.340,latency_s,0.020414
1756998325.340,latency_s,0.020575
1756998325.340,latency_s,0.020248
1756998325.340,latency_s,0.020248
1756998325.354,latency_s,0.020938
1756998325.372,latency_s,0.020289
1756998325.383,latency_s,0.019362
1756998325.415,latency_s,0.022133
1756998325.415,latency_s,0.021846
1756998325.415,latency_s,0.021188
1756998325.415,latency_s,0.021497
1756998325.415,latency_s,0.021926
1756998325.415,latency_s,0.021103
1756998325.415,latency_s,0.020971
1756998325.415,latency_s,0.020997
1756998325.415,latency_s,0.020877
1756998325.419,latency_s,0.019419
1756998325.419,latency_s,0.019487
1756998325.419,latency_s,0.019036
1756998325.434,latency_s,0.019564
1756998325.440,latency_s,0.019700
1756998325.440,latency_s,0.019529
1756998325.440,latency_s,0.019525
1756998325.440,latency_s,0.019578
1756998325.440,latency_s,0.019957
1756998325.440,latency_s,0.019856
1756998325.440,latency_s,0.019912
1756998325.455,latency_s,0.020437
1756998325.472,latency_s,0.019929
1756998325.484,latency_s,0.019467
1756998325.513,latency_s,0.020344
1756998325.514,latency_s,0.020571
1756998325.514,latency_s,0.020281
1756998325.515,latency_s,0.020900
1756998325.515,latency_s,0.020480
1756998325.515,latency_s,0.020535
1756998325.515,latency_s,0.020326
1756998325.515,latency_s,0.020069
1756998325.515,latency_s,0.020154
1756998325.520,latency_s,0.019765
1756998325.520,latency_s,0.019820
1756998325.520,latency_s,0.019864
1756998325.535,latency_s,0.019817
1756998325.542,latency_s,0.021091
1756998325.542,latency_s,0.020618
1756998325.542,latency_s,0.021098
1756998325.542,latency_s,0.020687
1756998325.542,latency_s,0.021065
1756998325.542,latency_s,0.021069
1756998325.542,latency_s,0.020668
1756998325.555,latency_s,0.019756
1756998325.572,latency_s,0.019216
1756998325.586,latency_s,0.019789
1756998325.615,latency_s,0.021800
1756998325.615,latency_s,0.021587
1756998325.615,latency_s,0.019982
1756998325.615,latency_s,0.019929
1756998325.615,latency_s,0.019686
1756998325.615,latency_s,0.019605
1756998325.615,latency_s,0.019697
1756998325.616,latency_s,0.019623
1756998325.617,latency_s,0.019266
1756998325.619,latency_s,0.019320
1756998325.620,latency_s,0.019129
1756998325.620,latency_s,0.019467
1756998325.637,latency_s,0.020582
1756998325.641,latency_s,0.019636
1756998325.641,latency_s,0.019334
1756998325.641,latency_s,0.019791
1756998325.641,latency_s,0.019118
1756998325.641,latency_s,0.019477
1756998325.641,latency_s,0.019077
1756998325.641,latency_s,0.019767
1756998325.657,latency_s,0.021047
1756998325.677,latency_s,0.020682
1756998325.686,latency_s,0.020108
1756998325.716,latency_s,0.022648
1756998325.717,latency_s,0.022892
1756998325.717,latency_s,0.021529
1756998325.717,latency_s,0.021347
1756998325.717,latency_s,0.021191
1756998325.717,latency_s,0.021074
1756998325.717,latency_s,0.020954
1756998325.717,latency_s,0.021250
1756998325.717,latency_s,0.019132
1756998325.721,latency_s,0.019745
1756998325.721,latency_s,0.019989
1756998325.721,latency_s,0.020245
1756998325.739,latency_s,0.021353
1756998325.744,latency_s,0.022540
1756998325.744,latency_s,0.022551
1756998325.744,latency_s,0.022700
1756998325.744,latency_s,0.022299
1756998325.745,latency_s,0.022364
1756998325.745,latency_s,0.022314
1756998325.745,latency_s,0.021978
1756998325.757,latency_s,0.020705
1756998325.777,latency_s,0.019237
1756998325.786,latency_s,0.019317
1756998325.814,latency_s,0.019800
1756998325.817,latency_s,0.020670
1756998325.817,latency_s,0.020779
1756998325.817,latency_s,0.020923
1756998325.817,latency_s,0.020563
1756998325.817,latency_s,0.020291
1756998325.817,latency_s,0.020432
1756998325.817,latency_s,0.020403
1756998325.818,latency_s,0.019110
1756998325.821,latency_s,0.018872
1756998325.821,latency_s,0.018989
1756998325.823,latency_s,0.019020
1756998325.838,latency_s,0.019412
1756998325.844,latency_s,0.021940
1756998325.844,latency_s,0.021767
1756998325.844,latency_s,0.021870
1756998325.844,latency_s,0.021715
1756998325.845,latency_s,0.021588
1756998325.845,latency_s,0.021510
1756998325.845,latency_s,0.020699
1756998325.858,latency_s,0.020655
1756998325.877,latency_s,0.019115
1756998325.887,latency_s,0.019119
1756998325.915,latency_s,0.020483
1756998325.917,latency_s,0.020084
1756998325.920,latency_s,0.023121
1756998325.920,latency_s,0.023430
1756998325.921,latency_s,0.023576
1756998325.921,latency_s,0.023059
1756998325.921,latency_s,0.023274
1756998325.921,latency_s,0.023587
1756998325.921,latency_s,0.021866
1756998325.922,latency_s,0.019908
1756998325.922,latency_s,0.019925
1756998325.923,latency_s,0.018994
1756998325.940,latency_s,0.020480
1756998325.943,latency_s,0.019877
1756998325.943,latency_s,0.019628
1756998325.943,latency_s,0.019471
1756998325.943,latency_s,0.019872
1756998325.943,latency_s,0.019586
1756998325.946,latency_s,0.020602
1756998325.946,latency_s,0.020519
1756998325.959,latency_s,0.019995
1756998325.980,latency_s,0.020035
1756998325.989,latency_s,0.019484
1756998326.015,latency_s,0.019844
1756998326.018,latency_s,0.020639
1756998326.018,latency_s,0.020200
1756998326.018,latency_s,0.020617
1756998326.018,latency_s,0.020818
1756998326.018,latency_s,0.020624
1756998326.018,latency_s,0.020735
1756998326.019,latency_s,0.020551
1756998326.019,latency_s,0.019137
1756998326.023,latency_s,0.020181
1756998326.023,latency_s,0.020448
1756998326.023,latency_s,0.018747
1756998326.040,latency_s,0.019798
1756998326.045,latency_s,0.022123
1756998326.045,latency_s,0.021887
1756998326.046,latency_s,0.022521
1756998326.046,latency_s,0.022711
1756998326.046,latency_s,0.022463
1756998326.046,latency_s,0.020915
1756998326.046,latency_s,0.020630
1756998326.059,latency_s,0.019892
1756998326.080,latency_s,0.019488
1756998326.091,latency_s,0.019794
1756998326.120,latency_s,0.024462
1756998326.120,latency_s,0.022603
1756998326.120,latency_s,0.021604
1756998326.120,latency_s,0.021704
1756998326.121,latency_s,0.021881
1756998326.121,latency_s,0.021960
1756998326.121,latency_s,0.021556
1756998326.121,latency_s,0.021924
1756998326.121,latency_s,0.021162
1756998326.122,latency_s,0.019670
1756998326.123,latency_s,0.019677
1756998326.123,latency_s,0.018691
1756998326.141,latency_s,0.020339
1756998326.147,latency_s,0.023183
1756998326.147,latency_s,0.022778
1756998326.147,latency_s,0.023126
1756998326.147,latency_s,0.022731
1756998326.147,latency_s,0.022431
1756998326.147,latency_s,0.021551
1756998326.147,latency_s,0.021342
1756998326.160,latency_s,0.019434
1756998326.184,latency_s,0.019522
1756998326.191,latency_s,0.018898
1756998326.217,latency_s,0.020682
1756998326.217,latency_s,0.019396
1756998326.221,latency_s,0.021356
1756998326.221,latency_s,0.021639
1756998326.221,latency_s,0.021416
1756998326.222,latency_s,0.021446
1756998326.222,latency_s,0.021995
1756998326.222,latency_s,0.021933
1756998326.222,latency_s,0.022153
1756998326.222,latency_s,0.018576
1756998326.222,latency_s,0.018559
1756998326.225,latency_s,0.019423
1756998326.240,latency_s,0.019605
1756998326.247,latency_s,0.022558
1756998326.247,latency_s,0.022324
1756998326.247,latency_s,0.022351
1756998326.247,latency_s,0.022236
1756998326.247,latency_s,0.021803
1756998326.247,latency_s,0.021257
1756998326.247,latency_s,0.021019
1756998326.261,latency_s,0.020175
1756998326.285,latency_s,0.019807
1756998326.294,latency_s,0.019063
1756998326.316,latency_s,0.019440
1756998326.318,latency_s,0.019350
1756998326.321,latency_s,0.020899
1756998326.321,latency_s,0.020882
1756998326.321,latency_s,0.021039
1756998326.321,latency_s,0.020770
1756998326.321,latency_s,0.021104
1756998326.321,latency_s,0.021111
1756998326.323,latency_s,0.019006
1756998326.323,latency_s,0.019207
1756998326.325,latency_s,0.019071
1756998326.343,latency_s,0.021845
1756998326.347,latency_s,0.022341
1756998326.347,latency_s,0.022028
1756998326.348,latency_s,0.022533
1756998326.348,latency_s,0.022496
1756998326.348,latency_s,0.022122
1756998326.348,latency_s,0.021770
1756998326.348,latency_s,0.021713
1756998326.361,latency_s,0.019780
1756998326.386,latency_s,0.019291
1756998326.397,latency_s,0.020955
1756998326.418,latency_s,0.020075
1756998326.418,latency_s,0.019175
1756998326.427,latency_s,0.024748
1756998326.427,latency_s,0.024858
1756998326.427,latency_s,0.024802
1756998326.427,latency_s,0.024954
1756998326.427,latency_s,0.024892
1756998326.427,latency_s,0.024999
1756998326.427,latency_s,0.022128
1756998326.427,latency_s,0.021926
1756998326.427,latency_s,0.020297
1756998326.442,latency_s,0.141489
1756998326.442,latency_s,0.041437
1756998326.442,latency_s,0.020778
1756998326.448,latency_s,0.021834
1756998326.448,latency_s,0.021845
1756998326.448,latency_s,0.021609
1756998326.448,latency_s,0.021855
1756998326.448,latency_s,0.021701
1756998326.448,latency_s,0.021919
1756998326.448,latency_s,0.021687
1756998326.463,latency_s,0.019229
1756998326.488,latency_s,0.020177
1756998326.498,latency_s,0.019696
1756998326.517,latency_s,0.019439
1756998326.518,latency_s,0.018989
1756998326.525,latency_s,0.022333
1756998326.525,latency_s,0.022345
1756998326.525,latency_s,0.022022
1756998326.525,latency_s,0.021806
1756998326.525,latency_s,0.022097
1756998326.525,latency_s,0.022006
1756998326.525,latency_s,0.022226
1756998326.526,latency_s,0.019335
1756998326.526,latency_s,0.019361
1756998326.526,latency_s,0.019037
1756998326.542,latency_s,0.019654
1756998326.549,latency_s,0.022687
1756998326.549,latency_s,0.022299
1756998326.549,latency_s,0.022596
1756998326.549,latency_s,0.022880
1756998326.549,latency_s,0.021920
1756998326.549,latency_s,0.021866
1756998326.550,latency_s,0.022123
1756998326.564,latency_s,0.019454
1756998326.587,latency_s,0.019162
1756998326.600,latency_s,0.020041
1756998326.620,latency_s,0.021169
1756998326.620,latency_s,0.020889
1756998326.625,latency_s,0.022101
1756998326.625,latency_s,0.022190
1756998326.625,latency_s,0.022143
1756998326.625,latency_s,0.021725
1756998326.625,latency_s,0.021839
1756998326.625,latency_s,0.022231
1756998326.625,latency_s,0.021944
1756998326.628,latency_s,0.019690
1756998326.628,latency_s,0.019727
1756998326.628,latency_s,0.019599
1756998326.642,latency_s,0.019608
1756998326.649,latency_s,0.022289
1756998326.649,latency_s,0.021792
1756998326.649,latency_s,0.022142
1756998326.649,latency_s,0.022324
1756998326.649,latency_s,0.021765
1756998326.649,latency_s,0.021583
1756998326.649,latency_s,0.021452
1756998326.666,latency_s,0.020586
1756998326.687,latency_s,0.019326
1756998326.701,latency_s,0.020578
1756998326.720,latency_s,0.021157
1756998326.721,latency_s,0.021123
1756998326.727,latency_s,0.022833
1756998326.728,latency_s,0.023657
1756998326.728,latency_s,0.023821
1756998326.728,latency_s,0.024115
1756998326.728,latency_s,0.024401
1756998326.728,latency_s,0.024364
1756998326.728,latency_s,0.024282
1756998326.728,latency_s,0.019598
1756998326.728,latency_s,0.019335
1756998326.729,latency_s,0.019759
1756998326.744,latency_s,0.020550
1756998326.749,latency_s,0.021721
1756998326.749,latency_s,0.021436
1756998326.749,latency_s,0.021634
1756998326.750,latency_s,0.021860
1756998326.750,latency_s,0.021041
1756998326.750,latency_s,0.022209
1756998326.750,latency_s,0.022091
1756998326.766,latency_s,0.020259
1756998326.790,latency_s,0.020648
1756998326.803,latency_s,0.020685
1756998326.823,latency_s,0.023860
1756998326.823,latency_s,0.023545
1756998326.827,latency_s,0.022047
1756998326.827,latency_s,0.022243
1756998326.827,latency_s,0.022179
1756998326.827,latency_s,0.022019
1756998326.827,latency_s,0.021893
1756998326.827,latency_s,0.022112
1756998326.828,latency_s,0.019068
1756998326.828,latency_s,0.019139
1756998326.829,latency_s,0.019135
1756998326.844,latency_s,0.019150
1756998326.850,latency_s,0.021454
1756998326.850,latency_s,0.021408
1756998326.850,latency_s,0.021386
1756998326.850,latency_s,0.021397
1756998326.850,latency_s,0.021133
1756998326.850,latency_s,0.020807
1756998326.850,latency_s,0.020550
1756998326.866,latency_s,0.019371
1756998326.889,latency_s,0.019433
1756998326.902,latency_s,0.019095
1756998326.921,latency_s,0.020956
1756998326.921,latency_s,0.020715
1756998326.925,latency_s,0.019742
1756998326.925,latency_s,0.019749
1756998326.926,latency_s,0.019781
1756998326.926,latency_s,0.019604
1756998326.926,latency_s,0.020084
1756998326.928,latency_s,0.022409
1756998326.930,latency_s,0.019552
1756998326.930,latency_s,0.019423
1756998326.930,latency_s,0.019648
1756998326.948,latency_s,0.143470
1756998326.948,latency_s,0.042821
1756998326.948,latency_s,0.023198
1756998326.948,latency_s,0.020231
1756998326.949,latency_s,0.019953
1756998326.949,latency_s,0.020075
1756998326.949,latency_s,0.019817
1756998326.949,latency_s,0.019219
1756998326.952,latency_s,0.022065
1756998326.952,latency_s,0.022085
1756998326.967,latency_s,0.019735
1756998327.006,latency_s,0.020797
1756998327.021,latency_s,0.020918
1756998327.021,latency_s,0.020778
1756998327.028,latency_s,0.022291
1756998327.028,latency_s,0.022009
1756998327.028,latency_s,0.021799
1756998327.028,latency_s,0.021777
1756998327.028,latency_s,0.022077
1756998327.028,latency_s,0.021762
1756998327.029,latency_s,0.022738
1756998327.031,latency_s,0.019353
1756998327.031,latency_s,0.019264
1756998327.031,latency_s,0.019645
1756998327.045,latency_s,0.019548
1756998327.051,latency_s,0.022274
1756998327.052,latency_s,0.022044
1756998327.052,latency_s,0.022424
1756998327.052,latency_s,0.022113
1756998327.052,latency_s,0.021732
1756998327.052,latency_s,0.021063
1756998327.052,latency_s,0.021870
1756998327.068,latency_s,0.019765
1756998327.106,latency_s,0.019677
1756998327.113,latency_s,0.143394
1756998327.114,latency_s,0.043154
1756998327.121,latency_s,0.020523
1756998327.121,latency_s,0.020838
1756998327.128,latency_s,0.021660
1756998327.128,latency_s,0.021263
1756998327.128,latency_s,0.020899
1756998327.128,latency_s,0.021069
1756998327.128,latency_s,0.021340
1756998327.128,latency_s,0.021233
1756998327.128,latency_s,0.020963
1756998327.133,latency_s,0.020727
1756998327.133,latency_s,0.020854
1756998327.133,latency_s,0.021197
1756998327.147,latency_s,0.020399
1756998327.151,latency_s,0.021522
1756998327.152,latency_s,0.021663
1756998327.152,latency_s,0.021859
1756998327.152,latency_s,0.021364
1756998327.152,latency_s,0.021106
1756998327.152,latency_s,0.021173
1756998327.152,latency_s,0.021001
1756998327.168,latency_s,0.019828
1756998327.191,latency_s,0.019914
1756998327.207,latency_s,0.019771
1756998327.221,latency_s,0.019285
1756998327.223,latency_s,0.019542
1756998327.225,latency_s,0.019021
1756998327.227,latency_s,0.020042
1756998327.227,latency_s,0.019720
1756998327.227,latency_s,0.020554
1756998327.227,latency_s,0.020367
1756998327.227,latency_s,0.019846
1756998327.228,latency_s,0.019783
1756998327.233,latency_s,0.019240
1756998327.233,latency_s,0.019356
1756998327.233,latency_s,0.018632
1756998327.251,latency_s,0.023540
1756998327.251,latency_s,0.020722
1756998327.251,latency_s,0.020601
1756998327.251,latency_s,0.020684
1756998327.251,latency_s,0.020185
1756998327.251,latency_s,0.020224
1756998327.251,latency_s,0.019484
1756998327.251,latency_s,0.019681
1756998327.269,latency_s,0.020361
1756998327.291,latency_s,0.019268
1756998327.308,latency_s,0.019911
1756998327.321,latency_s,0.019553
1756998327.324,latency_s,0.019501
1756998327.330,latency_s,0.022592
1756998327.330,latency_s,0.022670
1756998327.330,latency_s,0.022539
1756998327.330,latency_s,0.022134
1756998327.330,latency_s,0.022882
1756998327.330,latency_s,0.022403
1756998327.330,latency_s,0.022059
1756998327.333,latency_s,0.018939
1756998327.334,latency_s,0.019614
1756998327.335,latency_s,0.019141
1756998327.347,latency_s,0.019258
1756998327.354,latency_s,0.023940
1756998327.355,latency_s,0.024237
1756998327.355,latency_s,0.024042
1756998327.355,latency_s,0.023806
1756998327.355,latency_s,0.023430
1756998327.355,latency_s,0.023004
1756998327.355,latency_s,0.022326
1756998327.369,latency_s,0.019804
1756998327.392,latency_s,0.019463
1756998327.409,latency_s,0.020719
1756998327.421,latency_s,0.019367
1756998327.424,latency_s,0.019714
1756998327.429,latency_s,0.020739
1756998327.429,latency_s,0.021094
1756998327.429,latency_s,0.020778
1756998327.429,latency_s,0.020725
1756998327.429,latency_s,0.020806
1756998327.429,latency_s,0.020598
1756998327.429,latency_s,0.020178
1756998327.434,latency_s,0.019783
1756998327.435,latency_s,0.020751
1756998327.436,latency_s,0.020092
1756998327.450,latency_s,0.020756
1756998327.451,latency_s,0.020044
1756998327.451,latency_s,0.020034
1756998327.451,latency_s,0.020296
1756998327.451,latency_s,0.020387
1756998327.451,latency_s,0.019905
1756998327.452,latency_s,0.019158
1756998327.454,latency_s,0.020794
1756998327.470,latency_s,0.019992
1756998327.493,latency_s,0.020377
1756998327.509,latency_s,0.020583
1756998327.522,latency_s,0.019704
1756998327.526,latency_s,0.019459
1756998327.532,latency_s,0.023598
1756998327.532,latency_s,0.023636
1756998327.532,latency_s,0.024029
1756998327.532,latency_s,0.023365
1756998327.532,latency_s,0.023053
1756998327.532,latency_s,0.022976
1756998327.533,latency_s,0.022962
1756998327.535,latency_s,0.019518
1756998327.535,latency_s,0.019171
1756998327.535,latency_s,0.019796
1756998327.552,latency_s,0.021388
1756998327.552,latency_s,0.020057
1756998327.552,latency_s,0.019745
1756998327.552,latency_s,0.019920
1756998327.553,latency_s,0.020195
1756998327.553,latency_s,0.020063
1756998327.553,latency_s,0.020198
1756998327.553,latency_s,0.018976
1756998327.572,latency_s,0.021332
1756998327.594,latency_s,0.020329
1756998327.609,latency_s,0.020068
1756998327.622,latency_s,0.019725
1756998327.629,latency_s,0.020602
1756998327.629,latency_s,0.020230
1756998327.629,latency_s,0.020079
1756998327.629,latency_s,0.019909
1756998327.629,latency_s,0.020598
1756998327.630,latency_s,0.020580
1756998327.630,latency_s,0.020648
1756998327.631,latency_s,0.020842
1756998327.638,latency_s,0.021459
1756998327.638,latency_s,0.021549
1756998327.638,latency_s,0.021683
1756998327.652,latency_s,0.020133
1756998327.655,latency_s,0.021608
1756998327.655,latency_s,0.021375
1756998327.655,latency_s,0.021462
1756998327.656,latency_s,0.021443
1756998327.656,latency_s,0.021044
1756998327.656,latency_s,0.021827
1756998327.658,latency_s,0.022907
1756998327.671,latency_s,0.020095
1756998327.694,latency_s,0.019809
1756998327.709,latency_s,0.019118
1756998327.724,latency_s,0.021085
1756998327.732,latency_s,0.023815
1756998327.732,latency_s,0.023899
1756998327.733,latency_s,0.023982
1756998327.733,latency_s,0.023027
1756998327.733,latency_s,0.022979
1756998327.733,latency_s,0.022496
1756998327.733,latency_s,0.022539
1756998327.733,latency_s,0.022905
1756998327.745,latency_s,0.025561
1756998327.745,latency_s,0.025428
1756998327.745,latency_s,0.023612
1756998327.752,latency_s,0.019967
1756998327.754,latency_s,0.019660
1756998327.754,latency_s,0.019648
1756998327.754,latency_s,0.019467
1756998327.754,latency_s,0.019082
1756998327.754,latency_s,0.019526
1756998327.757,latency_s,0.021304
1756998327.757,latency_s,0.022359
1756998327.775,latency_s,0.023354
1756998327.795,latency_s,0.019959
1756998327.810,latency_s,0.019394
1756998327.825,latency_s,0.021286
1756998327.832,latency_s,0.023034
1756998327.832,latency_s,0.023098
1756998327.832,latency_s,0.023132
1756998327.832,latency_s,0.021327
1756998327.832,latency_s,0.021281
1756998327.832,latency_s,0.020954
1756998327.832,latency_s,0.021271
1756998327.832,latency_s,0.021183
1756998327.844,latency_s,0.019993
1756998327.844,latency_s,0.020130
1756998327.844,latency_s,0.019311
1756998327.856,latency_s,0.022207
1756998327.856,latency_s,0.021924
1756998327.856,latency_s,0.021578
1756998327.870,latency_s,0.035177
1756998327.870,latency_s,0.034854
1756998327.870,latency_s,0.034596
1756998327.870,latency_s,0.034098
1756998327.870,latency_s,0.033155
1756998327.872,latency_s,0.020129
1756998327.895,latency_s,0.019914
1756998327.912,latency_s,0.020756
1756998327.923,latency_s,0.019028
1756998327.929,latency_s,0.019544
1756998327.929,latency_s,0.019630
1756998327.929,latency_s,0.019676
1756998327.934,latency_s,0.022665
1756998327.934,latency_s,0.022740
1756998327.934,latency_s,0.022962
1756998327.934,latency_s,0.022662
1756998327.935,latency_s,0.022909
1756998327.945,latency_s,0.020860
1756998327.945,latency_s,0.020273
1756998327.945,latency_s,0.020184
1756998327.957,latency_s,0.022154
1756998327.957,latency_s,0.022439
1756998327.958,latency_s,0.022327
1756998327.958,latency_s,0.022222
1756998327.958,latency_s,0.021678
1756998327.958,latency_s,0.022362
1756998327.958,latency_s,0.022926
1756998327.960,latency_s,0.021932
1756998327.973,latency_s,0.020027
1756998327.995,latency_s,0.019425
1756998328.012,latency_s,0.020083
1756998328.025,latency_s,0.020438
1756998328.032,latency_s,0.021506
1756998328.032,latency_s,0.021626
1756998328.032,latency_s,0.021612
1756998328.032,latency_s,0.019705
1756998328.032,latency_s,0.019583
1756998328.033,latency_s,0.021017
1756998328.033,latency_s,0.020942
1756998328.033,latency_s,0.020820
1756998328.048,latency_s,0.022389
1756998328.048,latency_s,0.021956
1756998328.048,latency_s,0.021606
1756998328.057,latency_s,0.020761
1756998328.057,latency_s,0.020620
1756998328.057,latency_s,0.020340
1756998328.057,latency_s,0.020782
1756998328.057,latency_s,0.021142
1756998328.057,latency_s,0.020497
1756998328.057,latency_s,0.019852
1756998328.057,latency_s,0.019103
1756998328.074,latency_s,0.020841
1756998328.097,latency_s,0.020307
1756998328.113,latency_s,0.020334
1756998328.125,latency_s,0.019294
1756998328.131,latency_s,0.020418
1756998328.131,latency_s,0.020488
1756998328.131,latency_s,0.020274
1756998328.132,latency_s,0.019306
1756998328.134,latency_s,0.020938
1756998328.134,latency_s,0.021031
1756998328.134,latency_s,0.021224
1756998328.134,latency_s,0.021307
1756998328.147,latency_s,0.020008
1756998328.149,latency_s,0.021549
1756998328.149,latency_s,0.021099
1756998328.160,latency_s,0.023408
1756998328.160,latency_s,0.023251
1756998328.160,latency_s,0.023401
1756998328.160,latency_s,0.023062
1756998328.160,latency_s,0.023052
1756998328.160,latency_s,0.023190
1756998328.160,latency_s,0.021710
1756998328.161,latency_s,0.022918
1756998328.175,latency_s,0.020913
1756998328.197,latency_s,0.019829
1756998328.212,latency_s,0.019631
1756998328.227,latency_s,0.020952
1756998328.232,latency_s,0.020494
1756998328.232,latency_s,0.020548
1756998328.232,latency_s,0.020109
1756998328.236,latency_s,0.022666
1756998328.236,latency_s,0.022429
1756998328.236,latency_s,0.022682
1756998328.236,latency_s,0.022484
1756998328.236,latency_s,0.022795
1756998328.250,latency_s,0.022082
1756998328.250,latency_s,0.020774
1756998328.250,latency_s,0.021769
1756998328.259,latency_s,0.021435
1756998328.259,latency_s,0.021677
1756998328.259,latency_s,0.021341
1756998328.259,latency_s,0.021320
1756998328.259,latency_s,0.021553
1756998328.259,latency_s,0.021518
1756998328.259,latency_s,0.019963
1756998328.259,latency_s,0.020136
1756998328.274,latency_s,0.020025
1756998328.297,latency_s,0.019716
1756998328.317,latency_s,0.022585
1756998328.331,latency_s,0.020326
1756998328.332,latency_s,0.019801
1756998328.336,latency_s,0.023826
1756998328.336,latency_s,0.022163
1756998328.336,latency_s,0.021916
1756998328.336,latency_s,0.021961
1756998328.336,latency_s,0.022377
1756998328.336,latency_s,0.021758
1756998328.347,latency_s,0.018974
1756998328.349,latency_s,0.019276
1756998328.349,latency_s,0.019092
1756998328.357,latency_s,0.019991
1756998328.357,latency_s,0.019655
1756998328.358,latency_s,0.019885
1756998328.358,latency_s,0.019653
1756998328.359,latency_s,0.021541
1756998328.359,latency_s,0.021530
1756998328.360,latency_s,0.019245
1756998328.361,latency_s,0.020751
1756998328.374,latency_s,0.019614
1756998328.401,latency_s,0.022707
1756998328.415,latency_s,0.020183
1756998328.431,latency_s,0.019811
1756998328.431,latency_s,0.019275
1756998328.436,latency_s,0.021400
1756998328.436,latency_s,0.021320
1756998328.436,latency_s,0.021636
1756998328.436,latency_s,0.021690
1756998328.436,latency_s,0.021562
1756998328.436,latency_s,0.021703
1756998328.447,latency_s,0.140639
1756998328.447,latency_s,0.040029
1756998328.450,latency_s,0.021119
1756998328.450,latency_s,0.020295
1756998328.450,latency_s,0.020189
1756998328.460,latency_s,0.022496
1756998328.460,latency_s,0.022023
1756998328.460,latency_s,0.022306
1756998328.461,latency_s,0.022271
1756998328.461,latency_s,0.022674
1756998328.461,latency_s,0.022462
1756998328.461,latency_s,0.019085
1756998328.462,latency_s,0.020340
1756998328.474,latency_s,0.019832
1756998328.498,latency_s,0.019392
1756998328.517,latency_s,0.019458
1756998328.527,latency_s,0.019080
1756998328.532,latency_s,0.019942
1756998328.532,latency_s,0.019014
1756998328.536,latency_s,0.020904
1756998328.536,latency_s,0.020974
1756998328.536,latency_s,0.020818
1756998328.536,latency_s,0.020881
1756998328.536,latency_s,0.021149
1756998328.536,latency_s,0.020994
1756998328.552,latency_s,0.022061
1756998328.552,latency_s,0.021594
1756998328.552,latency_s,0.021316
1756998328.560,latency_s,0.020682
1756998328.560,latency_s,0.020957
1756998328.560,latency_s,0.020848
1756998328.560,latency_s,0.021014
1756998328.560,latency_s,0.021031
1756998328.560,latency_s,0.020954
1756998328.563,latency_s,0.020384
1756998328.563,latency_s,0.020587
1756998328.576,latency_s,0.021283
1756998328.600,latency_s,0.020701
1756998328.618,latency_s,0.019860
1756998328.631,latency_s,0.022920
1756998328.631,latency_s,0.019264
1756998328.633,latency_s,0.020113
1756998328.636,latency_s,0.021034
1756998328.636,latency_s,0.021117
1756998328.636,latency_s,0.020961
1756998328.636,latency_s,0.020958
1756998328.636,latency_s,0.020932
1756998328.636,latency_s,0.019944
1756998328.653,latency_s,0.022756
1756998328.653,latency_s,0.021983
1756998328.653,latency_s,0.022489
1756998328.660,latency_s,0.020674
1756998328.660,latency_s,0.020570
1756998328.664,latency_s,0.020918
1756998328.664,latency_s,0.021003
1756998328.664,latency_s,0.020887
1756998328.664,latency_s,0.021218
1756998328.664,latency_s,0.020772
1756998328.664,latency_s,0.020741
1756998328.676,latency_s,0.021547
1756998328.699,latency_s,0.019516
1756998328.718,latency_s,0.019640
1756998328.729,latency_s,0.020046
1756998328.732,latency_s,0.019425
1756998328.737,latency_s,0.022880
1756998328.737,latency_s,0.022116
1756998328.737,latency_s,0.021958
1756998328.737,latency_s,0.021976
1756998328.737,latency_s,0.021366
1756998328.737,latency_s,0.020703
1756998328.738,latency_s,0.022431
1756998328.750,latency_s,0.020266
1756998328.750,latency_s,0.019531
1756998328.750,latency_s,0.019947
1756998328.761,latency_s,0.021692
1756998328.762,latency_s,0.021807
1756998328.766,latency_s,0.021794
1756998328.766,latency_s,0.021857
1756998328.766,latency_s,0.021671
1756998328.766,latency_s,0.021843
1756998328.766,latency_s,0.022004
1756998328.766,latency_s,0.022334
1756998328.775,latency_s,0.020032
1756998328.800,latency_s,0.020022
1756998328.820,latency_s,0.020593
1756998328.830,latency_s,0.019436
1756998328.836,latency_s,0.022335
1756998328.836,latency_s,0.021407
1756998328.836,latency_s,0.020945
1756998328.836,latency_s,0.020823
1756998328.836,latency_s,0.020148
1756998328.836,latency_s,0.020842
1756998328.836,latency_s,0.020193
1756998328.837,latency_s,0.019507
1756998328.853,latency_s,0.022268
1756998328.853,latency_s,0.022383
1756998328.854,latency_s,0.022954
1756998328.862,latency_s,0.020553
1756998328.862,latency_s,0.020633
1756998328.865,latency_s,0.020429
1756998328.865,latency_s,0.020279
1756998328.865,latency_s,0.020320
1756998328.865,latency_s,0.020147
1756998328.865,latency_s,0.020124
1756998328.865,latency_s,0.020299
1756998328.876,latency_s,0.019686
1756998328.902,latency_s,0.020813
1756998328.921,latency_s,0.020216
1756998328.931,latency_s,0.020152
1756998328.938,latency_s,0.023541
1756998328.938,latency_s,0.023081
1756998328.938,latency_s,0.021716
1756998328.938,latency_s,0.021503
1756998328.938,latency_s,0.021302
1756998328.938,latency_s,0.021788
1756998328.938,latency_s,0.021125
1756998328.938,latency_s,0.020424
1756998328.952,latency_s,0.020770
1756998328.952,latency_s,0.020061
1756998328.952,latency_s,0.020513
1756998328.963,latency_s,0.020918
1756998328.963,latency_s,0.021032
1756998328.966,latency_s,0.021061
1756998328.966,latency_s,0.021248
1756998328.967,latency_s,0.020917
1756998328.967,latency_s,0.021144
1756998328.967,latency_s,0.021273
1756998328.968,latency_s,0.022892
1756998328.978,latency_s,0.020662
1756998329.003,latency_s,0.021468
1756998329.020,latency_s,0.019366
1756998329.033,latency_s,0.021324
1756998329.034,latency_s,0.019376
1756998329.036,latency_s,0.020602
1756998329.039,latency_s,0.022185
1756998329.039,latency_s,0.021088
1756998329.039,latency_s,0.020564
1756998329.039,latency_s,0.022219
1756998329.039,latency_s,0.020882
1756998329.039,latency_s,0.020107
1756998329.053,latency_s,0.022367
1756998329.053,latency_s,0.021859
1756998329.054,latency_s,0.021882
1756998329.064,latency_s,0.021037
1756998329.064,latency_s,0.021336
1756998329.068,latency_s,0.021782
1756998329.068,latency_s,0.021541
1756998329.068,latency_s,0.021748
1756998329.068,latency_s,0.021674
1756998329.068,latency_s,0.021784
1756998329.068,latency_s,0.021424
1756998329.079,latency_s,0.020844
1756998329.103,latency_s,0.021394
1756998329.122,latency_s,0.020106
1756998329.132,latency_s,0.019472
1756998329.135,latency_s,0.019823
1756998329.153,latency_s,0.037858
1756998329.154,latency_s,0.035031
1756998329.154,latency_s,0.035710
1756998329.154,latency_s,0.035499
1756998329.154,latency_s,0.035011
1756998329.154,latency_s,0.034411
1756998329.154,latency_s,0.035101
1756998329.154,latency_s,0.022124
1756998329.154,latency_s,0.022116
1756998329.154,latency_s,0.021343
1756998329.163,latency_s,0.019977
1756998329.164,latency_s,0.020495
1756998329.168,latency_s,0.021021
1756998329.168,latency_s,0.020721
1756998329.168,latency_s,0.020765
1756998329.168,latency_s,0.021183
1756998329.168,latency_s,0.020944
1756998329.169,latency_s,0.021254
1756998329.178,latency_s,0.019135
1756998329.204,latency_s,0.021557
1756998329.222,latency_s,0.019962
1756998329.232,latency_s,0.019523
1756998329.237,latency_s,0.021435
1756998329.237,latency_s,0.019858
1756998329.237,latency_s,0.019141
1756998329.241,latency_s,0.022236
1756998329.241,latency_s,0.022485
1756998329.241,latency_s,0.021990
1756998329.241,latency_s,0.021919
1756998329.241,latency_s,0.020719
1756998329.253,latency_s,0.019978
1756998329.255,latency_s,0.020277
1756998329.256,latency_s,0.020087
1756998329.263,latency_s,0.019577
1756998329.264,latency_s,0.019527
1756998329.266,latency_s,0.018397
1756998329.269,latency_s,0.021536
1756998329.269,latency_s,0.021079
1756998329.269,latency_s,0.021456
1756998329.269,latency_s,0.021203
1756998329.271,latency_s,0.022997
1756998329.279,latency_s,0.019877
1756998329.302,latency_s,0.019378
1756998329.323,latency_s,0.019722
1756998329.332,latency_s,0.019145
1756998329.336,latency_s,0.019628
1756998329.341,latency_s,0.022486
1756998329.341,latency_s,0.022625
1756998329.341,latency_s,0.021883
1756998329.341,latency_s,0.021633
1756998329.341,latency_s,0.021457
1756998329.341,latency_s,0.021767
1756998329.342,latency_s,0.020364
1756998329.353,latency_s,0.020098
1756998329.357,latency_s,0.019844
1756998329.357,latency_s,0.020253
1756998329.365,latency_s,0.020037
1756998329.365,latency_s,0.019752
1756998329.368,latency_s,0.020355
1756998329.368,latency_s,0.020327
1756998329.368,latency_s,0.019970
1756998329.368,latency_s,0.020044
1756998329.370,latency_s,0.022080
1756998329.370,latency_s,0.022499
1756998329.380,latency_s,0.020894
1756998329.404,latency_s,0.020714
1756998329.423,latency_s,0.019055
1756998329.435,latency_s,0.020872
1756998329.439,latency_s,0.022766
1756998329.440,latency_s,0.020215
1756998329.440,latency_s,0.020261
1756998329.440,latency_s,0.020684
1756998329.442,latency_s,0.022422
1756998329.442,latency_s,0.021730
1756998329.442,latency_s,0.020704
1756998329.442,latency_s,0.022010
1756998329.454,latency_s,0.020114
1756998329.457,latency_s,0.020264
1756998329.457,latency_s,0.020163
1756998329.466,latency_s,0.019908
1756998329.472,latency_s,0.023857
1756998329.472,latency_s,0.023816
1756998329.472,latency_s,0.023660
1756998329.472,latency_s,0.023961
1756998329.472,latency_s,0.023580
1756998329.472,latency_s,0.023043
1756998329.472,latency_s,0.023401
1756998329.542,latency_s,0.081375
1756998329.542,latency_s,0.057814
1756998329.543,latency_s,0.036418
1756998329.543,latency_s,0.028149
1756998329.543,latency_s,0.025188
1756998329.543,latency_s,0.023090
1756998329.543,latency_s,0.023068
1756998329.543,latency_s,0.022763
1756998329.543,latency_s,0.022935
1756998329.543,latency_s,0.022137
1756998329.543,latency_s,0.022137
1756998329.543,latency_s,0.020931
1756998329.555,latency_s,0.021101
1756998329.556,latency_s,0.019050
1756998329.557,latency_s,0.019320
1756998329.566,latency_s,0.019149
1756998329.570,latency_s,0.021081
1756998329.570,latency_s,0.021122
1756998329.570,latency_s,0.021202
1756998329.570,latency_s,0.020819
1756998329.570,latency_s,0.020828
1756998329.571,latency_s,0.022278
1756998329.571,latency_s,0.022167
1756998329.581,latency_s,0.020233
1756998329.605,latency_s,0.020333
1756998329.627,latency_s,0.020063
1756998329.635,latency_s,0.020177
1756998329.640,latency_s,0.021701
1756998329.640,latency_s,0.019798
1756998329.640,latency_s,0.019769
1756998329.640,latency_s,0.019854
1756998329.640,latency_s,0.019258
1756998329.640,latency_s,0.019182
1756998329.640,latency_s,0.019922
1756998329.643,latency_s,0.020402
1756998329.653,latency_s,0.019225
1756998329.657,latency_s,0.019529
1756998329.657,latency_s,0.019517
1756998329.667,latency_s,0.019233
1756998329.668,latency_s,0.019321
1756998329.669,latency_s,0.019850
1756998329.669,latency_s,0.019202
1756998329.669,latency_s,0.019403
1756998329.672,latency_s,0.022603
1756998329.672,latency_s,0.021950
1756998329.683,latency_s,0.020929
1756998329.707,latency_s,0.021521
1756998329.728,latency_s,0.019561
1756998329.734,latency_s,0.018978
1756998329.738,latency_s,0.019729
1756998329.744,latency_s,0.022573
1756998329.744,latency_s,0.022641
1756998329.744,latency_s,0.022619
1756998329.744,latency_s,0.022769
1756998329.744,latency_s,0.022402
1756998329.744,latency_s,0.022481
1756998329.744,latency_s,0.021065
1756998329.754,latency_s,0.020059
1756998329.758,latency_s,0.019538
1756998329.758,latency_s,0.019228
1756998329.767,latency_s,0.019178
1756998329.771,latency_s,0.021722
1756998329.771,latency_s,0.021160
1756998329.772,latency_s,0.021760
1756998329.772,latency_s,0.021720
1756998329.772,latency_s,0.022059
1756998329.772,latency_s,0.021383
1756998329.782,latency_s,0.019528
1756998329.791,latency_s,0.141437
1756998329.792,latency_s,0.041391
1756998329.807,latency_s,0.020942
1756998329.829,latency_s,0.019731
1756998329.836,latency_s,0.020120
1756998329.844,latency_s,0.022650
1756998329.844,latency_s,0.022763
1756998329.844,latency_s,0.022780
1756998329.844,latency_s,0.022511
1756998329.844,latency_s,0.022440
1756998329.844,latency_s,0.022540
1756998329.844,latency_s,0.020376
1756998329.854,latency_s,0.019531
1756998329.858,latency_s,0.019122
1756998329.859,latency_s,0.020407
1756998329.867,latency_s,0.019080
1756998329.869,latency_s,0.019280
1756998329.871,latency_s,0.021136
1756998329.871,latency_s,0.020665
1756998329.871,latency_s,0.020717
1756998329.872,latency_s,0.020865
1756998329.872,latency_s,0.020542
1756998329.872,latency_s,0.020735
1756998329.882,latency_s,0.019797
1756998329.907,latency_s,0.019875
1756998329.930,latency_s,0.019806
1756998329.936,latency_s,0.019102
1756998329.944,latency_s,0.021935
1756998329.944,latency_s,0.021935
1756998329.944,latency_s,0.021809
1756998329.944,latency_s,0.021271
1756998329.944,latency_s,0.020853
1756998329.955,latency_s,0.020061
1756998329.961,latency_s,0.021840
1756998329.961,latency_s,0.021052
1756998329.961,latency_s,0.141838
1756998329.961,latency_s,0.041401
1756998329.968,latency_s,0.019055
1756998329.970,latency_s,0.019679
1756998329.972,latency_s,0.020915
1756998329.972,latency_s,0.021013
1756998329.972,latency_s,0.021229
1756998329.972,latency_s,0.021145
1756998329.976,latency_s,0.024839
1756998329.976,latency_s,0.024593
1756998329.983,latency_s,0.020212
1756998330.017,latency_s,0.030165
1756998330.031,latency_s,0.019138
1756998330.039,latency_s,0.021514
1756998330.040,latency_s,0.019034
1756998330.043,latency_s,0.020528
1756998330.043,latency_s,0.020663
1756998330.043,latency_s,0.020696
1756998330.045,latency_s,0.021668
1756998330.045,latency_s,0.021489
1756998330.057,latency_s,0.021540
1756998330.059,latency_s,0.019475
1756998330.062,latency_s,0.020224
1756998330.065,latency_s,0.142013
1756998330.065,latency_s,0.041821
1756998330.065,latency_s,0.140351
1756998330.065,latency_s,0.039729
1756998330.072,latency_s,0.021754
1756998330.072,latency_s,0.021275
1756998330.072,latency_s,0.020739
1756998330.072,latency_s,0.020948
1756998330.072,latency_s,0.020887
1756998330.072,latency_s,0.020807
1756998330.072,latency_s,0.019995
1756998330.072,latency_s,0.020043
1756998330.083,latency_s,0.019957
1756998330.108,latency_s,0.020664
1756998330.133,latency_s,0.020278
1756998330.140,latency_s,0.022399
1756998330.140,latency_s,0.019003
1756998330.142,latency_s,0.019310
1756998330.142,latency_s,0.019218
1756998330.142,latency_s,0.019601
1756998330.146,latency_s,0.021841
1756998330.146,latency_s,0.021913
1756998330.146,latency_s,0.022033
1756998330.147,latency_s,0.020402
1756998330.157,latency_s,0.020150
1756998330.159,latency_s,0.019259
1756998330.163,latency_s,0.020347
1756998330.173,latency_s,0.021152
1756998330.173,latency_s,0.021471
1756998330.173,latency_s,0.021117
1756998330.173,latency_s,0.021277
1756998330.173,latency_s,0.021367
1756998330.173,latency_s,0.019844
1756998330.173,latency_s,0.020071
1756998330.184,latency_s,0.020539
1756998330.208,latency_s,0.019866
1756998330.235,latency_s,0.020464
1756998330.237,latency_s,0.019414
1756998330.241,latency_s,0.019795
1756998330.242,latency_s,0.019028
1756998330.245,latency_s,0.021512
1756998330.245,latency_s,0.020794
1756998330.245,latency_s,0.020829
1756998330.245,latency_s,0.020823
1756998330.245,latency_s,0.020477
1756998330.245,latency_s,0.019025
1756998330.258,latency_s,0.020847
1756998330.259,latency_s,0.019561
1756998330.265,latency_s,0.021856
1756998330.274,latency_s,0.021677
1756998330.274,latency_s,0.021573
1756998330.274,latency_s,0.021829
1756998330.274,latency_s,0.021748
1756998330.274,latency_s,0.020209
1756998330.274,latency_s,0.019740
1756998330.276,latency_s,0.021439
1756998330.284,latency_s,0.020230
1756998330.289,latency_s,0.137863
1756998330.289,latency_s,0.037117
1756998330.349,latency_s,0.060263
1756998330.349,latency_s,0.033619
1756998330.349,latency_s,0.031673
1756998330.349,latency_s,0.027196
1756998330.349,latency_s,0.026245
1756998330.350,latency_s,0.025798
1756998330.350,latency_s,0.024970
1756998330.350,latency_s,0.024954
1756998330.350,latency_s,0.024741
1756998330.350,latency_s,0.024155
1756998330.350,latency_s,0.022530
1756998330.357,latency_s,0.019331
1756998330.360,latency_s,0.019516
1756998330.363,latency_s,0.019516
1756998330.372,latency_s,0.019594
1756998330.373,latency_s,0.020854
1756998330.373,latency_s,0.020590
1756998330.373,latency_s,0.020771
1756998330.373,latency_s,0.020831
1756998330.375,latency_s,0.020241
1756998330.379,latency_s,0.022869
1756998330.379,latency_s,0.023906
1756998330.384,latency_s,0.019566
1756998330.410,latency_s,0.020885
1756998330.436,latency_s,0.019887
1756998330.437,latency_s,0.019270
1756998330.443,latency_s,0.019876
1756998330.443,latency_s,0.019840
1756998330.445,latency_s,0.019986
1756998330.445,latency_s,0.019910
1756998330.445,latency_s,0.019850
1756998330.445,latency_s,0.019665
1756998330.451,latency_s,0.024774
1756998330.451,latency_s,0.023014
1756998330.458,latency_s,0.020128
1756998330.460,latency_s,0.019897
1756998330.465,latency_s,0.020082
1756998330.474,latency_s,0.021761
1756998330.474,latency_s,0.021256
1756998330.474,latency_s,0.021650
1756998330.474,latency_s,0.021006
1756998330.474,latency_s,0.021142
1756998330.475,latency_s,0.019455
1756998330.475,latency_s,0.019320
1756998330.486,latency_s,0.030073
1756998330.486,latency_s,0.021855
1756998330.509,latency_s,0.019654
1756998330.537,latency_s,0.020362
1756998330.538,latency_s,0.019308
1756998330.546,latency_s,0.022541
1756998330.546,latency_s,0.021564
1756998330.546,latency_s,0.021410
1756998330.546,latency_s,0.021358
1756998330.567,latency_s,0.041411
1756998330.567,latency_s,0.040422
1756998330.567,latency_s,0.038877
1756998330.567,latency_s,0.028645
1756998330.567,latency_s,0.025716
1756998330.567,latency_s,0.022263
1756998330.577,latency_s,0.024399
1756998330.577,latency_s,0.024424
1756998330.577,latency_s,0.024261
1756998330.578,latency_s,0.024175
1756998330.578,latency_s,0.024416
1756998330.578,latency_s,0.020888
1756998330.580,latency_s,0.023423
1756998330.581,latency_s,0.023025
1756998330.584,latency_s,0.019205
1756998330.610,latency_s,0.019900
1756998330.638,latency_s,0.020500
1756998330.638,latency_s,0.018827
1756998330.645,latency_s,0.020056
1756998330.647,latency_s,0.021605
1756998330.647,latency_s,0.021468
1756998330.648,latency_s,0.022124
1756998330.652,latency_s,0.026190
1756998330.652,latency_s,0.025444
1756998330.652,latency_s,0.023018
1756998330.659,latency_s,0.020556
1756998330.662,latency_s,0.019735
1756998330.666,latency_s,0.020138
1756998330.674,latency_s,0.020621
1756998330.675,latency_s,0.020773
1756998330.675,latency_s,0.020822
1756998330.675,latency_s,0.019996
1756998330.678,latency_s,0.022736
1756998330.678,latency_s,0.020592
1756998330.678,latency_s,0.020472
1756998330.688,latency_s,0.030387
1756998330.688,latency_s,0.164545
1756998330.688,latency_s,0.063821
1756998330.688,latency_s,0.022382
1756998330.712,latency_s,0.020877
1756998330.738,latency_s,0.020463
1756998330.738,latency_s,0.018655
1756998330.746,latency_s,0.020303
1756998330.746,latency_s,0.020162
1756998330.746,latency_s,0.020090
1756998330.747,latency_s,0.019877
1756998330.748,latency_s,0.020016
1756998330.753,latency_s,0.025805
1756998330.753,latency_s,0.026141
1756998330.754,latency_s,0.022387
1756998330.762,latency_s,0.022109
1756998330.762,latency_s,0.019343
1756998330.766,latency_s,0.019924
1756998330.774,latency_s,0.019813
1756998330.774,latency_s,0.018803
1756998330.777,latency_s,0.022473
1756998330.777,latency_s,0.021695
1756998330.777,latency_s,0.022793
1756998330.778,latency_s,0.019602
1756998330.790,latency_s,0.031844
1756998330.790,latency_s,0.031712
1756998330.790,latency_s,0.023236
1756998330.811,latency_s,0.019602
1756998330.842,latency_s,0.021997
1756998330.842,latency_s,0.021714
1756998330.846,latency_s,0.020781
1756998330.846,latency_s,0.020527
1756998330.847,latency_s,0.021104
1756998330.849,latency_s,0.019744
1756998330.849,latency_s,0.019806
1756998330.849,latency_s,0.019887
1756998330.856,latency_s,0.026869
1756998330.856,latency_s,0.023957
1756998330.861,latency_s,0.021408
1756998330.864,latency_s,0.020817
1756998330.869,latency_s,0.020465
1756998330.876,latency_s,0.021152
1756998330.876,latency_s,0.021220
1756998330.876,latency_s,0.020472
1756998330.876,latency_s,0.021297
1756998330.876,latency_s,0.020842
1756998330.879,latency_s,0.020873
1756998330.879,latency_s,0.020858
1756998330.880,latency_s,0.020782
1756998330.886,latency_s,0.019219
1756998330.912,latency_s,0.019886
1756998330.942,latency_s,0.021105
1756998330.942,latency_s,0.020763
1756998330.946,latency_s,0.019572
1756998330.946,latency_s,0.019775
1756998330.946,latency_s,0.019729
1756998330.949,latency_s,0.019990
1756998330.949,latency_s,0.020022
1756998330.949,latency_s,0.020105
1756998330.949,latency_s,0.019942
1756998330.956,latency_s,0.022439
1756998330.960,latency_s,0.019421
1756998330.964,latency_s,0.020119
1756998330.969,latency_s,0.020335
1756998330.976,latency_s,0.021003
1756998330.976,latency_s,0.021095
1756998330.976,latency_s,0.020968
1756998330.976,latency_s,0.020385
1756998330.976,latency_s,0.020374
1756998330.978,latency_s,0.019216
1756998330.980,latency_s,0.020364
1756998330.987,latency_s,0.019370
1756998331.011,latency_s,0.018963
1756998331.043,latency_s,0.021380
1756998331.043,latency_s,0.021439
1756998331.047,latency_s,0.020442
1756998331.047,latency_s,0.020277
1756998331.047,latency_s,0.020393
1756998331.051,latency_s,0.021251
1756998331.051,latency_s,0.021296
1756998331.052,latency_s,0.021643
1756998331.052,latency_s,0.021755
1756998331.053,latency_s,0.019241
1756998331.061,latency_s,0.019510
1756998331.066,latency_s,0.019463
1756998331.069,latency_s,0.020207
1756998331.077,latency_s,0.021689
1756998331.077,latency_s,0.021706
1756998331.077,latency_s,0.021736
1756998331.077,latency_s,0.021134
1756998331.077,latency_s,0.021457
1756998331.078,latency_s,0.019324
1756998331.079,latency_s,0.019286
1756998331.088,latency_s,0.019139
1756998331.095,latency_s,0.136153
1756998331.096,latency_s,0.036030
1756998331.112,latency_s,0.019545
1756998331.143,latency_s,0.020960
1756998331.143,latency_s,0.021004
1756998331.149,latency_s,0.022291
1756998331.149,latency_s,0.022114
1756998331.149,latency_s,0.021842
1756998331.151,latency_s,0.020257
1756998331.151,latency_s,0.020221
1756998331.151,latency_s,0.019467
1756998331.151,latency_s,0.019527
1756998331.153,latency_s,0.018873
1756998331.163,latency_s,0.020579
1756998331.167,latency_s,0.019336
1756998331.169,latency_s,0.019754
1756998331.177,latency_s,0.021153
1756998331.178,latency_s,0.021210
1756998331.178,latency_s,0.020977
1756998331.178,latency_s,0.021333
1756998331.178,latency_s,0.020491
1756998331.179,latency_s,0.019667
1756998331.179,latency_s,0.019632
1756998331.180,latency_s,0.019279
1756998331.188,latency_s,0.019434
1756998331.213,latency_s,0.020552
1756998331.244,latency_s,0.021041
1756998331.244,latency_s,0.020763
1756998331.248,latency_s,0.020871
1756998331.248,latency_s,0.020733
1756998331.248,latency_s,0.020079
1756998331.252,latency_s,0.020916
1756998331.252,latency_s,0.020773
1756998331.252,latency_s,0.020106
1756998331.252,latency_s,0.020185
1756998331.255,latency_s,0.019414
1756998331.262,latency_s,0.020024
1756998331.270,latency_s,0.021885
1756998331.270,latency_s,0.020033
1756998331.280,latency_s,0.023039
1756998331.280,latency_s,0.023043
1756998331.280,latency_s,0.023126
1756998331.280,latency_s,0.022763
1756998331.280,latency_s,0.023084
1756998331.280,latency_s,0.019438
1756998331.280,latency_s,0.019458
1756998331.281,latency_s,0.019480
1756998331.289,latency_s,0.019522
1756998331.313,latency_s,0.020169
1756998331.344,latency_s,0.020439
1756998331.344,latency_s,0.019451
1756998331.348,latency_s,0.020797
1756998331.349,latency_s,0.020844
1756998331.349,latency_s,0.019031
1756998331.351,latency_s,0.019281
1756998331.351,latency_s,0.018868
1756998331.351,latency_s,0.019302
1756998331.351,latency_s,0.018820
1756998331.356,latency_s,0.019452
1756998331.363,latency_s,0.020016
1756998331.367,latency_s,0.019396
1756998331.370,latency_s,0.019751
1756998331.380,latency_s,0.022400
1756998331.380,latency_s,0.022204
1756998331.380,latency_s,0.022117
1756998331.380,latency_s,0.022326
1756998331.381,latency_s,0.022931
1756998331.381,latency_s,0.019161
1756998331.381,latency_s,0.019152
1756998331.381,latency_s,0.019344
1756998331.389,latency_s,0.019688
1756998331.415,latency_s,0.021377
1756998331.444,latency_s,0.020024
1756998331.448,latency_s,0.020597
1756998331.449,latency_s,0.020743
1756998331.450,latency_s,0.019475
1756998331.452,latency_s,0.021085
1756998331.452,latency_s,0.019370
1756998331.452,latency_s,0.019208
1756998331.455,latency_s,0.020531
1756998331.455,latency_s,0.020894
1756998331.457,latency_s,0.019445
1756998331.464,latency_s,0.020461
1756998331.469,latency_s,0.019459
1756998331.473,latency_s,0.021479
1756998331.480,latency_s,0.020584
1756998331.480,latency_s,0.020049
1756998331.480,latency_s,0.019889
1756998331.480,latency_s,0.020086
1756998331.482,latency_s,0.021967
1756998331.483,latency_s,0.020634
1756998331.483,latency_s,0.020406
1756998331.483,latency_s,0.020761
1756998331.489,latency_s,0.019269
1756998331.515,latency_s,0.020111
1756998331.544,latency_s,0.020071
1756998331.551,latency_s,0.022806
1756998331.551,latency_s,0.022873
1756998331.551,latency_s,0.019521
1756998331.552,latency_s,0.019573
1756998331.552,latency_s,0.020634
1756998331.552,latency_s,0.019518
1756998331.554,latency_s,0.019067
1756998331.555,latency_s,0.019640
1756998331.557,latency_s,0.019230
1756998331.565,latency_s,0.020240
1756998331.570,latency_s,0.020041
1756998331.572,latency_s,0.019880
1756998331.582,latency_s,0.022407
1756998331.582,latency_s,0.022163
1756998331.582,latency_s,0.022115
1756998331.582,latency_s,0.022399
1756998331.582,latency_s,0.021342
1756998331.583,latency_s,0.019804
1756998331.583,latency_s,0.019864
1756998331.583,latency_s,0.020026
1756998331.592,latency_s,0.021465
1756998331.615,latency_s,0.019841
1756998331.644,latency_s,0.019433
1756998331.648,latency_s,0.019889
1756998331.648,latency_s,0.019629
1756998331.651,latency_s,0.018841
1756998331.651,latency_s,0.018969
1756998331.656,latency_s,0.022466
1756998331.656,latency_s,0.022425
1756998331.656,latency_s,0.020538
1756998331.656,latency_s,0.020722
1756998331.660,latency_s,0.019814
1756998331.665,latency_s,0.018896
1756998331.670,latency_s,0.019427
1756998331.674,latency_s,0.021301
1756998331.684,latency_s,0.023746
1756998331.684,latency_s,0.023116
1756998331.684,latency_s,0.023518
1756998331.684,latency_s,0.023734
1756998331.684,latency_s,0.021908
1756998331.684,latency_s,0.021104
1756998331.684,latency_s,0.021255
1756998331.684,latency_s,0.021357
1756998331.690,latency_s,0.019402
1756998331.717,latency_s,0.021269
1756998331.746,latency_s,0.020162
1756998331.748,latency_s,0.019004
1756998331.749,latency_s,0.020322
1756998331.753,latency_s,0.020621
1756998331.753,latency_s,0.020747
1756998331.753,latency_s,0.019871
1756998331.754,latency_s,0.019815
1756998331.757,latency_s,0.020276
1756998331.757,latency_s,0.020475
1756998331.761,latency_s,0.019191
1756998331.766,latency_s,0.019129
1756998331.772,latency_s,0.020435
1756998331.773,latency_s,0.020151
1756998331.779,latency_s,0.019083
1756998331.783,latency_s,0.021113
1756998331.783,latency_s,0.021297
1756998331.783,latency_s,0.021258
1756998331.783,latency_s,0.020702
1756998331.783,latency_s,0.019861
1756998331.783,latency_s,0.019920
1756998331.790,latency_s,0.019049
1756998331.816,latency_s,0.019798
1756998331.847,latency_s,0.020870
1756998331.850,latency_s,0.020554
1756998331.850,latency_s,0.020787
1756998331.853,latency_s,0.019422
1756998331.853,latency_s,0.019659
1756998331.857,latency_s,0.022065
1756998331.857,latency_s,0.022031
1756998331.857,latency_s,0.020245
1756998331.857,latency_s,0.020287
1756998331.864,latency_s,0.020673
1756998331.866,latency_s,0.018805
1756998331.873,latency_s,0.020502
1756998331.873,latency_s,0.020179
1756998331.881,latency_s,0.020506
1756998331.883,latency_s,0.020785
1756998331.883,latency_s,0.020880
1756998331.883,latency_s,0.020992
1756998331.883,latency_s,0.019434
1756998331.883,latency_s,0.019075
1756998331.883,latency_s,0.019130
1756998331.891,latency_s,0.019879
1756998331.917,latency_s,0.019847
1756998331.920,latency_s,0.156919
1756998331.921,latency_s,0.056555
1756998331.947,latency_s,0.020024
1756998331.952,latency_s,0.021014
1756998331.952,latency_s,0.021482
1756998331.955,latency_s,0.019968
1756998331.955,latency_s,0.019957
1756998331.955,latency_s,0.019899
1756998331.955,latency_s,0.019791
1756998331.958,latency_s,0.020909
1756998331.959,latency_s,0.021240
1756998331.964,latency_s,0.019578
1756998331.967,latency_s,0.019523
1756998331.972,latency_s,0.019493
1756998331.973,latency_s,0.019423
1756998331.980,latency_s,0.019891
1756998331.983,latency_s,0.020549
1756998331.983,latency_s,0.020608
1756998331.983,latency_s,0.020540
1756998331.983,latency_s,0.018979
1756998331.983,latency_s,0.018928
1756998331.983,latency_s,0.018539
1756998331.984,latency_s,0.018843
1756998331.991,latency_s,0.019736
1756998332.018,latency_s,0.020644
1756998332.047,latency_s,0.019996
1756998332.050,latency_s,0.020099
1756998332.051,latency_s,0.019901
1756998332.060,latency_s,0.024075
1756998332.060,latency_s,0.024285
1756998332.060,latency_s,0.024201
1756998332.060,latency_s,0.024148
1756998332.060,latency_s,0.022661
1756998332.061,latency_s,0.022805
1756998332.066,latency_s,0.020931
1756998332.068,latency_s,0.020122
1756998332.073,latency_s,0.019875
1756998332.074,latency_s,0.020767
1756998332.429,latency_s,0.368827
1756998332.430,latency_s,0.366385
1756998332.430,latency_s,0.366426
1756998332.430,latency_s,0.366486
1756998332.430,latency_s,0.365177
1756998332.430,latency_s,0.364706
1756998332.430,latency_s,0.364766
1756998332.430,latency_s,0.364801
1756998332.430,latency_s,0.357964
1756998332.430,latency_s,0.331763
1756998332.430,latency_s,0.302716
1756998332.430,latency_s,0.298806
1756998332.430,latency_s,0.293345
1756998332.430,latency_s,0.293129
1756998332.430,latency_s,0.293295
1756998332.430,latency_s,0.293155
1756998332.430,latency_s,0.291538
1756998332.430,latency_s,0.291527
1756998332.430,latency_s,0.284171
1756998332.430,latency_s,0.281915
1756998332.430,latency_s,0.276563
1756998332.430,latency_s,0.276516
1756998332.431,latency_s,0.269241
1756998332.439,latency_s,0.275416
1756998332.439,latency_s,0.275485
1756998332.439,latency_s,0.275666
1756998332.439,latency_s,0.274204
1756998332.439,latency_s,0.273933
1756998332.439,latency_s,0.273618
1756998332.439,latency_s,0.273921
1756998332.439,latency_s,0.266849
1756998332.440,latency_s,0.241199
1756998332.446,latency_s,0.218166
1756998332.454,latency_s,0.222327
1756998332.454,latency_s,0.216568
1756998332.455,latency_s,0.216336
1756998332.455,latency_s,0.216459
1756998332.455,latency_s,0.216604
1756998332.455,latency_s,0.215868
1756998332.455,latency_s,0.215548
1756998332.455,latency_s,0.207019
1756998332.455,latency_s,0.206047
1756998332.455,latency_s,0.323568
1756998332.455,latency_s,0.222935
1756998332.469,latency_s,0.214321
1756998332.469,latency_s,0.214342
1756998332.469,latency_s,0.207100
1756998332.469,latency_s,0.205452
1756998332.469,latency_s,0.205418
1756998332.469,latency_s,0.205092
1756998332.469,latency_s,0.203309
1756998332.469,latency_s,0.203039
1756998332.469,latency_s,0.203368
1756998332.469,latency_s,0.203314
1756998332.469,latency_s,0.196573
1756998332.469,latency_s,0.170451
1756998332.469,latency_s,0.141363
1756998332.469,latency_s,0.136866
1756998332.470,latency_s,0.136565
1756998332.470,latency_s,0.131639
1756998332.470,latency_s,0.131426
1756998332.470,latency_s,0.130872
1756998332.470,latency_s,0.131075
1756998332.470,latency_s,0.130690
1756998332.470,latency_s,0.130359
1756998332.484,latency_s,0.136043
1756998332.484,latency_s,0.135409
1756998332.484,latency_s,0.129551
1756998332.484,latency_s,0.129148
1756998332.484,latency_s,0.122268
1756998332.484,latency_s,0.120634
1756998332.484,latency_s,0.120476
1756998332.485,latency_s,0.119803
1756998332.485,latency_s,0.117929
1756998332.485,latency_s,0.117974
1756998332.485,latency_s,0.118061
1756998332.485,latency_s,0.117767
1756998332.500,latency_s,0.125676
1756998332.500,latency_s,0.100156
1756998332.500,latency_s,0.071053
1756998332.500,latency_s,0.067107
1756998332.500,latency_s,0.066767
1756998332.500,latency_s,0.061800
1756998332.500,latency_s,0.060455
1756998332.500,latency_s,0.060710
1756998332.500,latency_s,0.060198
1756998332.500,latency_s,0.060665
1756998332.500,latency_s,0.059812
1756998332.500,latency_s,0.051464
1756998332.500,latency_s,0.051159
1756998332.500,latency_s,0.045039
1756998332.500,latency_s,0.044787
1756998332.500,latency_s,0.037401
1756998332.500,latency_s,0.036383
1756998332.500,latency_s,0.034501
1756998332.500,latency_s,0.033938
1756998332.501,latency_s,0.033146
1756998332.501,latency_s,0.033133
1756998332.501,latency_s,0.033391
1756998332.501,latency_s,0.033333
1756998332.501,latency_s,0.026635
1756998332.520,latency_s,0.019950
1756998332.549,latency_s,0.019664
1756998332.558,latency_s,0.024618
1756998332.558,latency_s,0.024441
1756998332.559,latency_s,0.020163
1756998332.560,latency_s,0.019166
1756998332.560,latency_s,0.019276
1756998332.560,latency_s,0.019150
1756998332.561,latency_s,0.020101
1756998332.562,latency_s,0.020152
1756998332.568,latency_s,0.019186
1756998332.569,latency_s,0.019241
1756998332.575,latency_s,0.019828
1756998332.576,latency_s,0.020202
1756998332.583,latency_s,0.019237
1756998332.583,latency_s,0.018888
1756998332.588,latency_s,0.021656
1756998332.588,latency_s,0.021467
1756998332.588,latency_s,0.020668
1756998332.588,latency_s,0.020790
1756998332.589,latency_s,0.020498
1756998332.589,latency_s,0.020654
1756998332.595,latency_s,0.019740
1756998332.621,latency_s,0.020347
1756998332.651,latency_s,0.021540
1756998332.655,latency_s,0.020815
1756998332.655,latency_s,0.020602
1756998332.659,latency_s,0.020044
1756998332.661,latency_s,0.019684
1756998332.661,latency_s,0.019424
1756998332.661,latency_s,0.019477
1756998332.661,latency_s,0.019475
1756998332.661,latency_s,0.018888
1756998332.669,latency_s,0.019190
1756998332.669,latency_s,0.019385
1756998332.676,latency_s,0.020173
1756998332.684,latency_s,0.019573
1756998332.684,latency_s,0.019776
1756998332.686,latency_s,0.019130
1756998332.686,latency_s,0.018993
1756998332.687,latency_s,0.019109
1756998332.687,latency_s,0.018881
1756998332.687,latency_s,0.018950
1756998332.687,latency_s,0.018993
1756998332.696,latency_s,0.020063
1756998332.723,latency_s,0.021404
1756998332.750,latency_s,0.019812
1756998332.757,latency_s,0.022430
1756998332.757,latency_s,0.022310
1756998332.760,latency_s,0.020366
1756998332.762,latency_s,0.018990
1756998332.763,latency_s,0.019892
1756998332.763,latency_s,0.018749
1756998332.763,latency_s,0.019123
1756998332.763,latency_s,0.019196
1756998332.769,latency_s,0.019398
1756998332.770,latency_s,0.019448
1756998332.776,latency_s,0.019376
1756998332.786,latency_s,0.020724
1756998332.786,latency_s,0.020979
1756998332.788,latency_s,0.020199
1756998332.789,latency_s,0.020071
1756998332.789,latency_s,0.020530
1756998332.789,latency_s,0.020496
1756998332.789,latency_s,0.020307
1756998332.789,latency_s,0.020421
1756998332.796,latency_s,0.020014
1756998332.801,latency_s,0.145491
1756998332.802,latency_s,0.045310
1756998332.822,latency_s,0.019819
1756998332.851,latency_s,0.020531
1756998332.855,latency_s,0.020523
1756998332.855,latency_s,0.020275
1756998332.860,latency_s,0.019418
1756998332.865,latency_s,0.020844
1756998332.866,latency_s,0.020922
1756998332.866,latency_s,0.019907
1756998332.866,latency_s,0.020038
1756998332.866,latency_s,0.019943
1756998332.870,latency_s,0.019924
1756998332.871,latency_s,0.019383
1756998332.876,latency_s,0.018773
1756998332.876,latency_s,0.018853
1756998332.886,latency_s,0.020264
1756998332.886,latency_s,0.020574
1756998332.889,latency_s,0.019368
1756998332.889,latency_s,0.020139
1756998332.890,latency_s,0.020252
1756998332.890,latency_s,0.020399
1756998332.890,latency_s,0.020315
1756998332.890,latency_s,0.020384
1756998332.896,latency_s,0.019011
1756998332.923,latency_s,0.019690
1756998332.951,latency_s,0.019647
1756998332.956,latency_s,0.021031
1756998332.956,latency_s,0.020875
1756998332.960,latency_s,0.018945
1756998332.965,latency_s,0.020004
1756998332.965,latency_s,0.019882
1756998332.968,latency_s,0.021026
1756998332.968,latency_s,0.020909
1756998332.968,latency_s,0.021297
1756998332.970,latency_s,0.019414
1756998332.972,latency_s,0.020001
1756998332.977,latency_s,0.019027
1756998332.977,latency_s,0.019316
1756998332.986,latency_s,0.019829
1756998332.986,latency_s,0.019786
1756998332.990,latency_s,0.020197
1756998332.990,latency_s,0.019844
1756998332.991,latency_s,0.020095
1756998332.991,latency_s,0.020406
1756998332.991,latency_s,0.020232
1756998332.991,latency_s,0.020405
1756998332.997,latency_s,0.019253
1756998333.023,latency_s,0.019689
1756998333.052,latency_s,0.020692
1756998333.055,latency_s,0.020199
1756998333.056,latency_s,0.020269
1756998333.061,latency_s,0.019242
1756998333.066,latency_s,0.020288
1756998333.066,latency_s,0.020865
1756998333.070,latency_s,0.021818
1756998333.070,latency_s,0.021600
1756998333.070,latency_s,0.022110
1756998333.070,latency_s,0.019191
1756998333.073,latency_s,0.020003
1756998333.079,latency_s,0.019744
1756998333.080,latency_s,0.020035
1756998333.087,latency_s,0.019912
1756998333.087,latency_s,0.020351
1756998333.091,latency_s,0.020422
1756998333.091,latency_s,0.020127
1756998333.091,latency_s,0.020380
1756998333.092,latency_s,0.020404
1756998333.092,latency_s,0.020281
1756998333.092,latency_s,0.020296
1756998333.097,latency_s,0.019539
1756998333.124,latency_s,0.019915
1756998333.152,latency_s,0.019520
1756998333.157,latency_s,0.021364
1756998333.157,latency_s,0.020953
1756998333.162,latency_s,0.019408
1756998333.166,latency_s,0.019595
1756998333.167,latency_s,0.020338
1756998333.169,latency_s,0.019683
1756998333.169,latency_s,0.019656
1756998333.169,latency_s,0.018970
1756998333.172,latency_s,0.020095
1756998333.174,latency_s,0.019730
1756998333.179,latency_s,0.019197
1756998333.181,latency_s,0.019725
1756998333.188,latency_s,0.020591
1756998333.188,latency_s,0.020538
1756998333.192,latency_s,0.020362
1756998333.192,latency_s,0.020990
1756998333.192,latency_s,0.020562
1756998333.192,latency_s,0.020926
1756998333.192,latency_s,0.020941
1756998333.192,latency_s,0.020445
1756998333.198,latency_s,0.018979
1756998333.226,latency_s,0.021383
1756998333.252,latency_s,0.019772
1756998333.256,latency_s,0.020298
1756998333.256,latency_s,0.020087
1756998333.265,latency_s,0.019665
1756998333.268,latency_s,0.021050
1756998333.268,latency_s,0.021159
1756998333.269,latency_s,0.019008
1756998333.272,latency_s,0.020317
1756998333.272,latency_s,0.020163
1756998333.273,latency_s,0.020788
1756998333.274,latency_s,0.019797
1756998333.281,latency_s,0.020437
1756998333.281,latency_s,0.020158
1756998333.288,latency_s,0.020555
1756998333.288,latency_s,0.020501
1756998333.293,latency_s,0.021482
1756998333.293,latency_s,0.021240
1756998333.293,latency_s,0.021517
1756998333.294,latency_s,0.021215
1756998333.294,latency_s,0.020852
1756998333.294,latency_s,0.020929
1756998333.299,latency_s,0.019130
1756998333.329,latency_s,0.019682
1756998333.353,latency_s,0.020175
1756998333.356,latency_s,0.019324
1756998333.356,latency_s,0.019730
1756998333.365,latency_s,0.019747
1756998333.368,latency_s,0.020387
1756998333.368,latency_s,0.020626
1756998333.372,latency_s,0.020450
1756998333.372,latency_s,0.019075
1756998333.374,latency_s,0.019521
1756998333.375,latency_s,0.019678
1756998333.375,latency_s,0.018707
1756998333.380,latency_s,0.019745
1756998333.381,latency_s,0.019460
1756998333.389,latency_s,0.020763
1756998333.408,latency_s,0.039621
1756998333.408,latency_s,0.034920
1756998333.408,latency_s,0.035060
1756998333.408,latency_s,0.034784
1756998333.408,latency_s,0.034714
1756998333.408,latency_s,0.034856
1756998333.408,latency_s,0.034873
1756998333.408,latency_s,0.027838
1756998333.432,latency_s,0.020362
1756998333.454,latency_s,0.019782
1756998333.457,latency_s,0.019706
1756998333.457,latency_s,0.019868
1756998333.465,latency_s,0.019535
1756998333.468,latency_s,0.019905
1756998333.468,latency_s,0.019905
1756998333.473,latency_s,0.020965
1756998333.473,latency_s,0.019203
1756998333.477,latency_s,0.021032
1756998333.477,latency_s,0.021216
1756998333.496,latency_s,0.039129
1756998333.496,latency_s,0.034955
1756998333.496,latency_s,0.034726
1756998333.496,latency_s,0.028022
1756998333.496,latency_s,0.027879
1756998333.496,latency_s,0.022607
1756998333.496,latency_s,0.022581
1756998333.496,latency_s,0.022045
1756998333.496,latency_s,0.022592
1756998333.497,latency_s,0.022866
1756998333.497,latency_s,0.023482
1756998333.509,latency_s,0.029064
1756998333.532,latency_s,0.020306
1756998333.554,latency_s,0.019817
1756998333.558,latency_s,0.020398
1756998333.558,latency_s,0.020595
1756998333.566,latency_s,0.019917
1756998333.569,latency_s,0.020926
1756998333.569,latency_s,0.020802
1756998333.575,latency_s,0.021634
1756998333.575,latency_s,0.020743
1756998333.576,latency_s,0.019529
1756998333.583,latency_s,0.026437
1756998333.583,latency_s,0.026291
1756998333.583,latency_s,0.021973
1756998333.583,latency_s,0.021575
1756998333.589,latency_s,0.020165
1756998333.590,latency_s,0.021067
1756998333.595,latency_s,0.021569
1756998333.596,latency_s,0.021808
1756998333.596,latency_s,0.021582
1756998333.599,latency_s,0.024653
1756998333.599,latency_s,0.024018
1756998333.599,latency_s,0.023963
1756998333.600,latency_s,0.019094
1756998333.632,latency_s,0.019468
1756998333.655,latency_s,0.020209
1756998333.657,latency_s,0.019011
1756998333.659,latency_s,0.019766
1756998333.666,latency_s,0.019440
1756998333.671,latency_s,0.020828
1756998333.671,latency_s,0.021103
1756998333.674,latency_s,0.020537
1756998333.674,latency_s,0.020334
1756998333.677,latency_s,0.020027
1756998333.677,latency_s,0.019241
1756998333.686,latency_s,0.028095
1756998333.686,latency_s,0.024222
1756998333.686,latency_s,0.023708
1756998333.711,latency_s,0.041416
1756998333.711,latency_s,0.041301
1756998333.711,latency_s,0.036125
1756998333.711,latency_s,0.036194
1756998333.711,latency_s,0.036060
1756998333.711,latency_s,0.036389
1756998333.711,latency_s,0.036204
1756998333.711,latency_s,0.035966
1756998333.711,latency_s,0.029132
1756998333.732,latency_s,0.019164
1756998333.756,latency_s,0.019917
1756998333.760,latency_s,0.020621
1756998333.761,latency_s,0.019734
1756998333.767,latency_s,0.019942
1756998333.770,latency_s,0.019775
1756998333.776,latency_s,0.020856
1756998333.776,latency_s,0.020912
1756998333.777,latency_s,0.019066
1756998333.780,latency_s,0.021054
1756998333.785,latency_s,0.026189
1756998333.785,latency_s,0.022298
1756998333.785,latency_s,0.021945
1756998333.790,latency_s,0.020299
1756998333.791,latency_s,0.021069
1756998333.796,latency_s,0.021581
1756998333.799,latency_s,0.024274
1756998333.799,latency_s,0.023986
1756998333.799,latency_s,0.024296
1756998333.799,latency_s,0.024146
1756998333.799,latency_s,0.023514
1756998333.802,latency_s,0.019581
1756998333.833,latency_s,0.019421
1756998333.856,latency_s,0.019773
1756998333.861,latency_s,0.020214
1756998333.863,latency_s,0.020924
1756998333.867,latency_s,0.019388
1756998333.873,latency_s,0.021847
1756998333.876,latency_s,0.020768
1756998333.880,latency_s,0.024799
1756998333.880,latency_s,0.022247
1756998333.880,latency_s,0.021396
1756998333.888,latency_s,0.028806
1756998333.888,latency_s,0.025256
1756998333.888,latency_s,0.024877
1756998333.888,latency_s,0.137531
1756998333.888,latency_s,0.036350
1756998333.891,latency_s,0.020468
1756998333.897,latency_s,0.026191
1756998333.897,latency_s,0.022063
1756998333.897,latency_s,0.021904
1756998333.897,latency_s,0.021951
1756998333.897,latency_s,0.021505
1756998333.898,latency_s,0.021952
1756998333.898,latency_s,0.021684
1756998333.904,latency_s,0.021270
1756998333.934,latency_s,0.020192
1756998333.957,latency_s,0.020367
1756998333.960,latency_s,0.018957
1756998333.963,latency_s,0.020394
1756998333.968,latency_s,0.019393
1756998333.971,latency_s,0.019482
1756998333.973,latency_s,0.019313
1756998333.977,latency_s,0.021512
1756998333.978,latency_s,0.022714
1756998333.978,latency_s,0.020210
1756998333.979,latency_s,0.019199
1756998333.983,latency_s,0.019576
1756998333.986,latency_s,0.021719
1756998333.993,latency_s,0.021120
1756998333.993,latency_s,0.020839
1756998333.996,latency_s,0.020210
1756998333.996,latency_s,0.020438
1756998334.018,latency_s,0.041985
1756998334.018,latency_s,0.042056
1756998334.018,latency_s,0.041613
1756998334.018,latency_s,0.041858
1756998334.018,latency_s,0.035151
1756998334.035,latency_s,0.019922
1756998334.057,latency_s,0.019908
1756998334.061,latency_s,0.019023
1756998334.064,latency_s,0.020359
1756998334.070,latency_s,0.020503
1756998334.072,latency_s,0.019739
1756998334.079,latency_s,0.024867
1756998334.079,latency_s,0.023809
1756998334.080,latency_s,0.023794
1756998334.080,latency_s,0.021204
1756998334.080,latency_s,0.019402
1756998334.085,latency_s,0.019706
1756998334.086,latency_s,0.020553
1756998334.091,latency_s,0.018996
1756998334.094,latency_s,0.022095
1756998334.098,latency_s,0.021666
1756998334.101,latency_s,0.023675
1756998334.101,latency_s,0.024059
1756998334.101,latency_s,0.141165
1756998334.101,latency_s,0.024629
1756998334.101,latency_s,0.024047
1756998334.101,latency_s,0.040553
1756998334.101,latency_s,0.023734
1756998334.102,latency_s,0.019259
1756998334.137,latency_s,0.021269
1756998334.157,latency_s,0.019965
1756998334.162,latency_s,0.019844
1756998334.164,latency_s,0.020002
1756998334.170,latency_s,0.019199
1756998334.173,latency_s,0.019949
1756998334.174,latency_s,0.019264
1756998334.179,latency_s,0.022207
1756998334.179,latency_s,0.022274
1756998334.179,latency_s,0.019967
1756998334.181,latency_s,0.020050
1756998334.188,latency_s,0.027272
1756998334.189,latency_s,0.023416
1756998334.189,latency_s,0.022680
1756998334.194,latency_s,0.021167
1756998334.198,latency_s,0.021413
1756998334.198,latency_s,0.021115
1756998334.198,latency_s,0.020895
1756998334.204,latency_s,0.026430
1756998334.204,latency_s,0.026688
1756998334.204,latency_s,0.026264
1756998334.204,latency_s,0.020380
1756998334.237,latency_s,0.020351
1756998334.257,latency_s,0.019433
1756998334.264,latency_s,0.019905
1756998334.269,latency_s,0.020794
1756998334.271,latency_s,0.019503
1756998334.274,latency_s,0.020442
1756998334.275,latency_s,0.019024
1756998334.277,latency_s,0.019512
1756998334.283,latency_s,0.023793
1756998334.283,latency_s,0.023672
1756998334.283,latency_s,0.021436
1756998334.283,latency_s,0.021463
1756998334.285,latency_s,0.019358
1756998334.286,latency_s,0.018615
1756998334.293,latency_s,0.020038
1756998334.298,latency_s,0.021268
1756998334.299,latency_s,0.020924
1756998334.299,latency_s,0.021278
1756998334.300,latency_s,0.022479
1756998334.301,latency_s,0.021877
1756998334.301,latency_s,0.022789
1756998334.304,latency_s,0.019427
1756998334.313,latency_s,0.140341
1756998334.313,latency_s,0.039924
1756998334.339,latency_s,0.021176
1756998334.358,latency_s,0.019299
1756998334.366,latency_s,0.020165
1756998334.368,latency_s,0.018897
1756998334.372,latency_s,0.019778
1756998334.374,latency_s,0.019761
1756998334.375,latency_s,0.018988
1756998334.377,latency_s,0.019818
1756998334.379,latency_s,0.018867
1756998334.381,latency_s,0.020528
1756998334.383,latency_s,0.020605
1756998334.383,latency_s,0.020775
1756998334.387,latency_s,0.019995
1756998334.389,latency_s,0.020280
1756998334.393,latency_s,0.019531
1756998334.393,latency_s,0.019667
1756998334.397,latency_s,0.019271
1756998334.398,latency_s,0.019259
1756998334.398,latency_s,0.019221
1756998334.401,latency_s,0.022881
1756998334.401,latency_s,0.022751
1756998334.401,latency_s,0.022205
1756998334.404,latency_s,0.019375
1756998334.438,latency_s,0.019222
1756998334.459,latency_s,0.020057
1756998334.469,latency_s,0.019809
1756998334.471,latency_s,0.019435
1756998334.471,latency_s,0.019091
1756998334.475,latency_s,0.020196
1756998334.476,latency_s,0.019361
1756998334.479,latency_s,0.020178
1756998334.481,latency_s,0.019883
1756998334.481,latency_s,0.019906
1756998334.486,latency_s,0.023281
1756998334.486,latency_s,0.023340
1756998334.486,latency_s,0.019671
1756998334.494,latency_s,0.019909
1756998334.494,latency_s,0.019972
1756998334.497,latency_s,0.019197
1756998334.497,latency_s,0.018812
1756998334.498,latency_s,0.018920
1756998334.498,latency_s,0.019054
1756998334.501,latency_s,0.021728
1756998334.501,latency_s,0.021459
1756998334.508,latency_s,0.022530
1756998334.540,latency_s,0.020495
1756998334.558,latency_s,0.019226
1756998334.570,latency_s,0.019522
1756998334.572,latency_s,0.019714
1756998334.572,latency_s,0.019655
1756998334.577,latency_s,0.020523
1756998334.577,latency_s,0.019604
1756998334.578,latency_s,0.018869
1756998334.580,latency_s,0.019266
1756998334.581,latency_s,0.019351
1756998334.584,latency_s,0.020121
1756998334.584,latency_s,0.020252
1756998334.587,latency_s,0.019940
1756998334.594,latency_s,0.020088
1756998334.594,latency_s,0.019481
1756998334.600,latency_s,0.021038
1756998334.600,latency_s,0.020779
1756998334.600,latency_s,0.020836
1756998334.600,latency_s,0.020564
1756998334.600,latency_s,0.020783
1756998334.600,latency_s,0.020186
1756998334.605,latency_s,0.019454
1756998334.616,latency_s,0.147619
1756998334.617,latency_s,0.046971
1756998334.640,latency_s,0.019712
1756998334.660,latency_s,0.020177
1756998334.674,latency_s,0.022192
1756998334.674,latency_s,0.021224
1756998334.674,latency_s,0.021502
1756998334.677,latency_s,0.019545
1756998334.677,latency_s,0.019201
1756998334.679,latency_s,0.019607
1756998334.681,latency_s,0.019573
1756998334.681,latency_s,0.019522
1756998334.683,latency_s,0.019083
1756998334.683,latency_s,0.019208
1756998334.689,latency_s,0.021729
1756998334.690,latency_s,0.019304
1756998334.697,latency_s,0.022587
1756998334.697,latency_s,0.021852
1756998334.700,latency_s,0.020277
1756998334.700,latency_s,0.020292
1756998334.700,latency_s,0.020277
1756998334.700,latency_s,0.020353
1756998334.700,latency_s,0.020295
1756998334.700,latency_s,0.019953
1756998334.706,latency_s,0.020227
1756998334.741,latency_s,0.021030
1756998334.761,latency_s,0.020066
1756998334.771,latency_s,0.019303
1756998334.774,latency_s,0.020290
1756998334.774,latency_s,0.020875
1756998334.778,latency_s,0.020553
1756998334.778,latency_s,0.020291
1756998334.782,latency_s,0.021521
1756998334.782,latency_s,0.020250
1756998334.783,latency_s,0.020343
1756998334.784,latency_s,0.019390
1756998334.784,latency_s,0.019614
1756998334.788,latency_s,0.019750
1756998334.790,latency_s,0.019047
1756998334.795,latency_s,0.019657
1756998334.796,latency_s,0.020148
1756998334.802,latency_s,0.021771
1756998334.802,latency_s,0.021623
1756998334.802,latency_s,0.021680
1756998334.802,latency_s,0.021608
1756998334.802,latency_s,0.020894
1756998334.802,latency_s,0.021931
1756998334.806,latency_s,0.019968
1756998334.843,latency_s,0.020742
1756998334.861,latency_s,0.019476
1756998334.874,latency_s,0.020431
1756998334.874,latency_s,0.020325
1756998334.875,latency_s,0.020376
1756998334.878,latency_s,0.020034
1756998334.878,latency_s,0.019876
1756998334.883,latency_s,0.021072
1756998334.883,latency_s,0.020828
1756998334.883,latency_s,0.021160
1756998334.884,latency_s,0.019012
1756998334.885,latency_s,0.019312
1756998334.887,latency_s,0.018817
1756998334.893,latency_s,0.021323
1756998334.895,latency_s,0.019543
1756998334.895,latency_s,0.019157
1756998334.900,latency_s,0.019884
1756998334.900,latency_s,0.019893
1756998334.900,latency_s,0.019715
1756998334.900,latency_s,0.019280
1756998334.900,latency_s,0.019578
1756998334.901,latency_s,0.020163
1756998334.905,latency_s,0.019085
1756998334.943,latency_s,0.021318
1756998334.961,latency_s,0.019461
1756998334.973,latency_s,0.019092
1756998334.976,latency_s,0.021226
1756998334.977,latency_s,0.021307
1756998334.979,latency_s,0.020093
1756998334.979,latency_s,0.020194
1756998334.983,latency_s,0.019932
1756998334.983,latency_s,0.019971
1756998334.983,latency_s,0.019775
1756998334.985,latency_s,0.019348
1756998334.985,latency_s,0.019586
1756998334.988,latency_s,0.018919
1756998334.992,latency_s,0.019656
1756998334.995,latency_s,0.019136
1756998334.997,latency_s,0.019380
1756998335.000,latency_s,0.019425
1756998335.000,latency_s,0.019529
1756998335.001,latency_s,0.019632
1756998335.001,latency_s,0.019853
1756998335.001,latency_s,0.019628
1756998335.006,latency_s,0.020099
1756998335.043,latency_s,0.019938
1756998335.062,latency_s,0.020003
1756998335.075,latency_s,0.020260
1756998335.078,latency_s,0.022186
1756998335.078,latency_s,0.022261
1756998335.080,latency_s,0.021523
1756998335.081,latency_s,0.021823
1756998335.083,latency_s,0.019805
1756998335.083,latency_s,0.020006
1756998335.083,latency_s,0.019952
1756998335.087,latency_s,0.020499
1756998335.087,latency_s,0.020812
1756998335.088,latency_s,0.018732
1756998335.092,latency_s,0.019588
1756998335.096,latency_s,0.019996
1756998335.099,latency_s,0.021033
1756998335.104,latency_s,0.022766
1756998335.104,latency_s,0.022063
1756998335.104,latency_s,0.022559
1756998335.104,latency_s,0.022578
1756998335.104,latency_s,0.023130
1756998335.106,latency_s,0.019493
1756998335.119,latency_s,0.137816
1756998335.119,latency_s,0.037304
1756998335.144,latency_s,0.020555
1756998335.162,latency_s,0.020222
1756998335.175,latency_s,0.018627
1756998335.176,latency_s,0.020019
1756998335.176,latency_s,0.019998
1756998335.180,latency_s,0.020762
1756998335.181,latency_s,0.020960
1756998335.185,latency_s,0.020798
1756998335.185,latency_s,0.020366
1756998335.185,latency_s,0.020664
1756998335.187,latency_s,0.019727
1756998335.187,latency_s,0.020089
1756998335.189,latency_s,0.019126
1756998335.194,latency_s,0.019573
1756998335.196,latency_s,0.019553
1756998335.202,latency_s,0.023575
1756998335.202,latency_s,0.020551
1756998335.202,latency_s,0.020896
1756998335.202,latency_s,0.020157
1756998335.202,latency_s,0.020150
1756998335.202,latency_s,0.020457
1756998335.203,latency_s,0.019926
1756998335.207,latency_s,0.019374
1756998335.245,latency_s,0.020239
1756998335.262,latency_s,0.019710
1756998335.277,latency_s,0.020984
1756998335.278,latency_s,0.020801
1756998335.279,latency_s,0.019362
1756998335.281,latency_s,0.021069
1756998335.281,latency_s,0.020908
1756998335.283,latency_s,0.018993
1756998335.285,latency_s,0.019767
1756998335.285,latency_s,0.019262
1756998335.288,latency_s,0.020196
1756998335.288,latency_s,0.020277
1756998335.290,latency_s,0.019201
1756998335.295,latency_s,0.019543
1756998335.296,latency_s,0.019078
1756998335.300,latency_s,0.020092
1756998335.302,latency_s,0.019661
1756998335.302,latency_s,0.019589
1756998335.304,latency_s,0.021547
1756998335.304,latency_s,0.021328
1756998335.304,latency_s,0.021107
1756998335.304,latency_s,0.021064
1756998335.307,latency_s,0.018950
1756998335.346,latency_s,0.020844
1756998335.363,latency_s,0.020090
1756998335.378,latency_s,0.021551
1756998335.379,latency_s,0.021721
1756998335.382,latency_s,0.020561
1756998335.382,latency_s,0.020346
1756998335.382,latency_s,0.020901
1756998335.386,latency_s,0.020839
1756998335.386,latency_s,0.020175
1756998335.389,latency_s,0.020527
1756998335.389,latency_s,0.020700
1756998335.389,latency_s,0.020730
1756998335.392,latency_s,0.020225
1756998335.397,latency_s,0.020415
1756998335.397,latency_s,0.020275
1756998335.400,latency_s,0.019735
1756998335.405,latency_s,0.022546
1756998335.406,latency_s,0.022349
1756998335.406,latency_s,0.022557
1756998335.426,latency_s,0.042772
1756998335.426,latency_s,0.041981
1756998335.426,latency_s,0.042227
1756998335.426,latency_s,0.037124
1756998335.447,latency_s,0.020261
1756998335.464,latency_s,0.020370
1756998335.477,latency_s,0.019808
1756998335.477,latency_s,0.019354
1756998335.481,latency_s,0.019767
1756998335.484,latency_s,0.021886
1756998335.484,latency_s,0.021016
1756998335.485,latency_s,0.019313
1756998335.485,latency_s,0.018971
1756998335.489,latency_s,0.020522
1756998335.490,latency_s,0.020806
1756998335.492,latency_s,0.022278
1756998335.492,latency_s,0.019960
1756998335.497,latency_s,0.020522
1756998335.498,latency_s,0.020992
1756998335.501,latency_s,0.019416
1756998335.505,latency_s,0.022446
1756998335.506,latency_s,0.022267
1756998335.506,latency_s,0.021949
1756998335.506,latency_s,0.022244
1756998335.506,latency_s,0.022007
1756998335.506,latency_s,0.021684
1756998335.509,latency_s,0.019616
1756998335.548,latency_s,0.020141
1756998335.564,latency_s,0.020170
1756998335.577,latency_s,0.020081
1756998335.577,latency_s,0.019109
1756998335.582,latency_s,0.019679
1756998335.582,latency_s,0.019791
1756998335.583,latency_s,0.019773
1756998335.585,latency_s,0.019523
1756998335.587,latency_s,0.020000
1756998335.590,latency_s,0.019088
1756998335.591,latency_s,0.020429
1756998335.591,latency_s,0.020608
1756998335.592,latency_s,0.019332
1756998335.598,latency_s,0.021068
1756998335.598,latency_s,0.020749
1756998335.605,latency_s,0.021524
1756998335.605,latency_s,0.022050
1756998335.605,latency_s,0.021077
1756998335.605,latency_s,0.020494
1756998335.607,latency_s,0.023364
1756998335.607,latency_s,0.022770
1756998335.607,latency_s,0.021926
1756998335.609,latency_s,0.019147
1756998335.650,latency_s,0.020836
1756998335.665,latency_s,0.020171
1756998335.678,latency_s,0.020352
1756998335.678,latency_s,0.019334
1756998335.684,latency_s,0.021171
1756998335.684,latency_s,0.021256
1756998335.684,latency_s,0.020757
1756998335.688,latency_s,0.020884
1756998335.688,latency_s,0.020223
1756998335.694,latency_s,0.022095
1756998335.694,latency_s,0.021767
1756998335.694,latency_s,0.022131
1756998335.695,latency_s,0.021698
1756998335.699,latency_s,0.020834
1756998335.699,latency_s,0.020483
1756998335.704,latency_s,0.020509
1756998335.704,latency_s,0.020336
1756998335.704,latency_s,0.020199
1756998335.704,latency_s,0.020034
1756998335.704,latency_s,0.019458
1756998335.704,latency_s,0.019227
1756998335.710,latency_s,0.024731
1756998335.710,latency_s,0.019808
1756998335.751,latency_s,0.021162
1756998335.764,latency_s,0.019560
1756998335.778,latency_s,0.020431
1756998335.781,latency_s,0.020004
1756998335.783,latency_s,0.020199
1756998335.783,latency_s,0.020127
1756998335.785,latency_s,0.019600
1756998335.788,latency_s,0.020461
1756998335.808,latency_s,0.039297
1756998335.808,latency_s,0.035349
1756998335.808,latency_s,0.035175
1756998335.808,latency_s,0.035049
1756998335.808,latency_s,0.030091
1756998335.808,latency_s,0.029661
1756998335.808,latency_s,0.024511
1756998335.808,latency_s,0.023530
1756998335.808,latency_s,0.024311
1756998335.808,latency_s,0.023399
1756998335.808,latency_s,0.024153
1756998335.808,latency_s,0.022966
1756998335.808,latency_s,0.022727
1756998335.813,latency_s,0.022228
1756998335.851,latency_s,0.020257
1756998335.864,latency_s,0.019205
1756998335.878,latency_s,0.019778
1756998335.881,latency_s,0.019517
1756998335.884,latency_s,0.020186
1756998335.884,latency_s,0.020020
1756998335.886,latency_s,0.019194
1756998335.887,latency_s,0.019192
1756998335.889,latency_s,0.019495
1756998335.894,latency_s,0.020838
1756998335.894,latency_s,0.020394
1756998335.899,latency_s,0.025357
1756998335.899,latency_s,0.021072
1756998335.899,latency_s,0.020442
1756998335.906,latency_s,0.022189
1756998335.906,latency_s,0.021756
1756998335.906,latency_s,0.021275
1756998335.906,latency_s,0.021651
1756998335.906,latency_s,0.020922
1756998335.909,latency_s,0.022763
1756998335.909,latency_s,0.022663
1756998335.911,latency_s,0.019824
1756998335.914,latency_s,0.141634
1756998335.915,latency_s,0.040872
1756998335.953,latency_s,0.021708
1756998335.967,latency_s,0.021291
1756998335.979,latency_s,0.020720
1756998335.984,latency_s,0.019037
1756998335.984,latency_s,0.019338
1756998335.986,latency_s,0.021498
1756998335.987,latency_s,0.018794
1756998335.988,latency_s,0.019328
1756998335.990,latency_s,0.020836
1756998335.993,latency_s,0.019638
1756998335.995,latency_s,0.020746
1756998335.995,latency_s,0.020386
1756998335.998,latency_s,0.024390
1756998335.999,latency_s,0.020135
1756998335.999,latency_s,0.019117
1756998336.005,latency_s,0.021221
1756998336.005,latency_s,0.020590
1756998336.005,latency_s,0.020724
1756998336.005,latency_s,0.020362
1756998336.006,latency_s,0.019651
1756998336.006,latency_s,0.019645
1756998336.006,latency_s,0.019374
1756998336.011,latency_s,0.019409
1756998336.052,latency_s,0.020164
1756998336.067,latency_s,0.020958
1756998336.078,latency_s,0.019750
1756998336.086,latency_s,0.020992
1756998336.086,latency_s,0.020817
1756998336.086,latency_s,0.021190
1756998336.090,latency_s,0.020729
1756998336.090,latency_s,0.020403
1756998336.090,latency_s,0.020180
1756998336.095,latency_s,0.021156
1756998336.095,latency_s,0.020776
1756998336.096,latency_s,0.021096
1756998336.096,latency_s,0.020784
1756998336.101,latency_s,0.021424
1756998336.101,latency_s,0.021051
1756998336.108,latency_s,0.023493
1756998336.108,latency_s,0.022992
1756998336.108,latency_s,0.021918
1756998336.108,latency_s,0.022852
1756998336.108,latency_s,0.021346
1756998336.108,latency_s,0.021382
1756998336.111,latency_s,0.019308
1756998336.152,latency_s,0.019908
1756998336.167,latency_s,0.020518
1756998336.178,latency_s,0.019753
1756998336.186,latency_s,0.020462
1756998336.186,latency_s,0.020476
1756998336.186,latency_s,0.020862
1756998336.189,latency_s,0.018875
1756998336.190,latency_s,0.019896
1756998336.191,latency_s,0.020142
1756998336.196,latency_s,0.021460
1756998336.196,latency_s,0.021162
1756998336.196,latency_s,0.021260
1756998336.201,latency_s,0.025779
1756998336.201,latency_s,0.020902
1756998336.201,latency_s,0.020546
1756998336.205,latency_s,0.020193
1756998336.206,latency_s,0.019706
1756998336.207,latency_s,0.019791
1756998336.208,latency_s,0.020606
1756998336.208,latency_s,0.020682
1756998336.208,latency_s,0.020939
1756998336.213,latency_s,0.020522
1756998336.239,latency_s,0.153995
1756998336.239,latency_s,0.052761
1756998336.256,latency_s,0.021499
1756998336.268,latency_s,0.020553
1756998336.279,latency_s,0.020411
1756998336.288,latency_s,0.021350
1756998336.288,latency_s,0.021339
1756998336.288,latency_s,0.021353
1756998336.292,latency_s,0.022256
1756998336.292,latency_s,0.021755
1756998336.296,latency_s,0.025302
1756998336.296,latency_s,0.021841
1756998336.296,latency_s,0.021599
1756998336.297,latency_s,0.021572
1756998336.297,latency_s,0.019491
1756998336.300,latency_s,0.019958
1756998336.322,latency_s,0.041389
1756998336.322,latency_s,0.037390
1756998336.322,latency_s,0.036294
1756998336.322,latency_s,0.035074
1756998336.322,latency_s,0.034428
1756998336.323,latency_s,0.034092
1756998336.323,latency_s,0.034935
1756998336.323,latency_s,0.030002
1756998336.356,latency_s,0.020009
1756998336.367,latency_s,0.019292
1756998336.379,latency_s,0.019688
1756998336.387,latency_s,0.020327
1756998336.387,latency_s,0.020334
1756998336.388,latency_s,0.020413
1756998336.393,latency_s,0.022183
1756998336.393,latency_s,0.022210
1756998336.393,latency_s,0.021310
1756998336.394,latency_s,0.019529
1756998336.402,latency_s,0.027165
1756998336.402,latency_s,0.026297
1756998336.402,latency_s,0.025088
1756998336.403,latency_s,0.021872
1756998336.403,latency_s,0.021111
1756998336.405,latency_s,0.019773
1756998336.411,latency_s,0.022629
1756998336.411,latency_s,0.022354
1756998336.411,latency_s,0.023273
1756998336.411,latency_s,0.022379
1756998336.411,latency_s,0.022463
1756998336.418,latency_s,0.024532
1756998336.424,latency_s,0.137084
1756998336.425,latency_s,0.036190
1756998336.458,latency_s,0.020376
1756998336.469,latency_s,0.020709
1756998336.479,latency_s,0.020254
1756998336.488,latency_s,0.020367
1756998336.488,latency_s,0.019793
1756998336.488,latency_s,0.020355
1756998336.491,latency_s,0.019382
1756998336.492,latency_s,0.019016
1756998336.494,latency_s,0.020024
1756998336.494,latency_s,0.019482
1756998336.495,latency_s,0.019338
1756998336.502,latency_s,0.025812
1756998336.502,latency_s,0.024817
1756998336.503,latency_s,0.021509
1756998336.503,latency_s,0.020679
1756998336.505,latency_s,0.019736
1756998336.508,latency_s,0.019899
1756998336.509,latency_s,0.020712
1756998336.510,latency_s,0.021078
1756998336.510,latency_s,0.020744
1756998336.510,latency_s,0.020737
1756998336.510,latency_s,0.020052
1756998336.515,latency_s,0.019323
1756998336.559,latency_s,0.020929
1756998336.569,latency_s,0.020203
1756998336.579,latency_s,0.020029
1756998336.589,latency_s,0.021020
1756998336.589,latency_s,0.020986
1756998336.589,latency_s,0.020900
1756998336.591,latency_s,0.018891
1756998336.594,latency_s,0.019443
1756998336.594,latency_s,0.019584
1756998336.595,latency_s,0.019572
1756998336.595,latency_s,0.019733
1756998336.597,latency_s,0.019898
1756998336.604,latency_s,0.025817
1756998336.604,latency_s,0.022497
1756998336.604,latency_s,0.021600
1756998336.606,latency_s,0.019887
1756998336.611,latency_s,0.021666
1756998336.611,latency_s,0.022175
1756998336.611,latency_s,0.021690
1756998336.611,latency_s,0.021465
1756998336.611,latency_s,0.022416
1756998336.613,latency_s,0.022786
1756998336.617,latency_s,0.021100
1756998336.659,latency_s,0.020293
1756998336.670,latency_s,0.019872
1756998336.679,latency_s,0.019219
1756998336.689,latency_s,0.020483
1756998336.689,latency_s,0.020611
1756998336.689,latency_s,0.019764
1756998336.692,latency_s,0.019393
1756998336.696,latency_s,0.021298
1756998336.696,latency_s,0.021315
1756998336.696,latency_s,0.020434
1756998336.696,latency_s,0.020776
1756998336.698,latency_s,0.019856
1756998336.705,latency_s,0.027319
1756998336.706,latency_s,0.021637
1756998336.706,latency_s,0.019833
1756998336.709,latency_s,0.020134
1756998336.710,latency_s,0.020050
1756998336.711,latency_s,0.021752
1756998336.711,latency_s,0.021117
1756998336.711,latency_s,0.021523
1756998336.711,latency_s,0.020844
1756998336.716,latency_s,0.019313
1756998336.760,latency_s,0.021044
1756998336.770,latency_s,0.019242
1756998336.779,latency_s,0.019179
1756998336.789,latency_s,0.020272
1756998336.790,latency_s,0.020180
1756998336.790,latency_s,0.020207
1756998336.792,latency_s,0.019206
1756998336.797,latency_s,0.021706
1756998336.797,latency_s,0.021955
1756998336.814,latency_s,0.038466
1756998336.814,latency_s,0.038224
1756998336.814,latency_s,0.034973
1756998336.814,latency_s,0.034777
1756998336.814,latency_s,0.028897
1756998336.815,latency_s,0.028310
1756998336.815,latency_s,0.024993
1756998336.815,latency_s,0.024844
1756998336.815,latency_s,0.024518
1756998336.815,latency_s,0.024711
1756998336.815,latency_s,0.024040
1756998336.815,latency_s,0.023846
1756998336.822,latency_s,0.024636
1756998336.825,latency_s,0.143219
1756998336.826,latency_s,0.042941
1756998336.861,latency_s,0.021574
1756998336.870,latency_s,0.019184
1756998336.880,latency_s,0.020144
1756998336.891,latency_s,0.021796
1756998336.891,latency_s,0.020954
1756998336.892,latency_s,0.020969
1756998336.895,latency_s,0.019834
1756998336.896,latency_s,0.020917
1756998336.896,latency_s,0.020870
1756998336.897,latency_s,0.020361
1756998336.906,latency_s,0.030507
1756998336.907,latency_s,0.026490
1756998336.907,latency_s,0.026576
1756998336.907,latency_s,0.022756
1756998336.908,latency_s,0.019255
1756998336.913,latency_s,0.022392
1756998336.913,latency_s,0.022913
1756998336.913,latency_s,0.022838
1756998336.913,latency_s,0.023018
1756998336.913,latency_s,0.020303
1756998336.913,latency_s,0.021768
1756998336.923,latency_s,0.025333
1756998336.964,latency_s,0.021322
1756998336.972,latency_s,0.020767
1756998336.981,latency_s,0.020181
1756998336.989,latency_s,0.019686
1756998336.990,latency_s,0.019209
1756998336.991,latency_s,0.019417
1756998336.995,latency_s,0.019447
1756998336.998,latency_s,0.021810
1756998336.998,latency_s,0.021964
1756998336.998,latency_s,0.021450
1756998336.998,latency_s,0.022002
1756998337.001,latency_s,0.019602
1756998337.005,latency_s,0.020862
1756998337.008,latency_s,0.019295
1756998337.012,latency_s,0.021286
1756998337.012,latency_s,0.021329
1756998337.012,latency_s,0.021070
1756998337.012,latency_s,0.021025
1756998337.013,latency_s,0.020199
1756998337.013,latency_s,0.019756
1756998337.017,latency_s,0.019040
1756998337.022,latency_s,0.135980
1756998337.023,latency_s,0.036251
1756998337.063,latency_s,0.020461
1756998337.071,latency_s,0.019544
1756998337.082,latency_s,0.020952
1756998337.089,latency_s,0.019269
1756998337.092,latency_s,0.020283
1756998337.093,latency_s,0.020546
1756998337.096,latency_s,0.020257
1756998337.097,latency_s,0.019843
1756998337.097,latency_s,0.020251
1756998337.097,latency_s,0.019819
1756998337.097,latency_s,0.019598
1756998337.102,latency_s,0.019098
1756998337.107,latency_s,0.022167
1756998337.108,latency_s,0.020873
1756998337.110,latency_s,0.020563
1756998337.113,latency_s,0.022036
1756998337.113,latency_s,0.021957
1756998337.113,latency_s,0.022204
1756998337.113,latency_s,0.022063
1756998337.113,latency_s,0.019426
1756998337.113,latency_s,0.019470
1756998337.119,latency_s,0.020548
1756998337.122,latency_s,0.140446
1756998337.123,latency_s,0.040091
1756998337.166,latency_s,0.020966
1756998337.172,latency_s,0.019451
1756998337.181,latency_s,0.020083
1756998337.192,latency_s,0.020413
1756998337.192,latency_s,0.019617
1756998337.192,latency_s,0.019137
1756998337.199,latency_s,0.021641
1756998337.199,latency_s,0.022003
1756998337.199,latency_s,0.021648
1756998337.199,latency_s,0.021477
1756998337.199,latency_s,0.020054
1756998337.204,latency_s,0.020222
1756998337.207,latency_s,0.023506
1756998337.207,latency_s,0.021055
1756998337.207,latency_s,0.020217
1756998337.213,latency_s,0.022279
1756998337.228,latency_s,0.037245
1756998337.228,latency_s,0.037139
1756998337.228,latency_s,0.037203
1756998337.229,latency_s,0.036980
1756998337.229,latency_s,0.033984
1756998337.229,latency_s,0.034029
1756998337.229,latency_s,0.029473
1756998337.267,latency_s,0.020974
1756998337.274,latency_s,0.020435
1756998337.284,latency_s,0.021004
1756998337.292,latency_s,0.019988
1756998337.294,latency_s,0.020184
1756998337.294,latency_s,0.020291
1756998337.298,latency_s,0.020900
1756998337.298,latency_s,0.020772
1756998337.298,latency_s,0.020583
1756998337.298,latency_s,0.019793
1756998337.300,latency_s,0.020340
1756998337.309,latency_s,0.025462
1756998337.309,latency_s,0.025434
1756998337.310,latency_s,0.022338
1756998337.310,latency_s,0.022372
1756998337.313,latency_s,0.021440
1756998337.313,latency_s,0.021219
1756998337.313,latency_s,0.021424
1756998337.313,latency_s,0.021431
1756998337.313,latency_s,0.021293
1756998337.316,latency_s,0.020510
1756998337.317,latency_s,0.020729
1756998337.321,latency_s,0.020729
1756998337.367,latency_s,0.020730
1756998337.374,latency_s,0.019763
1756998337.383,latency_s,0.019248
1756998337.392,latency_s,0.019632
1756998337.394,latency_s,0.019482
1756998337.394,latency_s,0.019907
1756998337.398,latency_s,0.020852
1756998337.399,latency_s,0.020761
1756998337.399,latency_s,0.020895
1756998337.399,latency_s,0.020024
1756998337.400,latency_s,0.018862
1756998337.404,latency_s,0.019818
1756998337.409,latency_s,0.025047
1756998337.410,latency_s,0.021510
1756998337.410,latency_s,0.021392
1756998337.412,latency_s,0.019922
1756998337.412,latency_s,0.019675
1756998337.412,latency_s,0.019397
1756998337.412,latency_s,0.019792
1756998337.416,latency_s,0.019843
1756998337.416,latency_s,0.019558
1756998337.421,latency_s,0.019713
1756998337.468,latency_s,0.020344
1756998337.475,latency_s,0.020717
1756998337.484,latency_s,0.020252
1756998337.497,latency_s,0.021996
1756998337.497,latency_s,0.022193
1756998337.497,latency_s,0.022207
1756998337.501,latency_s,0.022992
1756998337.501,latency_s,0.023045
1756998337.501,latency_s,0.023006
1756998337.501,latency_s,0.022523
1756998337.502,latency_s,0.019423
1756998337.513,latency_s,0.028870
1756998337.514,latency_s,0.029257
1756998337.514,latency_s,0.024942
1756998337.514,latency_s,0.024895
1756998337.514,latency_s,0.021858
1756998337.514,latency_s,0.021434
1756998337.514,latency_s,0.021203
1756998337.514,latency_s,0.021439
1756998337.517,latency_s,0.019813
1756998337.517,latency_s,0.019762
1756998337.522,latency_s,0.019557
1756998337.535,latency_s,0.142477
1756998337.535,latency_s,0.042547
1756998337.570,latency_s,0.021698
1756998337.577,latency_s,0.021889
1756998337.585,latency_s,0.020650
1756998337.596,latency_s,0.021017
1756998337.596,latency_s,0.020943
1756998337.596,latency_s,0.020462
1756998337.600,latency_s,0.022262
1756998337.600,latency_s,0.022160
1756998337.600,latency_s,0.022095
1756998337.601,latency_s,0.021673
1756998337.603,latency_s,0.019972
1756998337.605,latency_s,0.019438
1756998337.605,latency_s,0.019857
1756998337.610,latency_s,0.020680
1756998337.610,latency_s,0.020969
1756998337.615,latency_s,0.021855
1756998337.636,latency_s,0.042804
1756998337.636,latency_s,0.043070
1756998337.636,latency_s,0.038771
